51600275
3488390788
1361709761
3965573082
2032678943
2827458976
2530341677
252423510
1478981483
3709999228
884083801
3535830162
2411980151
3273160472
1227031109
3800367502
2790723139
2260652404
1402093809
3689920586
2918006223
1694303120
1231942749
1730206918
3826352155
279619948
1674643593
813591298
1213833511
531308296
3522111861
3153662
900869363
466190436
1010877217
3948639418
3395972991
2471799168
3295609229
1528801334
2868933835
1165702748
3992965305
1699853682
1806502103
1181188856
2613173413
3002620014
2897196963
3072043860
234393937
4035448106
3042626863
1829604208
2370312893
2212433830
434066811
2776809292
778134761
67197922
3084459143
2695668456
3664649173
2928979422
362458707
3229897284
2285677441
3608969626
4030289631
2271652192
1378631661
200676118
2220433963
2456831036
3570976025
1830051410
3719879735
1805221592
42395397
1887182670
964563203
3482481972
1464865201
276812298
1195445391
3277783888
437154077
532394630
3570981595
2511521068
369684809
1053932738
820463591
2819430088
4183768629
2951064766
1344593843
2610238500
1144374241
64552570
