2864986947
2771917428
1406203377
2285693258
4166957775
2576243856
2403694941
3473972678
2334412059
256709228
1223056777
2675031042
3321544231
2271713288
4290203253
2937585662
1948162547
532220260
1090566177
2444813754
2167352447
3013624448
2017183373
1342417206
200966603
408674140
2814272953
1348290162
537486807
1361460216
908542373
3445389678
569074851
1460761684
3163145809
3590700586
3124939311
3500369008
2170167229
2479313062
3415253627
3576801356
202979817
1379216610
3200301447
2549980136
4257267925
2223312606
846568275
2534431556
435101825
3301601946
3642004447
2849423968
752059629
2297598998
294760235
192769340
970578457
159412050
2264643895
1024243672
521587717
2517155918
3804773891
1531231796
2574501553
1399718666
1574930831
1144609872
1436218909
534541190
3160975323
2829987372
2040743497
411438530
5596391
3845296072
3548144437
4246638014
3735964851
1056808228
2551888097
1830252410
3281955647
3767153216
1600353101
3130781430
4047539339
2985487132
3369631353
3477932082
86555799
3910017976
4110714469
1589475118
4038248291
3981047828
3215390481
1655551978
806156527
3947381808
1721760893
2634548838
3422838075
876258316
161252009
2610716322
1922089031
1157526440
780285333
2040298654
2988486163
284741380
916160833
1524096090
598045343
3971125792
1887670701
1555544534
257890795
875845884
852644569
2029719826
3630723063
2300739480
730362053
2519899662
990052547
1150886388
3493549937
3254574282
698554447
2026380304
2600547037
1359087942
3569074843
2655980012
2149379849
1622155138
692767655
3378071432
3362404341
4139178878
3525623667
41545956
1015642529
3125000506
2281761279
524804608
1288429581
50197686
1011177291
918140636
2715768633
3116534258
1788007255
2369899384
1111132965
1193293038
2635131427
2494184404
944302033
2341695914
4017743791
1538319344
1700174141
2642574374
484890619
2304991180
3980168041
3371782242
1683719943
3225095016
1724672597
220572254
1343389907
83428036
3170673153
328402458
730403167
2235703776
1825857133
1562812310
3024831659
3657106620
2350353305
551252690
1367336631
2707687256
3300054405
406731726
3727983491
217400756
820488241
900298378
3530123023
3204094928
3292016541
4284166
1457364315
334472620
2903726025
296743234
2409296487
3013328712
3678457013
4053854526
692187699
99484836
2534210145
1258144506
4111853759
3885584832
3577023693
921287286
533258763
3127919260
3012751353
427674546
1325902359
2910925624
1250512869
1279570606
2982530275
3639754644
3207567505
2457267050
3477706351
2308785072
1111356925
318157286
2700612283
3630947212
1740198953
1410073122
1122045383
1769169704
56581909
1960876062
1191908243
4006672004
1976730305
2696671194
2004840479
3410325920
377875245
2013218134
2467704683
4036063356
644449369
3940652178
1359093111
3583069976
2002123333
3253442958
3072116291
538519924
3023616241
3493056586
2398254543
1586551696
4127190109
2337961158
2240690203
3981443436
289833097
2235925250
1107679527
3820615432
3368034677
60602110
2126898419
2769934436
3496295201
2969930938
4053641087
1899921792
1298069901
606027830
2391485643
282496604
1051936953
3091123570
1900495063
2039241464
4205892773
4092260462
2039574435
98698068
2904230225
2031625514
1715209519
2630706032
2182484669
992257958
4210560379
3843299148
3922910441
1989440482
2095142023
1617394408
553325525
2794276318
2445960787
172010052
3923583873
1947376026
1313378015
3598483808
576206829
1526835990
4269791787
733453372
2726837529
2160948818
4121891895
896161496
2419187461
4177180494
1887160579
2848247092
317622705
1935403530
1442727055
1598741328
353921309
269306502
1670222555
3459259692
2104912201
3576747202
256606183
1500769992
229127733
40518846
762353587
4223495204
3511827425
1041962618
609756735
3019338048
3389630029
1482589686
994850699
3450640924
1140875641
533040946
1343330199
3777184440
4285602149
2211638830
4281586275
658081556
449526289
20389610
185676783
2097234736
1772023677
332160358
2376517691
857477900
2756257193
710059426
1092377415
2228703912
2623506581
1475064734
3943725331
1393040900
1641841729
3210150746
3064229279
2124894496
84624557
1944965334
155731179
4281174012
1630778841
1281300498
507955959
2427395736
470188997
3811284238
1964084163
2511876340
3318291057
3236021194
3729576783
2296945424
3326191069
1813635142
3013324187
441448684
2187530761
3677480578
2251024039
3565790856
3870886645
2211025534
1342311027
3851993060
1116994721
67002426
4093994239
1736712448
536154893
560434102
2563506763
1152542172
2218408505
2580680946
707178071
2483415672
3314163237
29141998
225244451
146328276
3774884561
2895370410
3565757103
3522749168
4254633021
1521341222
2076459771
105107148
2279353961
688297826
2119311879
1988291176
307019093
4273725790
3449637843
2229752260
3868239105
1950952730
2001931359
1535500512
4083093869
4035163798
2251255723
2662544316
2200694425
2002155986
1770602935
1998562904
3885230213
1715352270
4020113027
2410894516
92826417
444947850
2661163535
1663703760
1849402013
1027618310
4168648795
4117730476
1892448969
822655042
4117171559
3569032776
1353883573
3715801150
3241819443
4268479396
2364177761
3564071418
2271568831
61116608
3823189965
2365215094
3653930251
2309484956
2149634809
807686834
4266034455
32789048
2042356453
862464430
788322275
908054164
2558122897
3169735274
2573455727
57950896
46328061
2374568166
2819653051
1649101452
1162606377
3966781730
3812796615
2502574632
3749884437
3502100254
1949359763
463357316
1085900225
1151932122
387214111
3302502560
3792936493
3196279894
133519979
4261977980
3912296281
3950222226
909539447
947645976
2140802373
670208142
3403764035
58079348
3404495857
2718349130
3451007183
902781584
835084125
3779087302
1961108251
1129246828
1500685193
812993026
1807545383
2580043272
139785333
624782846
467218419
2717296484
3642080801
1093546938
3308790399
3222847616
1787702413
1758910262
4043823051
1884110172
2020879289
2893829234
2335251415
1521383928
147220389
2660591470
2929949347
4214133332
2583186513
872844330
4032905263
959668848
4259186109
3927834278
3041622139
183666252
1297645545
2924460770
3735940999
9263592
549545685
3283188958
3649778003
1391262020
4179043969
2721497242
3702032863
3529392224
2246634221
2343354902
3780773163
3505244988
872587289
1383497042
2735632183
3833853400
819524101
2382933582
2979746819
482401332
3467988145
958779658
1648951183
144202320
4121025565
1977229702
731807195
2813201452
219515977
4080507842
3085802215
594628040
2321549621
819067838
3130974899
3958979364
265666273
2616900986
1413325119
2493558848
3367754061
1119689974
2437145227
2355251484
1844724857
2560235058
1336308375
2381603256
527019109
2298766638
2535513443
1671763476
4265311505
3550250474
809594607
1526088240
866771581
1848423526
104149819
2214167052
3502360745
1751444642
2673079879
2557227432
2999507861
2371283614
3094103059
647195908
1483310913
3199347290
3469699231
1540886560
1402927021
3317688278
622686187
2334308092
3294697689
371138322
2396071415
1257749912
135304901
3191901198
244061891
3344121844
2309152113
2174921418
321031759
2739214864
1586370781
3637360454
3748108443
2253187052
477443337
1393536386
1756955047
829818248
328457717
2516076926
3091944819
3090386660
3656023969
4136961850
2603999231
956063744
3542763021
1751982774
759082315
833033436
560012601
1044223986
2321975639
1267075448
711307557
4168426222
3006595107
994269652
2651024849
493895594
1875140015
276619760
2833678141
3614779942
3180178939
287325644
3225932137
3564101218
334806279
4236691816
844697685
2741901406
2341738195
1381081284
1735436289
2346406938
3024684895
4177895392
2146813037
2591870358
2784991915
1617388220
3138146713
1613594834
2554240183
4220994904
3523279749
2656709070
208902531
2934793140
880094769
3711779978
1459543311
2375391696
3511358877
2816150790
318731099
48989100
3629227465
3921510210
3437176935
1133935944
2695918261
2859489086
4020144179
2724569764
2685665377
582815994
3235962559
619433920
513372877
3886475382
4156045323
1943773340
326809081
2804341170
976314391
52654392
1450866149
2997330094
2376065763
231300500
303046289
1396816234
2242514031
3246866864
575921149
2746703846
3189041339
3055991180
3433732649
1815121954
3947905991
2359107880
4231136533
1001850398
2378344851
1374131332
4008478913
3144826330
332752415
27717536
4289548589
4154684246
4139812203
1148964476
4173613657
442606226
504812407
1176669464
459939909
3558180750
2517752899
1062160244
3354148593
1840619082
1688071119
256498064
1922617949
1086464710
153488923
21618540
1365952137
285282562
4078964519
2576528648
4000696181
2214208766
4216879859
105870948
2333229345
2989677242
2885590399
2418999168
4291387277
2385145398
3815801547
650112092
2231439033
2635455346
499578583
3834419448
2422733477
1029430894
1898022307
653730132
3005321041
1993405226
145914671
2513789296
615643325
280188326
2861228923
919401804
1722426089
1768358370
2485553799
1752119528
756267477
1274131422
3115842643
1628784708
2006788481
3208046490
875857119
2373713760
2273680877
2331236630
1780494379
3944741436
508101401
4001072210
1058654775
978949336
822871301
3308430670
1445388035
2755193652
4240969649
348895242
851425935
807524688
657936157
3242391686
3298519259
623377196
1484828489
3801768642
2856039911
858434760
2040781877
4166365886
909716915
4289792548
2208645601
4139148410
55516223
1921380160
2340031565
3921130486
2737278347
3725850652
1991518073
2848628018
3018280343
3749806264
2230206309
3729906734
1752819811
2458690836
2583150609
1239280874
1335732719
1965506864
4106278269
472451942
3853491771
382923020
3204869033
3318952866
1027051847
1874661544
2713595541
2313036190
3392409363
2073738244
1245874753
3370733914
472277919
1950666528
2352917165
3257794262
316578539
3356747260
2354740185
1178281490
3657924855
2818333848
531016133
2540798734
3077743043
3379187444
1271439473
1950323146
2015643983
3084753168
2481359837
119377478
136283035
3527792364
2119391241
944338050
2163350695
3491652744
2130358517
2638413950
3137380467
1783258596
848102049
34057786
764566271
2209390336
2523625741
1208924598
2845661259
3986146268
2840854585
386211570
995255383
2747410552
2697806885
2605292014
1047071523
474605780
2672996561
1311286954
1898682543
121430256
2537583165
2212004134
2453870843
2583211212
3330241641
993338722
3577960455
1111926888
4143014741
1799114590
972480979
1563946948
1872538369
3393813274
2456486495
1304518368
1117288301
3406947478
3283862955
253202876
1673049241
1264617426
2376071095
516613208
3019509381
814883022
3837076611
1520661172
3987599665
3989908362
2878052367
775755984
493258909
2953962502
1450335835
744714924
329433289
2882422338
3322102631
4029537352
4214900149
3363966526
1684984627
3789255076
9012065
2783361018
1367890367
997134016
3042813389
3069149046
697426699
1762348956
2644547833
4001718450
2999466775
2702086200
281348325
973281198
2108616163
1341058196
1542611345
3312525418
1142703983
3017162928
3505442557
3313612518
2466599867
3288213644
768949545
1129109282
185196231
1070333992
2305644565
634141982
1136686227
2175591300
2959838145
1964467418
499278111
1907469984
2673017901
2472512086
259502187
3018521980
2233707865
3886786962
3097702007
4001704984
2059809605
911507086
3366872899
3282327156
3677880817
2738914634
62236367
3674232976
3900130653
434108870
4065589531
390123116
690940297
2531842050
2284792359
3541636104
2871171701
2412960766
3443770867
3257156964
375047201
1947435450
1441863807
3514908288
1024496269
68814134
365243851
607034204
2488922553
4195050098
3641233879
119977976
3247803813
1077826926
1896583331
2033954900
680972881
2977389098
1596962351
2729664624
647097277
518302886
2327203451
1487103052
1707591145
400181474
1296770439
2282559464
1978797269
2941119198
3796944723
616142660
2507091073
991104666
82608095
4157980256
1462653165
3369529366
1221745451
1783507260
2438686233
3302787922
2043749687
652948440
3234535429
242785358
236874243
808254004
3441873585
1984798474
2002941327
3320272976
3654861341
1648873350
3733214171
916318764
2411188809
324610498
2520109287
2023754696
192130869
3371526590
1346336947
652532004
1556137185
3192785786
3784087359
1034366528
1111768909
3176024822
553072779
2999035676
2386561657
3277268018
752101527
3318390712
1610535525
4089140014
591328099
2750428180
503317265
3556463594
421913839
3147055152
3705915517
2378261094
3692431675
3685244940
2669088425
2996664994
3402050631
4207538088
2571075989
3179370654
3496466963
1109265156
1734839617
1308391514
1319722655
3085798944
3739901357
3644331478
2190198251
2785088764
3911179993
1286810898
2951338999
2545744792
2462629061
3737025038
533015747
2348637684
1010459505
146307274
3176268879
3065124880
2521497309
1728668998
3720572571
3996829164
3623713545
4208933762
2128033703
2692924296
1491960821
162117502
136440691
3957140708
2088469921
2522240314
1528485375
933289472
2579016717
810307766
3186099019
1753510620
1276306233
2485691890
3974774615
2361018232
1489032997
1513754862
1594431011
2613868500
351138769
2931625386
2294207407
2788745200
4171654461
3487029286
2850325499
2429361100
3397588841
3444993122
1916662535
935495528
2417342037
3324413534
2294656211
2509913796
789884417
2677252634
3250126175
1236868576
1799826029
4064476054
2405691563
2596520124
2905675673
2834271954
4188885687
3501884248
3179225477
2363889614
677556099
2195030452
1630712881
3158381194
1279546127
891328464
2190343069
3320101638
1926318427
1641505196
1388307401
3879406914
2429771367
3397466952
2421168309
2813314366
3484098099
2899132580
3729458785
3454820090
3915109567
925781440
3626883277
1792284278
525831691
1496776348
1318222841
1983899570
403379735
3417681720
3634076645
964333230
2938763491
3968891796
2787157137
2205976426
2226815599
3395370928
1050264061
1659375078
3605118651
2077333388
2563498025
3787791906
4067391943
2662784808
3073682197
4278023198
1177173907
2599301764
3040251585
3784870874
3839581215
83389856
4043618093
28811606
35314539
1012280444
3192852569
3276910738
3051063671
564382488
3450750533
3199169934
313979459
2155177332
886031601
2997316682
1526292943
2297616272
3277961309
3701067974
3765298203
1966325100
280956041
841785090
3672786215
911962888
1851485557
3100087038
1100681459
3312784484
2867808033
4140837050
1930400639
1947172224
1382270349
983931958
939907275
1486441052
3598636217
861727090
1828105431
2994525944
3427737765
389860462
1583455139
3791404884
710415697
1408876842
2748903727
1338859376
863887037
2226258854
97368443
1618334540
2058447081
698978274
3122380935
1332147944
727474133
1573265886
55939667
2379867716
2190290817
2244687258
4275075807
23821664
618857453
3042314006
762349099
1048074300
3174680857
1167692370
53772343
2587415256
269888261
3654980430
2306995459
2963081524
1876006321
3450570250
3761320079
3119044432
1032205597
3370690182
693714651
3423590700
3803903305
4118016194
735833063
3822152392
1875870261
313598142
3098657715
1368696868
3408414689
1656861306
2666926655
3859049792
488272461
763421174
3132285835
4201338396
3835161977
1430235954
1785529239
818921144
3768280421
960547374
2003828323
2278540052
3126085137
3790912234
1020927983
507330352
470989693
854964582
2573759547
3262762764
2700325289
2663629218
4160931655
697487016
3377255573
2554367902
2064098579
1780308484
3755511873
3186335578
374888863
382881056
2074218669
2061380822
606400747
350897148
179388889
2575774738
3229103863
171547288
2440482757
69693710
4152604611
4279004404
2331518577
2936889290
2460729167
2411894544
2512089565
1754348614
273897883
3391861996
1500749321
181469826
308826791
2460164744
3513538293
1261203070
1336882803
753662948
3887466657
595655738
3553579263
1154292992
219275021
2435180470
438218315
2456625628
966641209
631778546
1328421463
4134430328
2185259557
2772862958
3306496291
2848655060
785725137
2938991786
1719537327
3715161840
4246231101
728968998
3027365627
3852307148
4233280105
4208178018
2598669831
3438962280
767953237
606911838
671119315
3950546372
3587748097
2075773210
4063426655
3706510560
704765293
2148536982
3103267755
4083937212
3346365081
3906639314
2355539383
23470680
512767109
592842446
2273065603
394498228
3204675377
3096246666
3911781903
2453673680
817983133
1498649094
404501595
2470924460
3316188873
201577538
3712973159
3264256584
2414996405
3086580798
3780340019
4080734116
1767410017
181274106
945508287
136940736
3070888909
1934929270
2299083019
878620060
1448107769
2924900018
435810583
1931005496
3724422885
554567086
3524330467
3551398548
547022737
4251184746
4152671599
4113055408
2605626621
3958007014
967453115
3449882252
1032749865
3080283426
1367413959
2573057576
3045588501
927640350
1157630611
2376827268
760058305
1895150298
421549855
2876976288
616720941
2997598294
2125071979
3451739004
3561386841
492025746
3317687415
3481168408
1143101765
3710282894
606829891
1707242612
78874609
199906122
443096271
153179792
861416285
4176455622
2205404955
186821740
941305737
1389127170
2605801511
3009008136
1746944117
1859668478
140401651
4318052
2026883617
2858995642
3009023615
1742322816
1875048589
2714579766
4197614539
3019897180
2070919097
3104469106
2307950551
3599693304
3767841701
844579694
3911427747
1362677332
3898955857
3461883946
2259561519
2367905392
2071318973
2988137126
3419481211
1044660812
3580300265
248829666
2325240711
2927416808
2102571733
3344586974
3435552083
2356557124
1861694081
257907866
3521148383
2587704416
547600109
3228638742
3355095339
1470007100
3521391641
3769801042
2336480055
2218947032
1324170757
2539162190
2018607107
361306164
348674225
2330291466
489417615
4230370896
2185209885
1696955782
1427778011
3581790252
2173311049
4176132034
456001255
1690225096
3602339125
1166596030
529534643
1874884388
4275817185
1410423162
3951791423
1537059904
1274848589
2857335030
542805643
2769356060
2847658105
3481547314
481418903
277929400
918812773
518144302
353175907
774590996
2666826001
3821674986
1790597871
2367831600
3796741757
2076577894
3450265403
3142008332
4103885993
4198893730
1961517639
3960974760
1642473365
2317076126
2048094227
3818432772
3818230593
2293679706
590566559
2163412000
2456142765
387990486
2812943339
80704252
554607833
2629253906
3149042167
4017240472
1269883589
2007787534
4004397763
311917556
1744955761
3611182794
2821814863
856626704
3258442973
2075464518
1338983579
1444455404
850772233
3625896322
3953487271
2524938632
410462709
3519751550
1101562227
494324452
2755431329
428319546
1202703359
2603965440
544674317
3667623606
1849776459
1532088540
2717165881
998487026
303953239
3504244088
1296825637
3966697198
546122787
910530004
487094737
3212434346
3127462319
2632244720
3566619453
111838758
1642813947
2288646604
2347654505
866974306
4281805063
4058924392
154709
4115592286
3349627603
1322441924
2481501185
3468423194
3554210655
4150041568
2932379757
3833145750
4034414251
152051388
3800423833
2065800402
4123789495
2697838936
120407941
1675757006
2986460547
145596340
924858929
1387585674
842647823
899388880
1476452765
3663620358
4132642651
2964537260
2623416777
2317916994
1534563431
3361470792
706723509
1767846718
1231533107
2770656932
3518106721
3431705850
4001811135
2657143744
2180136653
1081164918
380036107
3934411932
3839508985
113833394
1754582039
2268589368
1357693413
1623030958
2523139811
4115110292
4217449105
2737263978
1283127407
606813616
386902013
3498621926
1801360571
2842457484
1276978729
885632034
3627986887
532716840
3026669845
1051976222
4030846355
1239732356
1219531969
2469321178
1787908639
1429859232
1787567405
373018454
891629931
1478527612
4144617049
1706147474
2555395959
3893692696
237136965
28926862
2903246915
1670087540
2061716209
520698442
4060403663
1267455376
1750769245
3739320006
2338699803
3373112172
3477295753
1757949186
2036628263
974401800
3362853749
570753278
3515721459
1653256804
2952547617
4275926714
3335555455
2631924608
3308137357
2844838454
206253771
643999836
3006044857
4212389746
3738591959
1667044600
778454693
26065518
3243356579
3069271380
2461965137
2425524010
3081725743
1253399920
779732157
388018598
2361429883
3792613708
2783489769
928783842
1858139783
2504963304
2614429141
1544196062
4003670099
277775428
2326607233
1204781978
773615839
2991258464
2054187501
1512584470
3362839595
2780870204
4284124953
103260242
3254728247
3574075608
2907721989
3069346126
2324499203
1324427060
3960150961
503010314
3729958543
2090849616
3624213277
2801685638
298259675
1122481964
2619685705
2378006210
338436583
3949471944
1881876533
3514601150
886725043
1902659108
668683745
37552250
2001537087
2389896000
4276803661
2746879990
32389515
2729620508
229356409
2720315698
4087527831
1426980024
2457373541
346011694
2887128163
2265112852
4225813521
1232832746
1388746223
4165156144
1603576189
3627181926
684804667
3054546188
3390109609
891572130
4051565895
844663976
2467003029
51576222
2106276627
2660235268
2728302145
509472090
624578463
3863989024
1396012717
503208662
3172681451
1706074620
1547175897
3326296594
1368976631
929487000
4051105221
2840420110
3041185219
3063843572
56077425
4048235978
2917348687
2425853200
1270896605
276097606
1278685083
2181141228
2479088649
3536359554
3129903271
2618810504
1577975029
226876542
2383268979
2910689764
3792637601
3899279930
1723614975
718904064
65553677
2091718070
1783628875
3006431196
3038219321
1169898226
3854159959
202024056
3924004901
2679338478
561067811
826025172
260553937
1336033962
880837807
3566525680
2938125885
3514686758
1649460475
1764911308
2840985705
3890364770
1328923655
2526946408
919252821
2844601182
398069203
2947099588
2571417345
144316186
380300895
2299026144
698041197
2407415958
3856953771
3417329084
778191001
3485770706
3856491447
2666618968
2807454341
3196714190
1475563651
1179889332
4186504497
4206413706
3614868495
255005904
676091037
3104129030
3178629723
2853908140
115297481
3517538882
3142299495
3420674120
2396623285
736160318
3085434675
2995432868
1196920673
2200261626
3151906239
3922987712
1759932877
1110039414
2016448267
1805781916
707798265
4019682482
3017516823
4161997880
1634161893
1753805742
2887981539
1096624276
1718840721
3838229610
865940335
1198144688
3789331197
2160268006
469696443
4281590924
4101490985
3377853218
916998855
568294440
3822232597
2235111710
4159676563
3214548868
929011649
3091464410
2301512991
4063537824
4066496557
2624054870
3582745707
3414145404
1452882265
208389522
3716979319
1533519896
1538162501
2624084622
1566085955
1775276660
3344895473
1543774538
2446103247
1077040272
2456359261
4268709318
2823005467
2666826348
104297865
3827299330
623089191
3129643016
3209553525
1112389630
1294529011
3696197988
2155139105
1680743866
1567818879
52574848
2191875725
3253756214
508549579
2680248156
2914352569
1769569906
482885079
1223111672
3854817701
4108333422
2532031651
52816980
1499717201
178845226
3873219119
2021874800
2089400253
599918758
4170971771
1003823180
473321961
322921698
378900871
4091319272
3068352725
2346108638
418116435
170054468
95369345
2669390490
3280235487
966048352
1648958701
4068166678
3738371883
417260860
1973219865
637052754
1466339639
2089398232
1530881029
2829613134
1882494467
1289041460
630841009
4142742282
3550830991
727012432
1859554845
4268960646
257949659
72197676
1653366345
602686914
3335929063
1741522888
1814756149
646727102
2828051635
1183585572
1982255329
3712264058
4063920959
1854155328
1709509453
2311104246
258860171
3813696284
1080530553
1025589298
2671744151
3997637560
599334501
2323197742
3968540515
2186702868
18419473
2198401002
2768163055
1335901232
3286733949
3090857574
1525134651
2731940876
1364302505
3210647202
498964551
3965021096
2361183637
1931883678
896468499
2332247812
1291032897
4007728218
3429714591
921209376
3994102189
4286083542
343437803
663605500
3962399449
2250983698
841697271
3524753304
2999519429
151672334
4215756995
3676412404
2365157233
1832129738
1405153359
2556171280
1649724125
2530263366
3045792411
1038516716
2896037641
1791907714
790864807
2473344904
3526414325
1851560830
3839825779
3439356132
3509424545
2683194
3774136831
3820608000
3882186765
3881479350
3192565579
2316250844
2735107897
3025060338
2046929751
2549269368
2282169125
789834990
2009154083
2326705108
911409105
3483806122
2227421103
1954601968
3166056765
4226626598
1705127931
2012665804
2223612777
2272495714
987782919
2869560168
35586645
2967954014
3359168723
4261116612
367835649
2572434970
1789454687
2179996128
3396990573
4045363094
1228709035
726432956
3674907545
1455663826
211467959
3956342616
789278085
2739794894
693164931
3228941748
910016561
546877066
2296332047
252089296
3517171613
1699223302
495252827
1870601644
892104649
1384524098
2899036775
3173431112
3995034805
1870569790
3704900147
191659172
4199092833
2660956922
1348583615
3666037184
2615583949
3900600950
1571174923
2814229148
1448216569
3636593586
2882437655
3047828280
1064167397
2825939630
3276678371
2817439636
2446438545
843195242
1558933103
1323645872
733318653
1821993446
4220218043
3203879820
1721658409
3846060578
482207175
2411354920
1942615829
2061127710
201943955
3737874052
693803713
1345660890
620185631
1919642016
3963847469
3039821142
266307435
400222332
586456153
2172767378
1165292919
427181848
1556517445
489902478
3843104323
1754374516
438751473
853215306
2847952335
3608466320
3783492701
3348704454
2316144667
2094496108
217553033
886291202
1317974311
616361736
2092349813
1068658430
724581619
1569738852
439964449
1247462586
658603903
2325772672
3626537357
1525413942
3762324683
270272092
2601148601
1950025074
4083554519
1999459064
917335205
2085529710
435275683
634813268
1817518417
2895863082
3291864367
109927280
2510662333
1207918502
3210962299
999788364
1750070505
310291426
840313991
3123081960
4269648853
3334405598
4221615699
1764958788
268254081
2235814298
1108895455
538605920
137220077
4184498966
3139514923
2700678204
1688950041
2955259474
4219071543
1791446744
2293921541
3699011406
3645382915
4281681204
4050952625
2243633674
2904824975
4165391184
1991508253
3682861702
4259637979
162501932
79659337
729222338
3811334119
3387877064
4206284341
3031956670
716369843
3744195620
431903713
1428704890
206831167
3956369728
2968206925
3429055990
4175007627
1458180636
1911519609
276416306
3481825175
3426499256
444969317
4033783342
2255235683
270925588
3734852113
7493354
291703791
2201566000
1061586813
2346653030
334110779
1905756940
3126738345
150265250
2846438215
168708776
2130321557
1247112094
1371459859
2566034948
311729217
1782594394
3368830367
1656572192
2465782957
730761430
1572969707
979828732
15650265
1282363410
225026807
2944669336
3215399877
115559694
1890968515
1881188596
887566961
3136879562
1238018895
979145488
905264605
2127075398
1003160987
2043113708
2906925577
271588994
4184129191
1820106376
2766119669
1682918014
4129055347
1811888100
2711098529
3502479418
1717124351
3050707200
4209945357
2326021046
439441995
3488079324
2613137977
4148054258
2130019927
1687609976
1471591973
177234926
3548204323
849167060
3244966609
2944864426
1530067631
1823005424
760751165
4126706470
467639035
2763474636
1300842089
2187382626
1916205575
523362920
2449429845
2069731678
2300814291
701090244
971029761
4041893146
2144527455
3524516064
3244599661
2036100758
3397437355
400862140
410977945
2149495250
436476343
2003607128
3461120133
2184047310
3592054403
1729350836
490636081
877958538
