856449787
833449676
1912163945
3342940002
2198618631
4239821416
346807637
609255774
2380884947
3179606468
877774081
2044185882
860957791
1210941664
1638019437
1756124822
1879019435
2332349372
2836467353
3468237266
3310051767
2562410072
1044056197
2205864654
863121027
2788750516
135367473
4265344394
2460238351
1480178384
3116810909
2719012358
3603998811
2091463852
3833174729
731076674
2318478695
197049928
765575093
2086617150
2325110067
215577508
2520489313
3226339834
3581117375
3139186880
2125750221
2826105206
4004162827
97096092
3549819641
936833714
773367063
1214247480
2398290661
1576323502
4292933603
3598020244
2056453009
1526002282
3816419695
3075728048
3739093245
2846468326
3044580795
2908023436
2324240169
3947555106
2417805511
1694360104
1593954837
284323614
1318911635
1742464388
1301980609
3201808090
2134018847
790614176
1903607341
2773220438
1340439147
1912225660
2989885273
1266039698
3256391799
2344062488
459353413
2278502542
819294531
2510018676
3566574577
2724026186
4124594383
2424240784
1718714205
3702582214
3109831451
3123220588
3091186569
3684690434
3097957415
3932943880
4066645109
784469502
257249267
2483308388
830922273
4054635450
3479585407
3308281984
3061927053
1122989878
1946679243
1141824860
4278799289
214889586
4213390295
2730105336
4078798757
1539442542
2980551331
3877909076
322006097
1051536426
2123849775
582156912
1394156989
3974012582
953391227
362554956
230006761
2915719906
1403522951
3120626152
1029736149
3196460254
3994505555
1389009220
3843573377
822435994
283552223
1514528864
1449921261
2165662230
2808751403
1820289852
3223830553
1528372562
2131791671
157259224
834671109
3498397262
1504670723
3397811252
4286475441
4129059082
3733921679
1760033360
862780445
2817180038
4130774491
2921835564
1996663881
4009900994
3707222759
766832072
2710513973
1157012414
4164616883
1638325028
3613843169
2971229562
982237503
2270711872
3855546701
2071313654
2724463243
1472456988
1202283641
4052530738
532189847
2006974904
4276145253
2026964270
3963944291
993703444
781491473
3940754922
580357871
437641776
570753661
4153234534
534598459
3997377036
742320297
142576802
4235073095
3682587048
2357722005
3804990110
655909907
2047937796
1133160257
35703386
4012738719
2707402784
2235701165
1774749654
2303561707
3998504700
866531545
1734459154
3673376247
3782434200
2383918789
2203921422
415250115
817422324
25951601
2604223178
59289167
2838805008
3313055965
3783153478
1344256155
3160836076
2978108681
1064979842
2246255015
2505680264
2011364853
1421666686
1611101555
1367420644
815505313
273917754
2107899903
3109289984
3780994573
2680537782
3967733067
2494084316
1849048377
802174962
3667437911
1993451896
519885093
3135357678
2054758435
2658728404
2776403409
3780566954
3862592943
1161593328
1348575037
2272643622
2371210747
2064244172
3605328233
3039460962
2033114375
1765435752
3912773717
4085430366
1952462547
2574205124
1907476481
602534938
3771148127
2620211168
850977901
2368040342
3360668331
725156540
762409369
2584748242
1954593975
2746410328
4247264133
2249640398
2563225987
1945306036
327044657
4084458634
3682925839
3643095504
2169910685
657173766
1238864731
145040300
3095313865
1724391234
36259943
2702843208
1914671797
3017078590
561686579
4283646628
2783256673
3776688378
3211722431
3538120640
1038914253
3181348982
2232965131
243089564
4084192761
3512302002
713261079
269422904
2150733285
3887349934
3875799779
2627665300
279527057
1674074474
2688560239
199680432
2733571069
441974758
1677527227
3216005516
3194468905
764096546
2024432583
3270557992
2956010773
644589086
279890323
749024388
944613569
1210113498
1819510303
2725154720
1401975085
3639350102
4147160427
384659068
2387176025
3705946770
2860053367
2682137880
196165701
2121410446
3297115203
4294240116
773152497
546061898
2638482383
1081702800
2344874589
3602039494
639512091
1990426476
2629297801
3198923010
1619668775
2427868424
1292167029
2013185278
3612646131
3336377956
1610834209
3039918778
3870080383
197566336
1346142093
2730692150
1592828619
2567015516
404106937
2682813298
3459847895
1930967288
255793829
2231926382
2091230627
2171388244
3369774929
1945604906
3882392367
2513764720
2657949885
3992188326
1184039803
2146866508
1401373417
2875302370
1772137095
140695784
4264745429
1900434398
4140047443
1869801540
538855809
3766847386
3639780575
3420692320
2626207213
4208752918
1756385323
1697749564
4142801689
3651019858
2610686519
3853858008
108209413
3526313294
1186660099
8293172
168898481
71456778
1065736847
3874584912
3380768541
231970950
3887302875
2854329132
787337033
1625621186
1875236327
1676561608
2236808245
1996116670
3696577971
3286149668
1203134945
3730113658
2585607231
1539149632
755838029
3706737654
751283595
3354761244
3706275705
624770354
1148808599
2410487992
2028298085
3634265134
1176373347
1487029524
3872448529
3550776554
309578223
3402031408
2275145085
633702
2547498555
1067225356
3338898345
678286242
2060562759
424718504
2952613525
2312290718
3781177107
1570266116
1910745665
517468506
755270559
4031541024
2187446957
1622580950
797883115
2311423484
3357514713
4194158098
648650999
1157102744
4197304773
2802721550
2317795779
1632628468
540131441
1079390666
2030725455
2488088848
3746671581
2857250374
1364698011
115308268
4292900873
657724546
3197910183
3665953928
1472844021
1183293566
1262272627
3524787684
96346785
1850101306
1082161919
2055749376
2837354765
3118946742
1633515595
4011418588
44638265
2870460146
3422848087
361613432
702833701
3895867886
237841187
3992946900
1129042129
76498602
941734063
1383891184
1664848445
240722214
2055944443
1113738444
161256553
1584383330
2600302599
2507819112
1649443669
3855675230
1262682579
3000340420
912116481
4107803418
795419231
2808676064
970692461
943359126
512484779
3093901756
580768921
1740842962
3932297143
1298564184
3013684869
3805200590
3112780931
3458798260
2838958385
914869130
3230775311
3494688976
837920925
1239581702
3855253083
2963083948
1615847625
2874730050
2613928807
1949400136
3240715701
1013362238
4274713395
2370376100
47883105
918902778
9861567
3756437184
1496368589
1198006134
796001035
573370268
169195769
993525938
1671060247
1954164792
1325148389
2039461806
1603472867
3443821716
1997242769
1215807594
791832431
2494947504
4127977213
2527221478
3513611195
2349320332
3423755561
3341252386
2028207815
3701448744
1911322645
3137395998
1865192595
3941237636
910994369
340133082
1725989151
1224298144
3082167341
1864903254
3362246763
3839663484
3878210905
212748690
1166364279
1321258008
3213710149
724639374
3215099715
2999580276
2648777201
144123210
1289471695
3803183248
3861013853
1246796230
3888912667
2333765228
1627130249
1192458242
370756135
1891415048
2117188213
1851227134
2445272563
1362224484
1741415457
3381797306
3240048767
3281575552
2449715853
1395828022
2311409099
888159068
871305657
2673738354
3388666327
3694286840
3572280741
308999534
2232397987
1110528084
3671061073
2703096362
2389038639
3107127408
3301772221
3601157286
1061056123
3763143756
2133124585
2622810338
2202355079
243316712
4220595413
4280453854
1205659475
1100429124
4201663617
4007767706
439001055
3971833440
2964418797
3007287318
2145549099
3269445948
3061876249
2457807698
1456686391
1489425368
1790064645
3858054222
1194494467
988977716
3069178545
2554609418
346592655
3543595088
3768836637
3378016134
1511814107
974621228
3534025289
337889730
4232048871
3487804360
195219253
2988050878
1591449779
965900580
491906273
2020387706
685422399
492752448
1750556493
1795615478
588732555
3139651356
2163550841
1632224306
2112243863
1014382520
1752560229
4169659182
2304971619
1485165588
2270765841
3493983210
2893808879
2813583408
339667069
3424780902
649996603
3270639628
1402220201
3619166882
3907079239
182292392
3690897813
1744173214
2417228307
2996546308
3414732097
3060471898
1342668447
1786064416
2576186797
1916843478
1471931883
3325211900
4049927897
1660275986
4245421047
993565592
3251625157
953883150
3136900291
1382219252
1831043953
2270107850
3468174415
1772206096
3325435613
2763654470
4286287515
559179244
1175100169
3964263298
3707852711
1365664648
2788991989
2641254270
2162035571
573230308
3425478049
1427436858
2659775999
2767748608
2968243213
3701797046
1848124235
143004380
2984772409
3401270770
3189530455
1158014840
1985476389
833007854
927807011
3691124692
1432818641
1470344618
2687824815
133726192
3911288125
886601766
2863440891
2008464332
975189865
856755298
2558006023
1903568744
2952058453
1799038558
3264335059
4189576900
2991967745
1554137626
3476495711
1507900896
2802469485
3656096662
582226091
580214972
3096852377
2815569618
3606016695
2245403480
2443592069
161658830
1169608579
2765824436
4181447729
930591370
4056576783
766523344
4221115293
2050317062
1521051995
1687224748
200082377
1766174018
119373415
1963252552
1254045877
2249483582
3532078643
2797265060
3709609569
826998522
1223292095
3525701056
8452301
3050092150
2646060555
819502748
1200069625
3849488306
2304587287
1705070392
726842341
2206674606
428742883
1483086740
3719939217
2030249834
1079026287
1103159216
137683453
2391322086
2915688123
39532428
3817406505
673168930
1086953927
2718596904
3560164117
1051857950
437673875
2460734084
2006429377
2470915034
511278111
314576288
3454523181
3623895382
1938488171
3418868860
3973328985
1255428242
1128114551
2287954712
1727358533
4262204814
3526038083
2652570996
1408820465
3397258314
3030352335
1730312080
2777471069
2810867910
2925921307
3884801388
889990281
3839311618
2304009511
2055148296
3052047733
2177643262
4002885875
587379812
2027972385
2664351930
247313279
3701939584
2882987405
3292412982
2760243403
131787356
2190734521
2066712946
2657668311
3456661240
1948663973
1944677486
2061876131
426893140
2031170897
908091690
596578607
2093809520
4130930365
385000358
3537230203
647983948
3230566633
4037292002
1351999623
3160053480
1702592469
3625632222
2439098963
3107423812
2752401281
3424245146
2223938271
2899516768
3269862381
440313622
2634065451
1971976252
786360601
4122751570
1622581303
1385460440
2390575877
2077700942
185996547
1776462132
907720113
572663306
234311823
498628432
2832291101
1249461894
4252065499
1309243692
2452100425
2025754818
845548519
1637157576
1686020661
1716895934
802022323
2999076900
2285463521
4016067194
2529440319
3158052160
3350041165
2511962614
894632843
558691868
1674382713
364006194
2080318359
1845190328
4254238053
1217227310
1712594531
719676180
1076717073
1354455786
2695905263
2698829616
4159560573
3419822438
2089849915
1749249804
32559529
2254332322
4137477959
2686873256
1082913941
3979685790
3811820819
1763375620
2155458625
953827162
137787807
4292472096
4207227053
241618134
2983530731
2476467196
3749077465
306828306
236607223
3023387288
352186309
2831421710
1530386371
4092726516
409028209
3760455626
3029458767
422721296
2854654429
1086446662
176912795
4224013548
3019947529
4273709698
2433905319
3926311560
2470147829
3379629694
2968213107
834247652
3018270881
884972602
1203597567
681884928
683998989
2013169590
3269381707
3505308124
2884822585
4273655026
1625307735
4114220664
878152229
120793070
2782478627
1484826324
198072017
1251218602
3463720623
1437630192
303265853
1794363174
3451522811
185019084
2557467241
2735625058
564047367
3979216488
35989845
4089535838
2320275411
1578511812
362402049
3410520346
1882265695
2744417504
2856648045
3795366550
2227714987
1505595324
526031513
3393009106
3928542647
1023525464
3342292101
1787997902
3981466243
3892916404
864851761
1715706250
523185679
3780097744
239898269
673460742
1484018779
343994540
3948291785
277771330
4095318375
2475965000
1054935989
14556222
1286572339
1000910756
1688840545
1085056506
1214869439
2577476800
1675439053
2026720630
2145999115
713051548
3687153401
1074335410
1271664919
3548671544
1161121509
1973069230
3304399843
771992212
1957955473
1701482090
2207964527
50847408
157930749
1913324774
2836548027
313173644
885760809
3228828962
2153460935
53567016
117906965
561990430
3245091475
334045572
741257665
891572954
1128167199
4022520992
3324348973
2205440086
2828674667
3148807036
3477836633
123099026
1403126903
1018825240
837384517
1728253070
2887753027
2984776820
2153555953
3594580810
2223979727
3184588432
4194519901
1583368134
703328027
2080132204
1223184265
133629442
1782284327
2650632712
607084661
576514558
2648341491
743408484
3275811361
2766630842
2139631231
1190222976
3451263117
1709560630
1597154251
29464924
872732601
2740785266
4219643863
949655032
485217189
428073838
237487779
4147015252
3550378065
2734606378
1457802287
3500342896
1655763389
517733030
2975417467
1122886220
1204038633
407860962
2173860743
32536040
1811010261
1815017694
2203221331
3327382852
1291342465
3895327898
3357447647
4230274144
52877037
2681847318
1879757099
1831872316
2416528409
1934965074
1766193975
3273527768
2715049477
64301646
1113956355
2102310964
3079764145
299633930
3681684367
3061184080
1376438301
20323718
2175945179
3589761068
2641836105
4273297346
3258459879
151153096
3219551541
61700030
4281085619
527308580
3094145761
3006265722
2480516415
676678720
2064631117
3439859958
326807179
3933381916
3044077689
2994131506
4005822103
339508664
1748703333
950985006
2352032099
3217093140
1095608593
3306209770
2668657391
2789334576
1655230077
1864806502
1229913915
529587724
35222697
2757798050
1409581639
3375058344
228935573
2307942046
2327810067
1897285892
3233198913
371549786
93418655
2692394016
3590906797
2770920406
3990502379
3791721212
3260269785
2012863250
164934135
2683165080
599261893
1724450830
451044035
905780212
1374357873
3134514890
3667368527
2466166288
3139634397
3999642438
579298459
2251441132
2042814729
3465111938
2328858023
2489524616
1321617909
982500734
2338627955
4039404260
3974998945
2101756730
3961383935
4119657472
1084895757
4227079862
260143435
944992476
550095161
3071693810
1682969943
371860856
2481134885
3638271726
164711459
1400583636
2525075921
1298168746
1927244207
732200432
236022589
548087334
2478012923
3964901836
1418427753
510106210
3866183943
4171359592
2296478805
4016280670
1383293651
3488644292
2418660353
2966065178
3260486495
1954823136
1938534509
3240216982
4106774187
1306640060
2263547289
1057242322
3557697719
1659461976
2220124037
1973331406
1616242051
2276671412
2284411441
854294666
4173326607
3677042128
2584478109
3283028230
2401976155
2959925164
780880329
288570178
314684519
3219102024
3448692405
482595646
490984499
1007845028
3380816993
3572124922
2937383615
643328960
3007667917
6939766
2248606731
4280548508
4140786169
3137050034
1525083159
2921565496
3433292261
3217693870
298331875
1042102676
1811565201
2108552554
2836469871
3364543920
699058173
2972277734
1934013627
2901808524
4024059433
2378786
3885551559
4027858216
979792149
3546841630
355333523
1587703940
2215752897
1776122330
2234479135
3489762208
3496951085
3783552854
395661675
2761042556
3197040217
2989776530
649224055
1540401432
1349094469
3591766926
4253034563
3727762292
1393322737
2615138890
1823143887
3602609552
327532125
3738312390
173922843
946289516
3432018569
544394498
1758370599
3409432840
4177539957
3221856510
1334429427
1561875044
1995271457
1272714938
3279858047
4067924864
664882061
2821286454
1774931659
312756316
2017573561
2280036210
2437448407
199800056
4282214053
1933204078
4006990243
3412524372
444054353
1471754026
3630532399
2763324784
976544957
1583436198
2328407931
624447820
1153814249
2203500002
3325761159
3477230824
1056187861
727658462
3450816595
1491870788
623793537
3005096858
2497351903
3400702816
2708703725
3021002006
2835414059
2580698684
167751449
2068463698
545347127
2590224600
3568791813
3991871822
2636196611
1698088756
1800682417
3614569482
756598415
2372891984
206584605
1569649798
2531210459
3252770604
613571401
369630914
1538671079
3056322760
1306150965
4196478654
2096527795
1872094756
3723259361
870031482
3491440703
1370131264
2994600013
2163388406
1838045579
110384156
2782974841
2811713842
2251610519
523869368
3631197029
955013166
2881107043
119046420
3132746769
2638358762
1469887983
2816662832
2221916541
638781286
1022978619
3638185228
2215516073
2713644962
2971147591
1978412200
1934269077
2902957470
917986067
3129841668
3158292033
3192687962
4162351007
1012362016
1532532397
2793863894
3150669547
2707571196
3388811225
67494418
2688224503
3999430808
503190981
3806985998
2851663299
142879476
1237372017
2271333834
4039726415
3339138320
690714589
497388102
4151267227
2962961132
3343975433
3417518210
2050533543
1081835656
148708597
1623882878
3226070131
1330330084
2806001313
2661870138
1001023231
4222696192
681272589
3632641462
68166731
783556572
1080863801
1674435314
2020339799
2547401848
3304763429
379590126
322262819
3169961172
629202129
3490243242
1031185583
2043968752
219897405
3321789734
2895701243
194775244
2658345065
354214242
2532303879
2211562600
1948897109
3458321246
3406179795
1061604292
1376114433
2099820314
1974013535
3165649632
853435245
3869696150
582259115
4009881020
524771481
1982284754
1151304631
3884777560
4177361541
2596707534
1321693315
1943621300
655498545
225404810
779920399
188921040
3470226589
3168133126
2932746843
676646572
93088969
3677618754
320196455
3924228168
650686901
1237682750
4098105139
2549632420
1000910689
1577317370
753690047
1749789376
515477965
3164765046
1611706123
2663623580
3366274297
3326745778
1722664727
3850284088
4053693669
3524629422
2953263587
2024982676
4086074769
835542122
1622365039
2185878704
2566372093
3152261862
3160874939
3242034316
1152706857
1462801186
646081223
1488133160
2656158741
3295525150
3311124627
1658306436
2940254145
2708644058
2488036639
2742831776
482668589
1647347286
1887206507
1987139964
3936246105
3144574354
1819196023
3584247832
4067794757
3141859982
1984738115
318124660
4228394481
2337980746
485667535
2715939984
571748701
2564814278
4290495771
214837868
4026832265
2655687682
890091047
4063113224
1683818101
3402782718
3013939699
2774344036
3286626337
61652410
2325816447
3476675200
3919085197
4211671350
1951398347
713226076
2135596473
2563513970
263871959
938660856
1260059045
4044149102
3438271651
2249952340
2107440721
3293550122
1477624367
3909287024
2898581437
1166190758
254024315
3179200588
3885199849
2713322722
3465523591
340800488
243431637
2242602718
544740179
1627419460
1555060865
2632600218
2596441055
142367328
3452714221
3336825878
4158859051
3950019900
3435270681
2107328338
912830775
3362082776
1462141957
2854557774
3410540035
295360052
2170748593
3806583562
3001778575
2460283984
128036381
3481521030
3975684059
29836844
1467579977
783738306
2933939431
1494296520
1046092597
3115378110
1496106163
2470032676
683143393
3781379962
4220035903
675007040
2650286925
561596150
4086170763
1706165020
1696380537
1695801394
4065440919
2129836984
2117090917
3108359982
1957642083
4042002452
3698470673
1229950954
2052387055
2512378928
2369959037
1620794982
126866747
2216672268
3083778729
4000921250
3185031239
2523466664
2709253525
3348812958
2535138835
897640196
2736044353
2706355290
2412472991
3278907936
3132377517
2189496790
3416822251
3250548988
645040857
644737298
2169333751
2408781720
869279941
2368140814
3095099587
1535588852
803377009
3049960650
2804355151
2773201936
608168669
1048666438
960707227
1795170796
3433768713
1715009410
256754599
3729776520
4051693557
2887857022
4288362355
1028524260
316584353
149393722
3865240063
722565632
278435853
2108902582
1351274315
2752564956
987467577
1960927730
1295240023
1782473592
4154344229
813731054
1912955427
2229556180
3905691601
1116555690
3728334767
809532400
1060196669
3404583974
3362410491
1491105740
2787558249
4146997346
3810164487
2126357352
4093518421
4294705758
2751789267
2618890948
2335037953
2690833946
975636831
1813494240
406656621
3267884950
3196894379
756948156
409977753
3752217298
3957120695
3136069464
1429376389
1242207182
1755642755
2625330612
1078386737
1708084874
1885691663
1637233616
3702450077
2207823622
1734153563
1815657900
2690224073
3734030658
2769676903
27940680
2056160437
4158865726
2175822387
1062870180
3944362593
1274649338
1911546047
1333455296
3594110157
494342774
3188087307
4183775900
2168924153
3522470834
522232343
1771424568
3827632101
477956782
1337083107
3452196756
996855953
4056466282
1518440047
541383600
2270211581
37358054
879987387
1065415564
1666944041
899209762
3977774535
755890984
1657345813
1687089182
2180352915
277417604
3720067777
1273219034
546662431
1513294240
3676742445
1970838870
1666164587
558663804
2205793369
2466540690
3570865527
2586961688
1208857157
2257580430
3330620995
1077363060
2874142961
347187274
1164340687
256144272
1437508701
4236889286
3120934939
3912309100
3812931721
4051589890
2130235687
48271112
2521160053
2998341374
2049727731
4112380004
3660215073
1012491450
2230296447
3443005824
1134277005
3464796214
784377035
962438748
2032107705
1175299442
651704535
2897801976
813993125
50022510
1484122019
390863700
755908945
1489108266
2246835503
2374826864
3932211901
1145044902
4000023931
4223741772
1613567209
3816377314
1250970759
3239711464
178047957
3943931358
732749395
3465593412
595483521
361918874
2312537823
2776766816
3090214893
1213399830
212947499
1376433212
139490585
3930607186
1526467639
1025699544
1495373573
2826374990
2094809347
1920656692
700301745
2754724362
485112975
3054924624
1946099997
3340018310
872221403
2242458924
1714200905
3099700418
1807120359
3786573512
3244682805
2992413886
1137643443
2052686884
3369038817
734457466
3324124735
2617837888
1836998221
513531382
1434038155
4157321756
589601145
1525442354
3810168727
594008760
2306658661
700139054
2534427235
1832623892
3598086673
960034538
3073977327
1608047408
2904663933
2394928486
1494368315
291580684
3445317033
4203707810
709055303
446818984
3359195285
1229589406
1542123795
3522180612
2771762241
791599962
2091541919
633661728
605813933
2836867286
3446783211
857251836
129232345
1328672786
1561051895
1937749656
2502835141
3581930766
4134142915
520505588
877679217
3054476234
2914044751
499921680
3697303005
3237558342
2550343067
2774601964
3117500937
236633730
4195278503
1574977160
950977269
2358504062
4183327347
2865551332
1607021729
738342970
2621922559
1940764928
681691917
1534911414
2767288907
2288614876
1075212857
1515251954
2460460631
2103607928
1540216357
2524775406
3594612003
2605900500
274948817
351121578
86579887
1055423216
3562226749
2675518246
2535963387
3290490572
2611373673
882601826
2062621191
3647308392
945714517
4109515102
2372912083
3597101508
1805769985
2323186970
3218146399
1924888800
1403505005
3313831574
2018568107
4164307900
2724472473
3951120850
2043034039
3439869528
3371409541
4083845838
1575913091
4053363892
63415089
2886415754
1853495823
3458577104
4086454941
2281147910
1758986331
1813556396
787657417
2336854082
2025981287
4146705992
4175452085
2535258174
1971893555
574090148
131577185
248201722
773807039
3420858560
163968973
2464655734
1340605707
4277602716
1354042105
1308306098
876576023
711518776
3560413925
251691438
2697547747
760342164
1939149713
765471338
1182517615
2457590448
615883005
4096549094
2339108283
398484108
2077110057
190652706
3948519623
1562696232
3083627029
600581918
4210775699
1471569284
1065532865
3643862746
3658113823
3827681440
999577133
2338108502
2685325931
2502145916
3105955673
2834723730
267087991
2575074840
2167522629
2817976462
2653538627
1442074740
2430841841
2816773962
2516986063
249754256
3730118493
2043651014
3912997659
3180333164
3595623305
2316182018
4136627239
3981372936
3199904885
3887580670
1394583539
1012580196
3921344033
1709312954
1651120767
3698481280
1705698445
2459709238
1226657739
791958876
2512413625
4289408114
2258768855
1513820664
3749322661
419807086
1097331363
1861790292
1489732689
2232443946
301021231
2186476144
587775421
3399046822
3634294907
3489635916
3734157289
3096744674
3929859975
3315593704
1665343189
3415725278
2672666963
2442989892
2845335169
2367068314
303464927
2445531232
2426512109
2824739350
2540404011
3181437756
3970619417
827413842
1044080439
3902574040
178825733
1491404366
1641794563
2010575924
2489615537
2338040074
454358927
3888378448
2171114525
3024189830
468579803
1032266796
2158740553
606630850
1111003879
1074783688
117293365
1411666878
3973929651
351621924
3996317409
2198246778
3756497215
2635221056
1360040269
3898242294
1129405067
2900451612
267943033
4179684914
143616663
4237883832
710239333
4199333166
3269285219
1812409876
3636901137
3707657706
3192481519
4130200112
336370301
545262694
3783306043
1889442316
4105437353
906085538
2790977095
4069968296
394433429
2719302302
891730963
2145092868
4070752065
3622437466
1857380511
1398122528
3348082605
2320056278
1898375147
3849178876
2646692057
3998349074
3816168951
2317899160
1914195653
737469454
331648707
1124161524
2265585009
4163928778
3026617935
545829392
2173489373
353177414
3283030171
1337851884
3200478473
861439362
3933993383
2938936712
241800693
1914872190
1568787827
2278008548
3187652513
2012798778
223860735
3313891328
2696347149
3789716150
2974033227
3418238172
2149406009
2216456178
4173824343
3242369400
562653477
3096804078
4025055267
4030558676
3427182033
3072989098
1648645551
2513205744
4236326717
3013640742
3369149947
1029526988
2935097705
1030010466
242464007
2211012968
1900726357
486830174
927370963
3727800516
593616897
2875927578
3064397663
3231397856
354319469
1591616918
70315
1078622908
3978594713
163076306
2656801975
232775000
2218832773
115769806
3735294339
1664318388
2710857265
1344478346
3636122895
1089548752
1132580253
972186886
1665067867
401906604
3780629961
1365137218
1041899623
3127186760
3518900917
2540875582
2144141363
814856868
3252762721
377022714
293263039
3448596416
3915262669
2364817526
3317018635
2676668572
1726934521
2858267058
1443518487
402131256
4057345509
429914286
1397512931
2270918036
3423295121
1431540074
3567387759
3371096496
2703660029
29013990
1901093051
972804492
3188511273
1216178210
3511106503
3640113448
3445341461
1915051550
3765248403
677358724
76923073
3109688794
1890278943
827623328
1846413613
333237078
3602513259
3254183548
3147072089
1833204370
3450588023
3280151832
3454130245
2407128974
2906281027
1143824244
3703797489
3035854410
3201426383
2428334480
3959917149
2159114950
1029539355
2045441900
4180213385
3623479554
1272121127
2709081352
230391669
3654581502
4001297139
1796443748
580352289
4031165114
3541079423
3974666112
2143688589
3075458614
1936063179
4228318300
86853305
899986290
3742887639
813248760
2281419429
2737583726
935722403
2099329364
819251025
3107638058
2887938863
3075799408
2260512957
1217310118
2109627259
708447564
2462341865
2433472994
1570079367
300011752
1215656405
2537032670
727348307
2586140740
519987585
1937162138
3816979679
3175192416
2266912237
1459958038
1209116715
506663484
2849061657
3266731090
2418459191
3134336216
2612772101
728694094
709318403
296682292
4049029041
140611594
1567339151
397242704
1608386333
118116486
1422581979
425792300
3606505289
3773512386
3798380007
1680426184
1059165237
252185278
72852915
1393369636
3370285537
1461861498
4174976063
458721088
2024719437
4004842486
1830094219
1962086428
1536712569
2947642674
313542039
4203092152
2428106597
2600088622
2820038755
3712924948
325253137
2761934058
1065722351
1220466992
4060319101
2245813094
1356535355
2446854412
1574478761
282069922
3793652039
239577256
3210208917
1107065246
3536750355
792908804
3143352897
193014106
367811487
1008887584
3574555309
2518111958
1724388075
3367960060
412791769
1942879762
3297540343
3280794776
4203635141
8772366
3230341571
3078121204
1477433457
3962399178
1799897423
2642489616
1137001437
2864506438
1816591259
1511452396
193040393
1173507202
2425689255
3258252424
2729470197
3436009598
3692501107
3292427748
1568815777
1556842042
3918811903
278542080
2832740621
2162430390
629329995
1578032092
720386105
1648621298
798186583
635355256
2026961957
113897966
1862107939
1940127956
1282795729
2571271850
2777387183
619477232
3887802941
2003032358
224825595
3029714124
269069417
2173304162
1302482951
1844002920
3468893013
3895633758
1367955923
2742552516
3798852353
1933136666
3467180639
1169618656
2359373677
4275256470
94191019
4116359612
682683545
2857066450
161279927
1836285016
3071919749
4101929166
2596641923
3779693236
1236085041
3256288138
1596428303
2851647696
4236066973
159988742
110220891
1607240364
3884513481
2697928258
2770221927
995914824
891813301
1759798846
1350388531
1516734884
1228323681
3540160506
3422704063
1148233408
2768395725
2073876342
3480181515
3407505308
4092907769
1461467314
880882455
574826552
1828765925
2891673518
389768675
3420521620
1959631249
3638753386
3035905903
3013466288
748914429
2598702822
2518731707
2519941260
1511486761
1559867170
1323357895
2424739880
3547795477
3214578974
3796561043
1921317764
1559544769
1549745370
2490915103
834619040
2727590957
2130240086
3075549291
2546341244
3134448985
1341030802
3189253751
138789912
1579019077
2904086158
2746670915
4209143412
3203348977
2883476810
1875484367
2228482192
2932211037
2167361990
1718317339
239199852
2077041033
1262596098
784474663
257928200
3007861365
4178392062
4232723955
1900567908
3032480801
1267161530
2263027839
4003124864
3253553805
2896125238
1570416075
2413146972
4150667705
1476016754
3761883607
527650808
1510557093
292466030
3952085155
835045460
3844737617
1698771498
75476527
479393904
1165796285
773850278
2378811003
4201675852
2898394601
3705610466
1419386247
2514464744
3929261269
3186901726
2144550739
3626610500
3014681729
951248538
2920970207
402347616
3416721645
3293071382
3466842923
1673609532
1875090969
242705234
12459319
2747517912
1012584453
2417292366
2250170883
805507636
1888881329
2336454410
2481876367
903016528
1063221789
795813766
2392050651
154599980
2567834185
1594491330
4232104167
1040098248
2580637493
1393017278
977137843
614527268
2296249569
404349818
3237383999
114869824
341374797
2712380150
2193928331
1073790748
906248825
4003331122
2977767575
221198264
3970599525
2076420910
4139477859
2970766356
3058383633
1911786
3941457135
1200347184
1996914813
785693286
1461813563
1695381516
952714921
4210709154
2374902855
1572112296
4021893525
2566893726
3840037395
3492160260
794871105
972312666
575624863
3492488736
2090538413
1015115222
1582644715
3440127228
2822772441
1336280338
2957956087
263033752
1586525381
3274887694
2898109635
1818981876
3613498225
33968330
2186673231
2226499600
1393145565
4060659014
1103816347
3026968044
3490427657
3051885442
2623156135
2264488840
629357557
211029886
622355315
1345406180
1850785185
1249520954
3774664191
1156216320
1896178701
2827069622
2980936523
794528476
1888426809
1690795506
3876271959
2604064632
2443480869
4045039854
58560035
361140180
3237030865
725018026
2130627503
3695736816
3321961789
1522741286
350747643
432681932
4008529769
1896563810
3900500743
2277842792
2160553557
3330072158
2352489683
372922052
3636848129
1373862426
3084318047
4061050336
3929006701
358896534
958752939
124180668
2231979929
1027237586
1804225207
3686996824
2441009541
741502926
1112745859
1541118388
739372081
1910958730
2982169359
4181471184
1317319581
1723601670
47235419
866154924
1904614345
3919308098
1573803623
1779422024
1394462901
2071076158
2543425075
2411288740
3453501025
3026728698
230018239
546301376
1823641805
3470880374
487917067
1906710172
667333625
3291922354
2141457943
961169208
1974948837
926082734
2627104995
3940717460
2648431761
676224874
2540862063
1116264368
4146887165
799761894
2849846971
476491660
2146310185
3100767778
338063815
1943107368
4196295445
2083245086
2962536339
640043652
2023737025
843080666
4117845023
3580233120
153448237
1018231126
4057224043
110183548
3873392729
3237251218
2435875191
1472488216
1642462789
1892928910
832531011
1779662196
1734802673
4238689354
1491950031
3676729232
1452306525
3947440326
342187035
1788138860
2386379913
1407547138
1331510567
654445320
3747685749
3043093246
746686707
1056517220
3493101345
3886284986
769756031
3515422080
1545633165
3800757302
3082506443
3667944028
2624261305
3601580402
973579479
388591352
2242042021
3553436782
214307747
2095470420
2781564241
4179859754
3406358831
2718758768
2403899069
3947715494
3099668859
815983436
1552654569
202270690
2135603335
1100582632
2021529557
2949413342
1287129683
1000996420
2544789377
1288375706
568226527
2448495968
2386279405
1613192982
3676438059
2118873148
1854013721
2224319058
1073838135
2473683672
478536453
4141280078
627207427
3268616500
1109446065
2214682122
1855793295
842297168
1340927261
2641362566
2034808539
4245221676
4143000905
243583170
1069999079
3180331720
1192049205
2418243774
1049639859
2041626660
1579515873
904759930
3896511039
1335231808
1410280013
1899903478
878730123
4262096412
3476825465
635863858
2499148695
613701304
1848057189
212410926
1590457955
3612465940
4051664401
1601606378
1887573999
3801405232
3541398397
2338918758
2756963387
3661555468
3045452201
1686149538
1487519559
3504170664
3634793621
387901342
459414803
1384477188
2125580353
3544414042
1138643359
4285523232
3996305581
3985081558
130967787
3797244924
2092005849
4057598994
1455238903
1586115224
3458107333
3824929038
2287742915
1373275380
889151089
2847619018
2844768079
3324391184
3747228125
1525716038
4097495451
1320996076
1013044745
4080654978
3184216743
3984177800
3336703733
2708915838
3901075059
463475684
543899809
2969883706
2744207615
1383511296
691967757
3367714742
96740939
799291868
2163867193
4222026994
3475968599
290127480
2617516581
3884376046
1567201571
3320127188
1505259217
3708243114
2661156527
2883614448
3344109629
3451815718
2404738811
1559929548
2073883241
2078837602
2399372807
3244097128
3075981653
669193566
2538794963
645440964
912910593
3077153050
573632607
3047322848
1573557613
311519894
1251578795
1718552508
841855641
847605202
1948493239
1221507672
1131408517
503473870
2236396163
3270092980
2026024753
3482505610
2156201487
515616464
1771579037
3247106566
133934171
2205182124
2941206217
2613357634
405434727
914305608
1537188789
1058788414
86106419
3230082980
2143666529
715775482
2257930175
1374364864
1886307277
4139910518
1587982603
2200815004
845453049
1638745778
3883067671
1292723768
1006233317
707157422
2472377315
3563070100
2000035729
3012937322
740078959
1706022576
817982717
806206694
1552261563
3163954828
1603320617
3422960930
3508014279
1926780456
1901180437
400098078
4215964307
860068228
2274806209
2868742874
1133924127
206095520
3519226413
3171225686
910392939
4267209596
1874242393
810979218
4143242359
2717843992
154800453
1252705422
116651331
2176879732
103464945
390605642
708646095
2209672848
325509981
788463558
4148905755
2128856172
1618569097
1642413570
1571051559
3630197256
3255171189
2127733246
790942707
3290823524
2767520289
882681786
2014054015
2243122304
2120200333
3373435702
835189707
3429306716
607907769
565790834
2625732567
127634936
986213285
1514642286
1265114787
1317201492
2730004561
3840016426
2948473903
935523952
2485160381
4028019366
2930023547
3167836748
3525395433
2392436450
2376553351
84897256
592734933
3703615710
1107875155
3030797636
4210584193
532624538
4006505951
455267424
4275859181
2594338326
495724843
1574018876
3591136281
2500686162
4260418359
2044398040
1815934469
3484738126
3088185347
3122606132
2516029617
1654342922
2641879951
4241616464
3246809117
3238843782
3303645659
3839287340
547377225
1599836098
1559822055
3537723848
1993674037
911945662
3243148979
1111265060
2025390817
547172730
515212607
3851371584
1741774157
3446460662
837289611
2668633372
1463814265
3314223666
1830475415
817198520
1160753253
3182074158
2420736355
1074620948
4110401809
850131434
2151830255
165271088
909141629
194603110
3899807547
3781973516
68062377
3177373858
4084292167
1472349608
2854215573
744103582
642639891
2791358724
3645819713
1198431834
714689695
3119555616
1507228589
422157270
322147307
4170877692
3320765657
3395949330
1742178807
2686636440
2033752773
3537944590
57064131
1472566260
2699633009
1397497546
2432004687
1372761616
414620893
1433692998
865516699
420068332
2156132617
1843896706
2766693799
3853916552
3066880501
4218781054
3596548467
378200804
2748433313
7043898
3780232191
691991552
25414157
1368446646
3519467851
1323886812
2352013625
2531429362
2550066519
2015042936
3354375461
1510954734
750887971
1958718932
1187754449
515093418
3026796975
2209641968
464585533
1079369254
749654523
1848054220
3860370793
304206434
4046856455
179363176
2725516373
2087013470
584694483
3291673796
727313409
332122138
3182881631
2154968032
393300077
1717207446
3925458603
41105084
1612584345
4197217490
3546874039
2761316696
4243390341
971922894
330448259
108246964
1606382129
1260042378
2071314703
175582672
2109184413
2314584326
3323107163
1060919212
3504628169
659125058
2217905255
2427097416
2125297333
601983806
1226189875
3704682148
2399093857
2781316346
3869295295
3363988416
3761698509
1665047670
1143233547
4021384348
1137605113
2675953074
468567063
1301054776
4022893029
4113945774
2878375651
2019144084
819749521
3938004330
586346607
219338160
157442045
202118118
1578765499
1723960716
687824425
110527522
901097415
2107323688
1762724117
44186142
1919700371
2312956036
3118058689
915845594
786909727
3328672672
745329965
1878337366
882813291
1864082044
2237271641
236230290
2674210679
3606421784
2216305733
2862463886
3551821891
837393268
3409609457
1808208458
2478362575
1853844880
357127773
3159414470
3206361627
992916332
578914953
3846243586
160920359
326813960
2335624053
3311360254
3023314675
4040084068
1661044001
2725334714
358777215
4212757376
1487594381
3493208630
2076223179
1428799580
3201880761
2837630834
3081198295
3771313400
2843344549
350098030
1467361699
2526770516
200397649
2558289706
1654611759
3451188592
2214886589
2893810086
527697787
2398865740
1031988969
3565221346
800059015
3493940456
448183765
3033589726
264609875
857644100
227437953
563043226
3303696607
2744161120
1300832749
3820588310
1172460587
4065578556
3596797721
2950854738
3935055415
1191225560
1535117573
2326714702
3995960067
99041076
2618971057
2534485002
3497959055
2242604368
3291206429
172338310
561417435
2963328812
1176204105
3247331010
64428519
1843839176
1495851061
3048138430
1920520627
1849974308
144213473
1210636410
341246015
3099886400
2141163597
641165302
727429515
319933468
4262456185
1032556850
3924537751
563254456
2713994085
4274524206
993168483
3678730516
4039902225
3921502442
3392048623
2908411184
3495385469
526761830
3548168763
1788200204
1415786409
1973495714
233108807
3798148264
2485465749
1219581342
3047535379
3149402116
1865928257
108381530
2256553887
4021117728
4018548397
795325142
814005995
4292590076
3019390937
1230379538
2476598519
3296161944
2413735365
4292982542
3453830595
1848419060
1260315761
1857619402
3901173071
398142736
790564829
1368670790
2950604699
55749356
3430030345
2515626114
28410023
1605269640
625194229
2324706430
2661565555
821146084
679757473
2829984314
1245593343
3108188928
701824269
3003280822
3317005387
2099877852
3258172473
2793018098
4051355735
3215408248
1164396581
3098791406
562409251
303447252
3089822929
1614551722
1885371567
1405383920
4078630461
579417382
2633252091
1028620492
1583364201
2746685794
3205807111
1405140072
1914464085
872645470
3737945555
3748217796
3885362945
3607752474
979953247
1115550432
1193540461
2160040086
3343247787
3413337532
1054505113
70220754
962223031
3743021144
3992326789
4025898190
2642659459
377079476
285750577
1417584522
1385331727
2892934352
3135442077
805083142
3977609819
1459898028
105219273
4230625858
1374070631
1754394696
3964094901
2579710526
326530867
3566650788
730122081
2512464890
3721936319
1951769280
3960154573
2220307318
2106459915
2805015452
2349096185
3987625138
3440680727
717726776
3240299749
140594094
2502922723
3335471252
4207846801
1035506794
737487727
682742960
2970571517
866544358
1587181499
183041164
205127977
3632450338
4060037831
2216301608
291265557
2894557470
3321501843
435304324
1063833537
1158404314
1734624543
4089594528
1226999853
3313581654
2632307819
1222300028
1472819545
3392052626
981570167
3869786136
42350405
11317902
1205930819
1787734644
3868607985
1780611402
1163954895
2340809872
2352466269
54439366
467344667
2406851180
72723849
1308150786
53906983
3360761864
1794350709
4178055166
1806658035
3035863396
978978849
2703357370
3051682943
565957248
453121677
1744156982
1168462283
1692954460
2621552057
3706214002
997799383
2461256696
28807589
1938852206
3773838499
1160774740
293017169
2213727786
2477562415
1407382640
2398384061
2424135846
3140448891
2535602252
3467676137
1304706274
358910343
2469342184
2393182421
2818383582
1710123859
2803034948
4285558913
3258679962
1412588511
456807008
2856441069
2876023830
69500715
735182140
2676304409
1158905682
3050539319
3940698072
441392133
2546257998
2008354307
2519420468
2223576753
2439189258
3081853327
3166760016
2279425565
3910828934
1055881179
1348910636
2539820617
2770148802
3831575783
2125209544
503886645
2115935678
34544819
3989318948
1036257505
479231866
2032433983
3107308096
3413754701
3953000182
3501939851
1242528540
4088123001
4259846194
3144191127
3878400952
3018118757
1073841966
260544355
2566424596
350504721
4104833002
4266051823
3172455472
3515501693
919475814
359869755
1706767372
3598963369
4248530594
1476694087
1623196584
3333850517
3693382814
2036956691
2190171908
1886179649
2153311322
127091359
2426806816
3745636781
2688666070
264366571
3893946620
1993188057
3734905106
2316320759
3146256280
1108394181
3674123790
2545930435
2232398324
1671473009
1812065482
1615128655
132099088
1385399005
3209697606
420647579
4254570988
1345077001
3679924098
2217122727
1264768904
1111918581
3200707454
4048916339
1523876068
3733113249
432851258
2388048383
4068700672
3526504461
1561330870
2442143563
2858829532
1392682809
2590874098
2342691671
3622787960
1147853605
1936999662
3954555427
2380843988
3721803729
295731626
2189670319
202404848
2106648893
3831008294
2418386939
3128160204
343137129
2695389282
2829014791
2358025064
1448131157
3200105054
2066436307
1746637508
2602430977
1898190362
1212604767
3955601888
484617837
3519066006
2457736363
2976879804
4267891609
3230565074
1442297527
3898185560
1183524229
2954513358
3535885187
3808155060
3164403761
1539212938
3051042575
4104268752
1360691101
597651206
755264859
3133683116
2138220489
2322006338
826720871
2922729288
3563920565
281082174
339919411
2547553444
2237024865
1788269306
473675967
1164239296
3286981837
3389770358
3135484427
2578240156
990265337
3157842866
2867296791
3569271608
3758727141
3551052462
3841251
2948648852
84732049
479460202
4146292335
2827801520
1472742909
383566310
235332283
2567728012
960537641
2982875682
3052723655
1985278760
2587078421
2240325662
2784224147
3548612228
1212404417
1180499930
2634891295
2220425632
1474575149
766072150
521731947
2073428092
386192473
3567559826
2018110839
3239501592
3028175429
3168250254
326735427
464501108
2285766897
2186862666
4013180367
3402132368
2821864541
1942521030
3179612187
1807257964
905302153
202150658
4202801447
3873670920
2436657525
2311898878
93762803
9726052
1526631201
2695797946
160659327
3919188352
4117055885
5328950
1064697035
3953335900
3967195321
755621234
3623293143
223996664
1937843365
3864985710
2547400611
1245746004
3813169489
390411562
4075148591
3125605232
3840959165
203077542
836164987
3309610828
3047828713
1784906722
4005897351
1037634280
2938069973
642078174
4102239827
8600132
10384257
1908648346
1285971679
1914704224
1158055917
1639693078
139635243
4199296060
1634962713
3298854482
264692791
1434445528
3635031813
1727448910
78158083
1525374260
2135153073
3247503882
51385487
2450680656
1016772893
3448461958
3444859611
3022564652
1148565833
2047337666
2929151975
4113399496
4118054453
4289352894
538011571
2965896228
1211861985
232007290
4246599231
3605201216
2069886541
2376111606
3523676043
873015836
1746121081
1990238002
2442225559
1904267960
2878433637
4049010222
3175653987
1764235028
2437450257
3279171306
3431662575
688968496
1774796669
3251793254
1582667835
3269239564
3127932329
3291592098
2177903431
3268993704
1909708949
1454621598
563693843
3940199940
216912961
622334810
1574059423
2363154720
1493800109
3686260950
1626019051
2706511868
1047463385
4198639634
4214135543
1968483992
3218002885
3560416526
286153667
2356068596
443443825
3139883978
2821628751
306195216
3004429789
245887046
523402651
4158163180
1001546249
2920871554
3695687335
2563978888
1037392629
135897726
2121456243
2217955300
4123872417
3284627514
1570452735
3305091328
714826509
3216612278
3847672395
3332306396
1855818297
3804045554
376864343
2968746616
4110052901
4199594990
995214627
3627506388
3889003217
2732648618
2597515951
2627236592
3943881789
4123255590
3057849083
3583270604
944995945
2029365090
1574302215
2769582696
2131823957
2358505822
2817924051
1313464772
1978791169
1377451290
2538658911
1816752352
3366805869
3378366102
4221714347
2758263740
3468115609
2672396754
3644920247
2958374488
917256325
3931783886
1667948163
1543103668
2457713457
3503975818
1431302671
3541150416
1885205149
3571336710
903829595
1518871724
1819003593
1107281986
3528645991
1368698440
1730080693
4175081534
4219145523
378954660
3430141281
2487777786
1372271551
732963008
2547486669
2757517686
2888129803
3072623004
2161386233
2065654450
1701205271
997319224
2088514277
3339467182
2628888547
590241428
2140613521
4148912746
880648559
2091111088
764229885
632232166
476007867
19651212
3759359785
40851746
831944903
1145819688
865534485
4255506206
3260657299
2794509700
74110401
2861180634
2145532703
1747697824
2293362221
409824342
1798842987
4149030780
4077664089
2641800082
146688119
1447132696
3389152581
1327407246
3867025731
894224500
3761359857
611043146
1093927119
474409616
2570628957
2112773062
1411052315
3220668524
3881956233
2407291394
2675491879
1597105672
772883573
3886906878
837418995
3283171172
4109307425
286737338
3228430975
1119113344
399801485
155772726
422750155
3646541148
3749149625
159868018
1025567703
1086065144
785823653
3712579438
740838051
2513248852
2976226385
3262356522
810225711
4042453616
3052950973
2404650662
862603387
157488716
577753065
2589903586
1808908167
3225348584
2888152789
2678688990
1803813203
795838788
1092122241
2686963866
1581668831
2554450016
1305950957
1990644246
40686891
1304582972
1278079001
2659814738
2825273143
1993967064
3331408389
1749335630
1158161411
1143434292
3159006385
2543509770
1654312847
4120898128
308554781
664285574
2091208155
3420888108
2102713417
2957945794
309947111
3245006280
258758965
2857503678
2088743603
2806237988
1476333281
2348010874
1346597183
30163008
3209832781
2084515062
3745428107
3237927196
2336724089
397747762
476463767
2962354616
3100245093
2194175278
4101352803
1003726356
2516110609
3323565546
3841670895
3779449392
3373544061
812827750
1579418427
1912214028
807999657
981728418
994559559
4172136872
3313314709
677313182
1580536851
3836083460
1958401857
1689467482
960313503
3561725984
2363312045
1372190678
3556786155
461850364
987523289
205664018
2532898295
3789376920
957933253
1535941646
3922257603
1950994420
2676501873
3425155786
1883528783
651995664
2157996253
2946221894
1916692635
3793057772
3204744457
2117516674
3121926567
939496840
1206922741
3599260030
4126942579
2634948324
2657341345
379459386
1745596415
548925440
1662031373
1258238646
1896447307
3251872988
1157918009
4016613362
1106663767
984848760
2266366245
3175690990
3227111459
3774998996
101760465
2214416298
1766731183
4116476400
1805700925
3335207462
3209461243
2125516236
4194247017
2627661410
2394459399
2371377512
475881557
226895966
355264211
2180264132
2819749889
3924583450
3615938399
3020500960
2055476333
3616988566
2998037163
2489053884
3755450777
274763986
1932946615
655152472
3998829445
246823374
4286605699
1903424436
3265953329
600986762
3773869327
935143888
1219323293
3015253254
3081126747
641995692
4247842249
2465500994
3842701415
1118833992
3562848949
3255854910
2032097331
1087386276
819810401
2195071226
780578495
389504960
2546975437
2202597494
22218763
4019728540
2372797945
2590108082
2895196183
1323368760
3329934821
1384886446
445952739
286780820
2590862993
1038010730
2483281007
2499203504
1650338813
3491590118
967030971
860309900
816966185
980394018
350491591
3724456232
226907413
2229212702
3408624019
2199528580
2749225153
3784527322
3219338783
2402975648
193700141
4123886422
826496363
2885705340
467638873
2493821586
2615059319
2519211288
1930588229
662804366
1894689859
2808469364
510758641
3227168330
3948919759
1879140752
2404065885
2444243654
2409422363
2083680108
1218057865
1212686594
2719735591
557597960
1903302517
2192192766
2695449331
3997828708
942379297
1650191034
2322886015
487231360
2991566733
4074536502
2195411659
504134748
2772721337
3798002546
452380375
484059384
1673022117
3360681582
1306940835
399880532
2882461521
4118676266
4225518383
3889492336
839665853
2317968806
1877586811
1400735052
1157722857
1303777762
1015700103
174115048
3048737237
2217329630
2062601299
601348164
4041111937
3177707418
957502687
2107608928
4105432557
1512958230
2725445675
372542012
2410959641
1120834642
800168503
1055859928
335828229
195999054
3906187011
1105165108
1805475761
2206255114
2253490831
3614009680
960077597
1732315270
4242684123
2275445548
1912602441
3086054082
3221718503
3546561736
2616208437
3994403518
3344563635
3241908772
2634977761
116356218
580185151
703692608
3343932493
662291446
2825018763
3773859868
2370271097
1361423666
199695767
2489258168
193892197
1683352622
1695463523
16463124
1391792145
1822096618
4153899503
3585528112
527115645
4071562086
3302911547
1662222604
1739439017
3492955042
879452487
4064190632
4055006869
3240505758
3745308435
1609387012
3620985409
2938790234
1238643615
1459117856
2864511661
1920470742
419523307
1186493948
2618674137
2224961042
225399031
4045532312
3723426245
3774714638
3522130371
748740340
586018929
251961802
1753618767
901064976
3946372061
304848454
3258340251
2890819308
170043401
3148907650
3448630439
417854600
2425815285
2584940670
133263475
2506419684
138826401
2186329658
1571302143
4121702144
2878458125
1860225462
3836225611
2349093852
104288313
812658418
3189912663
1697626232
717067301
744335854
718134051
2554886356
1755316433
620082858
2650106031
106721520
792379965
3345912102
1531046139
2781428940
2306262121
2074359138
3947309063
894974056
1580577621
2979290974
1926214099
4078600132
1635646209
2828700442
3102265951
3003444960
1650902893
1819014294
1739494827
1900814780
1640236185
2211682258
3554133943
1015051352
2643615365
2368614606
1459745923
325714612
2099462449
3299228554
146630671
312781008
168351901
808449030
1650011739
234619564
1640108233
3980744258
426709863
1904700488
1277597109
3697417790
1026532147
109445540
3801273185
2789197818
1651386815
4160396992
4090754509
3604057974
1785508619
856154012
2429806841
2315284658
812124951
4278984760
3993327845
3861325742
702791139
1769831572
2240786833
1615736938
3317045103
3783643312
641408765
2250753766
366224315
526301324
1528597801
3385583394
266186439
862818344
1476503573
2335460638
1885947027
1495233412
1453120449
1534620890
219164959
3917823648
275862573
902404694
557482091
2309983612
3246325081
707705234
3786079863
1892334616
3752756037
3053489806
1657485123
1643832948
1929204209
3324351818
2646046415
3052923024
3127481693
521013702
537577755
2422824556
2308848009
2792351746
2993355303
486712328
2338253429
3401772030
30709235
1885263204
1421087777
75272634
396814463
1755106944
4107723405
755766582
745536971
2847615836
1843216825
664171122
561553879
2444511224
1109777829
393373038
2903531683
3227140180
42213969
543451690
93947439
2398285936
2301377469
1822080166
2538937979
2475947084
1298077161
4100544738
284095879
205432808
4225129685
1137048286
3536426835
3451660100
1072725121
964959898
2366263263
305745504
1771872493
2085683222
2556767019
1134737724
1543943705
560962386
1437136183
2646655960
4043532293
3241454670
2685090307
1142131252
3174834865
4114788106
506742159
661579856
3776647709
4236631942
4262142939
3612768812
1383539273
15743426
1732354279
454663112
3405774645
989166014
2963294387
4004473124
1198134497
4006026106
605185855
1062387264
3277492045
4283456246
3715238027
2212378396
2652068473
2465346610
269744279
216543160
3554615909
100623150
3205743459
2828977172
4164768529
653812714
3026171119
4133736496
2630752381
2022142566
1116002619
2250829836
2432589481
4114385570
490404935
2676719528
645124501
2433312926
1420864019
1286642436
1715002689
1954383962
1066872479
81862176
3802705325
2915182038
3756955115
317039868
2451255001
3545644306
244427767
2468514712
3729853637
3565849102
2038561987
2775838196
3567235953
4089284810
1089721423
784967696
584928989
2790749510
3206168219
1183012332
1292684041
3599125378
3333621671
730616712
1204409333
3266955134
1683143539
1563933924
1668601249
1994351930
4000359935
870084096
874445837
2606653622
4029862731
355533532
3795202873
366196210
989466455
543676280
267462437
3079545070
716039715
3993700308
1065042897
4123663786
3905463215
3214438384
1709225277
1739450406
975393787
987605964
381314921
2248506466
595706631
2366904168
1956251221
3904804446
1893629139
2445070020
3526753793
4263817754
3950431583
1497148896
2958391917
4158458774
3398877355
725110972
2222745497
1772265170
2871337655
3769635672
1951887749
3586271182
435126147
836506036
4058514481
592847498
2092311311
1405626320
3832564637
3124939526
3858241883
28307884
3391042505
3237092674
528428647
3457862472
4269566133
3083851070
4155239987
1471664292
294934113
1854238458
2642519231
3187269056
3689162957
251012726
2540854795
1903398556
3137719289
3120232370
2699748887
1005797176
589032421
4057898670
2057226467
475990932
1895691409
3466172266
2039763567
1381027760
2837713405
3083738598
1626377915
3044157324
2404593705
545533474
3531819463
882405160
1124662037
2158330910
1645416339
413188740
1286069953
2285476826
392768543
1728839072
3345155885
1214361942
3944590187
2153430140
334127193
3457466514
2317572471
3593034520
1071027781
1788577166
1813234243
1426847092
232068337
2781641802
138097103
3727320976
1251215453
2517098694
3043275803
3969666412
3664665737
435400450
2154173735
1116013320
2883042677
804758270
90956019
972006500
2055771937
1735997626
403006335
359337344
258610573
668445750
3320883403
1818614364
1765942457
1227356530
10910935
2404017912
4196364453
984669294
4188433315
2136657748
3850724689
3005665578
4253204783
3595366256
3948424893
2796032934
1504479611
3114689356
1804122345
4269318114
2566885511
3050866408
2927669205
1316893150
