2929042395
2103376428
2749735497
2861349314
3744735463
1365908424
538345269
68811198
4068133043
3586648356
1185453281
1274256250
441771839
3216195136
994119501
1829034742
3667691659
3456546588
86104697
363770930
1319532695
425242552
3365249637
2856575790
3784196963
3084338196
3239826193
2168775658
1161966831
283398192
2824116349
626782822
877615419
4235292684
4121747113
421071522
1248689223
2317090728
583684501
1483597982
4291504659
201923332
3770113345
2481588314
2467933855
3246497312
3922668973
3786843606
1851332075
1028531452
3697913561
1616035090
1382296567
1674775448
1246203077
118426126
1430027459
2632740340
3904779121
2689206474
2132169807
2508859408
2376322781
2842424646
2451881627
2903234028
1694190345
2493696898
1227196327
3931952008
2338345973
2824750974
414006131
349191396
4180891041
2022434106
1060316671
1287450112
1787132941
3046301878
2950517579
1071219420
2948903737
3440391666
604802903
3579336568
2468849445
2555551982
1604871715
3989014484
1054458833
345415082
1948984239
2459496432
3488036157
3775031334
2389562363
2980457420
2179524457
4267834466
2603893511
1076139880
2674951765
212014686
3464035539
1637174980
590642689
34681370
3648605535
3999084000
3053189741
407997334
1535197355
1981862076
1967843225
1797201618
3648496311
2581631832
2932732293
2227611598
1210711939
1507103156
2089190449
3563233930
4116226831
3003688912
3988179869
3386329862
1535285595
2830660012
680375241
328113474
745647719
2506836808
2962417845
972313918
2659610163
1607487652
3184711265
2494689018
3368297663
4015676864
1355458765
1437247094
2577194507
4238085788
1863601145
632780722
3028117015
425967416
3033689061
2401443502
1108953315
2358741908
651981969
837162858
2138493551
1573998512
4054487549
2107809254
2545618619
2897913740
2164371497
1835052578
347457991
807989032
476019477
2164917278
4063072147
2029601412
4096155329
4037417946
535538719
1420590496
1267304237
3579195734
4270336875
1807957116
725147737
3289464978
586537335
4158249752
3368883781
371197326
1825456707
763655540
2398328049
3680042058
995996111
3052070800
1918535773
840720582
1299133467
1411698028
4284275849
2165321474
2547553575
2455077640
1282293109
3466339070
516317427
310912100
3175552801
841332922
2647122815
3746270592
1120966029
453782582
2325424331
3624819292
2211488953
3915676018
3199794391
356181752
441839781
343235694
3550538659
3759361876
3521373521
3673379114
4259660079
2588766064
2455678653
956076966
4076276091
2976834380
1672952041
2681544674
632426631
2045314792
3059167189
2875371998
1705566803
2381641284
3696033665
3513304474
2905656031
204442976
1597494253
3330578198
2855130667
3522521148
2666764569
350822994
1302253623
2373903064
3842308869
551232334
1844004099
1136400692
3636815281
2532120074
1206222991
2784028496
5178653
4294653574
1789562587
1393617196
3123234121
4142366914
1511668711
3772480200
3685896757
1008054462
4096594867
1219999780
3763345377
2728870522
1694392895
340819264
1431781965
2474078710
899167115
1710253596
4005150073
2715237170
3246347159
3097349816
1886532965
1846106670
520048227
4093039380
1487934993
3514714858
1177972719
801984304
4140010365
282085734
48350267
1132650252
1523155369
2407485858
4243134279
4247051944
1243063445
1097670558
3819631891
2621991428
610820161
3591974746
2282269087
3970325792
1707532461
1503444182
1899118827
477582332
825954777
3345400850
942835447
714058392
271949765
3401056526
3057321923
2285599988
3535533681
2833182666
3517976399
1255843600
1012154845
288607302
1978968475
154977516
3920719369
1322553986
32940711
1086141064
2602510069
404815486
964331123
3726576612
3484276897
4160130106
2233966847
1177103616
1562291981
212629430
223608395
4194447836
1888458297
2563751154
4220545623
3008132728
602356261
2711558126
4008997155
2483164884
2483095249
2538013866
1865047727
3322998512
597239869
3269312294
3929751291
2796985036
1459128937
4129244002
2300239367
1503426152
1952504149
3102297438
3874736083
1605606852
3577250049
4034353434
1999849567
2379279584
2482417005
3160318614
643132331
2131296188
47139481
88745426
2171665847
1590440536
387908741
4185300686
1887668867
2797772980
3046590257
1928235402
1333616143
745023184
2334801565
59122182
4060972123
2590531756
3736524489
580346946
3727542631
834316872
2272574389
3095268414
3379476787
1853759396
4095760737
64198138
620994495
3969227968
4008106957
2490056054
1150191883
2818817436
2316447481
3624795826
1806450967
1963384376
1635057381
1962317230
3460322275
1274354324
479639441
1846378090
1333857647
3302510256
3718219005
3437556966
2344843707
3737785996
151278377
1299510562
2030527687
4010790440
2448608789
1201093406
2856540819
1408668036
3078447553
3527623386
24160031
1198472352
3733404205
3700050006
1549227627
3983174524
4100997977
3092465554
2283418743
2046065176
2256611653
1389821070
2273496387
185697396
2048350193
383509322
4161629391
2455332496
294714205
884094918
565518107
3931356268
2851667849
3421500930
4253003815
4086555144
1567821941
854383102
1053404147
1435824996
1986501153
1476288442
726818431
1062587520
1601161357
4168336182
3456619467
1135937884
2080475065
693239922
3499284439
764216824
366707621
1842336622
128120483
1737481812
1261512785
1469167658
2113567791
1407413872
2845221309
1822812838
2319086715
2944225868
3786202089
3477104354
997108615
3711886824
3213722325
3812026590
676965715
3033613636
1408696961
3980192922
1837155807
826362976
4198008557
1742712342
1710752043
458987324
2799565849
2319591762
