1798284143
1652157616
2982710013
2170438374
2835378107
2867238028
246069545
3649839906
1351137991
3471125544
557618197
1228556574
354357395
295882628
133203905
2134913242
3474767135
1878022816
1292484653
2425296470
2292829291
2392746364
2840078681
1659762066
3511224951
3231275032
2069131077
3312814734
1680081731
3234153076
3756785137
852250954
3977708239
2073691280
382533981
4179789254
2021463323
75446892
2690803081
1139680258
3652978215
2464694280
1076876917
1130817534
345006579
590360932
3489513505
1841450426
2501473407
389409408
2412072589
2519699766
3265612235
4072146780
1583115705
1435741810
960277975
259056632
115460517
17129838
3052350627
3841104980
2397621841
705242666
2178880047
1078135920
828745661
1686976678
3893193339
2268581964
1918452201
3466958050
31850887
3818013672
2000505045
2517104350
3867894611
4057695044
2419075201
2001197722
149085151
1342204512
2648771821
4073880598
1348499243
665687356
3225149977
3014317906
949158199
2422955992
2044023813
1675995214
57673219
1702487604
873909937
3940903690
3395277199
3949790288
3492445725
3512097670
4194922459
1636324908
2963754569
1189770690
2229185767
1524316104
1744628533
97875390
3630699699
2065483044
4154441953
269014906
1632695103
4081572416
1274346317
36689654
708007051
3656848156
1627293305
2020306994
3777234071
998296504
1002901093
3234750254
1342082915
2110988308
2760769297
3617136618
326189295
1947200560
1303610493
1765142118
482944315
1038666764
3546581673
1442104994
1249773639
3468368808
3221667221
4085736606
595490323
3094083332
2170849601
138232922
2168175263
2516859424
4204337581
1006608854
3027624427
839680252
515660505
2064480530
1892136951
1151936408
3226400965
2255980046
2331166915
1702250996
2170969969
2925282506
1441488975
2367931408
2425928413
1910763846
715426459
1121006060
2661873417
2164033410
1721504679
1361702792
955432949
1540735870
3978725235
2671843556
1956020641
2350719290
4152046079
2301463040
2523228173
872012982
3212844875
3563445980
596467513
1858662898
1364597591
467432312
2265256741
3214482670
2409935395
1339778004
934801361
2305218986
916860847
2778762224
192028989
1293444134
1777573883
314148812
579638121
691648610
420531975
807383912
2555966037
3615003230
1186482387
554969796
3830295041
601910810
4276574559
3652962784
2549212781
2580973462
2276068523
3782945980
3850998681
3805666002
413609655
1829941080
461462917
317400014
627854211
1819962804
10137649
3740327562
108637967
3900589008
3168253853
2022393606
2366530907
3424243116
3139919817
2346998082
3451140711
4120143688
2949731509
2603077950
764131891
727526564
2946630241
3015650042
2119708863
1353120192
64394445
961389174
3041634827
4123290268
650704889
1114387378
2291331607
541317944
358340581
3274021550
4288779491
3872090004
3777405073
2167559018
3258834543
1018489776
794918397
2381617638
2991381179
157942668
277961769
3258214946
475944391
1736444712
1559488277
2006679582
2331564947
2811502212
2175503041
2079414234
145078303
1927748000
1789621037
4195822934
1555887979
700029052
4116941913
3569613970
2398184823
1499985688
405570117
2936045966
3181153859
3863368052
2859712753
2657302602
315276751
1161593744
2041017437
1124883654
1678180379
3777112428
383944841
3244419842
3370590503
2279251720
2304289141
3649806078
878161139
2066808932
3514975009
414119098
3701993343
2171873664
3909648781
3756730422
4267046091
299021916
2876330169
3172283762
1167755479
2021065464
3549125797
1362352238
3937744803
2388863828
4187623761
3233516842
1291341103
1628244848
1044486845
1770688422
2559890811
3854188364
238216425
1520753634
3274087559
2493260520
714578901
3383766494
3942657619
2276184644
3795725185
2184184218
3845576415
2034641248
663076845
176263958
2255397419
3196568636
4010427673
4204256850
4066794551
426311384
51406597
3229065038
4265840899
4271502644
934384049
3463664138
1906216079
2870903632
2882007325
4012323462
2991479515
631915820
2191159625
993344706
653576167
129799880
1112063541
3972082878
1548378035
2860291108
3270984673
212631162
3106565695
324344128
1522216525
3046272502
1298071435
3159409180
2990958969
1753478962
120381335
339077816
1850974565
2944652846
1537186403
1382199060
2580693521
163743466
764771311
4201179952
2094167933
3717875046
2139852859
728382220
1278291369
3964341666
1009361735
2536766120
3724808341
2205588382
562970899
3172681220
1321569345
1750887258
2606413215
3298359584
1128320173
953530582
394202347
329625596
859684313
3188817938
566629111
2094384792
3907849157
1829797134
1377915843
2704627956
554967665
283192266
3652524879
3789832976
4160302557
1520158790
983856539
4252115180
2400131593
3541978754
1990012583
888819336
392270581
1787329150
3223573107
2499799012
750847137
2708981818
2057284863
3188312320
766417677
134443958
354863691
1224642012
4228399673
2390259954
201979479
2738918008
1383376421
3822425070
488684835
4270453460
2593075921
3725017258
2060806831
2961738480
4023653437
2816719654
2314275579
507115212
3142334057
820445026
1982294535
252154472
335103317
447662430
2841842643
60979652
3489770753
540448026
4057027679
3969878240
4070349165
3000213142
3803068331
1557355452
3804100249
1223746002
3151006135
325996120
2525130885
2592807630
3824539267
2044230836
2673570609
3345794442
3251530255
1900921552
3271240349
589962758
2143899739
2352594092
2365620937
584917058
111170919
2404632136
90384309
2829158462
983827763
3598384036
2006943073
2832257530
1204267967
4182915264
4137863117
3841866102
2288866571
3416005020
158784249
951237298
1391578391
2505505336
2897111781
3018396078
3120078819
513341076
2492523409
2135538282
192420207
3945523888
1543926013
1176957158
2592425403
3253301900
205782825
2721624354
534769863
1540811304
691485205
3306731294
3174999699
3607195012
783453633
1535016666
1868215071
1226430624
710485549
1715160150
2059149931
2379270012
3729452889
2230715282
524664951
754095640
2559612229
4003952782
2659260739
4098056308
2873590769
332799818
1621784783
2702901904
831383389
2794599366
3296520987
3049330796
2368646025
2217849346
3854449703
1451818504
3373104245
3167507966
1720383475
3400388452
3427976737
3027737530
123890303
4243482752
173520013
440581942
2582814667
401171804
458372025
821214322
2594464727
439951864
1774251941
2776518510
2095530659
4266637908
3768013905
4014601258
1983744047
3524463216
1177128381
4129547942
1409826939
3661147724
2950203369
2046829282
2819831687
2640445928
981331669
2020893918
1474361683
1928864068
4086836865
2348034202
1521930719
4056410208
2671145709
13412886
845729067
1516106556
3332679705
467723602
1793439543
3642924504
1003977221
3475347022
746789891
1010172980
4254618801
3621599498
2903066511
2030830160
678519837
43256198
192890331
499659820
1616483401
282854338
3803636455
2321151432
3743453493
2093540286
2660805299
2371380004
328910561
371991930
1613752639
3231602752
2106417485
898696438
4235635339
3248910620
844778617
16285234
1642183319
564595128
913060965
4267003182
1890362723
2842574356
2539816209
4022857194
300267247
1291708976
4076694141
3046808678
423230267
3941050892
3603550377
2986169506
1031880263
3009993128
613245845
3934376606
873073683
3544618244
1735561025
3814167130
3131420831
3194599456
3321135021
4031238102
477378539
909827836
4236976345
2003928850
2104520183
3888014744
2367102661
1640330254
4173061827
1030776820
252568945
3041006282
1571477071
3235955216
1281728733
351248198
395337883
672075756
2537635081
2728138114
2353678759
3934694792
2220647925
2119643518
4253883763
4198151908
4130834337
3752750906
3102746623
4230088704
621006349
2225670838
582579531
479411420
256845113
4068737010
3882471767
1533063544
2138061093
3291351790
1611188259
3954475476
2444391889
42182570
4113606063
61639152
1732380477
1112216102
215643643
934700492
1909971305
66078306
3471443207
1034645864
2217056341
2432761950
3430538963
3014445252
2466361345
1399372826
1441222495
1186940896
3545451629
1651291542
194929323
1428654780
2696829337
3244812498
4121289911
3901091160
1494188933
2353467854
770400643
2746387380
409482801
230993034
3914278159
5849552
36347293
2070213894
1802517339
4166364076
2191893961
3543263042
825782375
4140770632
3045128885
389496638
1579700275
2903820964
3706259553
3804133626
946022079
658077632
2507864781
357224566
1065025547
1013958812
854638073
257245618
704423959
925243704
1905065445
3167258798
3585845987
1357022612
1749493393
1765613930
4141765743
1574889904
1740071933
435505126
296333499
3294945676
834839081
3919116322
185437127
2615789864
3053882645
2712792606
1542484371
2414525572
1057329345
2380768730
3007032863
3800602528
3155351853
1157323606
2460437867
2867066492
2482917977
3817081490
843455351
725169432
746629189
4100616078
3067192387
3669782388
308758257
52758090
2260087759
2134213008
1853905501
2478049990
1239340571
1918633836
860278409
4233984258
3762378535
4008926472
793661301
1562971390
1529496307
27696740
4033825057
2971419322
3309888895
2040833920
598927245
3040237110
1165707979
4110160988
3724482233
556548978
3898228439
3837214968
4186079909
1843709550
478498211
616057172
1944098641
632576810
2913911599
2203388272
2031976637
2052668838
3395791739
1421024588
2269784809
2629265890
1621873287
3991134440
3606069717
307534814
3710764115
2747297860
4097716609
76828570
425905375
2844108640
888350189
1169408278
72284203
3945800252
1997212441
2273700946
1376850487
3214425304
1412074757
4293889358
1043244803
239997748
3049985969
1998790666
748683919
1161134416
1982256925
2073878662
3046912219
971121452
2045032265
937347778
1747254759
3534968008
1854170165
636263102
1330836915
330314276
428493281
2626145402
107045951
3944978240
3832255565
4062944246
3883554187
3656917020
289025913
2982741298
2705495447
1406412984
3289433957
490914862
1059434595
1928711444
3443443729
4188624106
1885467119
1540286768
3761528189
1630991206
2580833851
1818302732
2737730473
386636706
4270119239
324647080
3282220693
2561214878
183621395
3941458948
4218131009
3912153434
2401020831
1937143584
2998153901
3528845014
1934975723
2311851516
2862908377
388861458
868665591
1969423512
3704435141
3566627598
784492995
707229428
2069080177
192870858
2446102863
437862672
3185447901
283080262
1902660507
2997354220
3879690249
1601559682
1470325927
1640959112
2950904053
121759870
1432512627
3203499492
16386721
3066107450
1651286783
863389440
2892300557
434807222
2553815115
1059318748
2372012089
183207666
2473962583
876400760
1039649829
3500311022
140301091
123408596
1294055633
1725697706
1438113967
2399963376
2713451069
2353948966
2729435387
1328469196
1982823529
307596642
3545800711
2886422632
417196885
2859415390
1610394067
556996548
1565373185
762766106
3676916319
3625649888
1779826541
413256854
2994376107
3128408508
1334492313
3157979090
1982283703
3696856152
2468910725
1478428878
3008162947
3657996980
2613115185
569938826
754704399
2241904848
2858815645
4047227910
206427
7183020
3424045257
216182338
4252797799
470189128
4029337013
1458107966
1209572147
2670369188
259951457
3515359226
2793919
3395073728
274673101
976447350
2322901771
943683484
3543572729
911460530
3182658327
4122032184
2482475237
1304690606
48936419
1839731860
2353621393
2936834154
879791983
2228086960
2188662525
2036309734
3350862779
14438540
2970436905
139804450
2380736199
397977640
862052373
2103911710
386808979
3260025732
3802436545
2200751322
2219354399
791893664
1339591725
106394198
1417574507
1894983036
1182643545
1617826194
2012378743
1144771608
66894661
810116750
3062771523
2310110836
265488881
3696225610
888008399
3482058896
1618922845
2054283718
2754396443
116586092
959115657
2581938178
1752199719
1092205576
3961201269
715244542
3258289651
270232932
1842859041
2124212666
3327877247
3885426304
1696209549
549842230
2968516043
2567619420
595065273
4257335922
3736869335
3354484728
2999981477
442973550
2039437475
4053588052
3816151633
3556426282
2739666479
1691551856
119370685
1714066598
2880640635
1160350796
3297234409
852144354
2633002375
1981923304
804164821
122737374
719753043
168083268
338703489
1544582810
3510290399
2424268384
414963949
1228331030
2887852843
1627279676
809332249
2911302482
1474850103
3167345624
2081005573
3268772942
3813028355
1692541492
2420759217
474285834
2690825615
4288348240
3303557661
3393304454
1621433307
1777865260
4282112585
540905922
1732188391
3502814152
544487221
1479299518
511262899
763625764
80071905
264205178
1539235647
2196035136
3210069837
1533162230
3194617995
4114992924
2129007225
3941960754
1968140439
2596095928
1195465317
2085370670
1997192035
2667142164
1801915153
2540092394
4178193647
383510576
1953976445
1349470822
2975519035
2681636876
3781105321
2339758754
791966791
2802227112
3947104661
4260118686
1447404051
4094767876
984651073
3923894362
3368003231
3552523808
964683181
1325399510
3424816619
4267261180
1837754073
222663954
4106822647
365142936
135218373
897802766
2754933955
1465550324
2514840433
2207768778
639257679
3717054480
2086831837
3194703174
4163647131
2369580524
2936636169
2041291650
2292744103
2329111432
3388345333
1967693694
2007217011
3542373604
2097712545
2528099642
655695359
1409713664
4090639373
935868598
631425867
2695928540
2789272377
1202654706
3224209239
500494200
3188416293
2033383662
3323780643
1098751956
4242340817
2064676266
1282087855
1118341104
3477204285
4125999142
4218506235
1419985868
4166197097
3424048226
863189767
1244082024
35798613
3606670942
334197971
1010132676
1592112641
509676058
831997279
2427635168
3873747565
1165157270
2269296811
2093213884
522395545
2842293970
3981744823
3739822936
1959635333
1846738894
605714307
215656884
1499839537
1946712714
1020566287
4045684688
3954017181
4105085702
3984724315
2491517356
2572413897
1072657730
460105319
4009354056
3848315061
3619073342
2826233395
2629593252
1063259745
3844982522
1327373503
3535533504
2538561741
3283615350
425350667
2936743580
440959993
497962930
3189136919
3237500728
1139680229
3604706990
4052074723
1693033364
815246481
3233279850
1949223535
1341712304
3695004157
3563451878
1823901371
1733279628
3122915369
1852671522
1483522503
3208873768
3511235349
3359136798
2660763539
1580292740
1234147009
2874012634
2457969695
521803168
363478829
441420118
1883349867
3489551484
633935961
1806964882
2689257847
1744466712
1325715013
306470286
1303820867
4045573492
3549089009
257348682
458336719
2183036816
931741789
3402348742
2204544027
1669719404
3470464137
3435726594
776703271
1023154952
796128629
2503375614
1269618931
3859561572
1955352353
2365165754
3130645375
918889856
4270673293
3438380086
2354094283
4095046236
465362105
917721458
768210135
3018292984
3316230309
453358702
1141203875
1425893204
1599544657
1780295978
118831407
1720518512
539584189
697822118
2817163643
2610690892
2542891241
2889480162
216074375
639344360
1970857941
3345549790
4044053075
2512719428
2205038465
40410522
842973919
2528453984
2056293357
2069229334
3655290411
2882043964
574345497
4259576402
745261111
3233250008
3816076037
2279045966
3418995971
804401460
3172244913
927133194
3092347023
2554101584
1152761117
1585614470
3164210907
2651455788
543096137
972576962
2416260071
1956254408
619711029
2206730430
3154873267
3402879012
88952801
3755154042
273177151
2011305280
1045166669
3778333174
826649483
59735580
2875061625
478024498
2382908311
3865208504
4026396005
2339484206
3361457763
494463764
2715504145
956310250
1541302255
1847912240
3754312573
4081295718
265108539
1967650572
3244013993
2134649250
2140147527
1584363176
3413204117
2320201630
3322244371
3736109572
1430362177
1433470810
395223455
3477337376
2320996525
3594917078
3604723947
2212654076
1966819801
3384384530
1886879479
3101704856
1054693317
4102838542
152272835
3037304052
2395156081
2374813642
3398698831
4215160592
3086154205
2375230534
1541153179
2815286508
513779209
1631414914
3478756007
1435749000
43310837
946558590
340852339
651371492
2590183585
4017775674
3068762367
1305658624
726361869
1312935862
2063169099
825838044
2313932345
416191730
496067159
136908408
799732261
769617902
1229515043
2317102804
3504619217
2938166442
2303350447
243304176
533979197
4012447526
3340678907
940815052
675463785
2704546658
2671367687
134155880
1878167893
2258609502
2554740691
4105418180
3351886081
2519150874
154222687
1619428576
2042586477
1491073686
972481451
2349602748
1065845401
4176805330
187561399
3761556056
771669125
1042478798
810812035
740866228
2169929521
1945395594
3369686543
853786320
4127258269
4122835462
3823959131
2760997036
442306249
3696770114
990429543
1604928072
3307369397
161506366
792539443
2513057700
2626523489
2377084410
3577583551
811021504
1514902477
567842166
2620129547
2429736348
942040825
895801010
3676649751
2298181176
2976954085
3356421550
1368181731
648491668
2234642321
239031914
1712915823
2942297776
2769435901
2601012454
2963206587
3888066188
2097580841
2346831138
446586055
2190108200
3216803349
4062548766
2727203475
1401858436
2747701697
1984633562
2380701471
2721895584
1032319533
4041449558
2515586667
3087369084
1642101593
1968578450
1531915383
2255819288
1033429317
173757582
743130435
17800308
2374930417
205110090
3923862735
2263678608
597668701
4106325958
2542573339
2014631020
609695625
84463106
3788679207
3533339144
693684341
216478206
2811241459
1937312612
881644065
1278359482
1376015999
1462723712
537690253
699996982
2275232715
4129038684
4140679097
1006688370
2240008151
2560204280
1645165477
3753913198
736587427
1054471764
394551377
1478201386
2299163695
2021852784
4097923517
882983590
1863183483
1208642124
812061673
2030386914
1618846599
3989929448
3616488149
3265085662
3751552339
922836292
1912093313
1738327194
3966680543
2888229984
2322677485
1276184086
1032419627
3146690364
2097558553
3902603602
2140873527
3143703000
3127625221
3203756622
2813937667
1602109492
1814782129
941413642
611070863
4279893584
630140957
2824824198
2038100443
3323457580
223223881
4111409090
2457292519
2921820616
2885147957
402636734
3624523443
3684671268
1260442337
2093138298
3556627775
3122353216
2437819725
4087570678
4027405963
4107611420
3332495481
3059915314
2607621783
650347960
3997597797
3132303662
3810054499
3732175380
2694549777
1316325866
1222550255
1370089008
1377908349
3115579494
1697359675
3702875660
1931762857
1650356386
2677516871
697587112
2485825429
2915479198
170997779
2597048580
2065603393
2614898266
730438815
1443148832
3577433005
3626511318
1132520427
174562044
4055411929
3163136786
1456593399
1320739224
2973199045
2175881230
224266947
859087860
2515333489
2573053642
792314447
1663745552
2693754077
3998677830
1282935963
4066036716
1711393033
2250977666
3686184359
2987403656
2311041525
3232370046
3681175923
2851992292
2299106209
824249146
3253343231
282788864
2194709005
3445057206
1211900235
3770546396
1751298361
3997834226
1537293655
3812175224
3268838693
1588061934
1105261603
3510025684
4181164497
1930249130
3159724463
3801384432
3279016765
3892342310
3048743419
3917488588
905864553
28140130
3333189895
3583176040
2454643797
694279262
2634877651
984483012
3355032577
80304154
301415263
932594656
1386616941
3270054294
2056720043
3629139644
3770148249
450626770
2142458039
3493620056
4005285765
944696782
2281278851
670222260
1133724209
2445035658
2164920591
987708880
4183845277
1684558086
2470700891
547186604
2133995977
1377633090
206625895
1578410312
3211806389
1554389822
2356247603
2052327076
1460081761
990713082
1116279487
3543036864
2303968973
3298110582
3270093835
3449193628
1557154297
3984022962
3303019543
1035638072
209668581
2438882478
3539982051
2732638612
3122147985
128105834
3123658863
2466440624
217264125
1028039654
1131633851
1915395468
699739689
3501331490
2222716871
1368212776
784062741
1798228510
3538918803
2456287364
558472385
1411662298
645372447
2828768160
4151420205
4195596118
1972107627
420000380
717479513
3981715090
1493141367
2410393880
4290311237
2291026830
38522947
2843257716
1843286769
1123590730
1352474575
3455548816
1422009949
1750296262
2426307099
882885484
1772051081
2997130498
856015655
4059355400
164207477
28567806
2246012659
2824985188
3722007841
742842042
1016779135
953525120
4187468685
2803675702
1389754059
2401161308
3836388025
2108317554
2515118807
1711783160
3087060645
3633750638
3778378147
2670888276
1006478161
234223402
3643518767
2327119216
3009760445
4148599206
2971490171
980736332
3205019369
153912802
1204174471
3175308520
2251394517
1760393182
2795040851
3719932996
265174401
4222413722
2949298399
3235160928
2019422701
728243478
2266997803
2152783420
1889310489
3719432274
24542775
2630269144
820959493
3626985806
655676163
3817230132
3448644529
2396175370
2494754447
607354192
2541003549
400047238
1195891931
3525435180
4127802185
3246515906
513108455
1836110024
3851137077
2241033918
578036147
1340567076
104879585
1452173434
1457475647
965776192
3898368077
44955638
2864775563
3105283100
11647865
681779506
1300103575
1273013432
1914377061
2047909934
2000804963
3521906964
2544358417
1204220138
1879760367
2976572720
4220004733
331370342
1635127867
3323909388
649658281
2765928354
1061897543
4168430760
1970274965
3630032286
3536388883
409149444
3695681089
757290330
3031472031
1476490016
1244331693
3299230422
3255963371
2179516924
318902233
1437968914
1473787127
3343745176
2401074629
1290946318
1628739011
3252400884
3680679025
386569674
67861839
89341200
1714937821
1354158662
2046818203
1558428396
3039816713
1484060802
1572851879
2420672648
2406909173
2114241662
2096075891
1285865956
2029786785
3416502842
4162227967
2367636224
711052557
621346230
1030409291
2671683548
1906676793
941728498
710744151
2667924600
2811107365
2072796654
1608843043
114117844
2782315729
919972522
2509032623
2934211824
3927688765
1349764390
2000522491
1491636428
1367738473
1568844130
1506479111
2732772456
2570532693
792728414
3527398867
4263793604
2406858497
3662118682
4226365023
98697952
2711145325
4086179990
4179835307
1368421820
850675865
2132741074
4209290167
2667579480
3875857029
3432441038
3674937475
4030256820
3491497265
1029713802
359058447
4179016912
634117277
2964269062
2877739611
4171585196
4157822153
289262146
1061484391
3661365320
71965109
1086837310
1880213299
978965924
2664208225
1564916730
1191218623
2873209536
1416100301
468566902
1033066251
1431712668
3091606777
3051742386
726069015
3476403256
2233064677
2731137966
635363811
3382071444
4283069841
484582506
544308079
3940672688
1138762493
723581670
3576940475
4136766604
4029665577
2900253474
1174770375
474752040
1313287189
2740191518
3753732243
180176772
4061700033
3034147034
204772639
573985440
1936152621
2782907990
3205702763
3808944508
2960343385
1135488402
1230758519
1939755032
3311732549
4242358926
2142788419
3663575668
2759464433
596871498
4286896847
1195244688
4210071901
2508275142
513568027
2301014636
3467869577
1167875074
3521437223
2332768264
13004405
3818692606
2526722547
1959176548
2691815457
2637661626
710757503
3417825920
3140413069
3038529846
2650448331
2937945948
357795257
1806689906
251364823
204594168
4152254885
1971919214
334464163
1711739988
4240631377
4222377514
2809719343
2367882352
2375368637
3783782566
504939131
1658538060
1937136105
3434073314
1924848007
2222013416
2975850709
710520542
4127308627
2045639492
2364555393
781783706
743617503
3300811360
1951835373
2304455702
1721880363
3926854972
754907673
1294143314
1644026167
1424512984
1996352517
1132814414
4191968771
2886360628
289203889
2875499274
3106253199
4152949840
3395687965
485299078
3590375387
2988953132
177235529
256945602
3831465191
2725654472
28017461
1011035582
1263168691
397098276
1722538209
3711307642
1223478079
3863073344
1937150797
2119470838
291548299
1079282460
2307759737
3812599858
1413143703
1169802168
2877007461
965351214
886499171
3890190356
3070236433
2499041258
2170755311
2103960624
201006205
1902683750
3031203131
562316300
203006633
3065446050
246079559
3138524072
2671859093
2047941790
3486305811
1198944004
2830934337
2034662490
1661178527
3308925472
421966253
197155286
42940907
3664115964
152531673
87929106
596283383
312352664
143626437
3327081998
3023511747
1358873076
2401531761
1989377226
4178131023
3518479376
955011805
615688518
2490622619
3613960684
1009389321
1209712514
91548583
3762087816
1136220149
3766188926
2833309555
4274491620
2587531681
788683066
158271999
2996797952
1375666189
3310785718
176518987
1555781340
3585374009
1716857330
969208663
730688376
231844645
4102870254
1398082083
450878420
113379281
1786384810
3304064943
1668318192
3285301565
2558729254
3148806139
1984757708
2866391913
615772258
144025351
1609476968
3031140949
138037854
3890127059
790012612
1312670209
2258740762
1996960095
3144270304
2526510701
1523531670
1704682667
3888948412
1702669209
2512261842
750913207
1014998872
1188689285
1794825166
3649610627
1962599860
1458620465
3873445514
904890127
1569340368
2873315229
1251081990
3702898011
480855468
3024123849
2310705474
2212827751
3290390344
3283086517
637897022
2317226547
3319506084
2749241953
1683776250
2460223679
2828071360
3951570125
2548193910
3156804107
403825308
2055737337
4272974770
3193555479
762106680
1262514149
1817268910
4197051619
2328354708
2227746961
3187510122
1222620783
2801591216
2044270077
3566686694
367014587
1693809548
7762985
2422645282
255536583
3536257832
1314815765
177551390
2029466515
2895025796
1177789121
141201370
4011692063
4279046560
3781757741
1682433366
579227499
100864124
586064985
3898881170
3697556855
575467288
3197966917
3611834766
1418782275
2210318708
1633802481
504000586
2795017679
3804265360
1177226333
3964343494
4052113435
1705615724
2207490185
770712322
1852832039
2380109576
1045381493
580998910
2311193843
3366418532
2891340577
251931834
3410741119
4292223360
2496797069
3283607606
420170955
1175989852
3100141753
1980853618
2696503511
2065169144
1351087269
647467118
1947570083
2203558740
2312382801
2436810026
2750555439
1875706736
3000054461
1667581862
1711287675
2973611852
2108685545
865014754
2438689927
861608680
2300195797
1994515934
2111211091
4221454916
425608065
1885419930
302427871
2816745824
2925221869
3588901654
2349857323
3905502268
3794623769
2800752210
1362179127
3552966360
3164143365
1895257934
3490703619
2836032820
1731701169
4258433546
1103389839
1763343184
3999500573
664660614
3584406235
1445575980
2061732169
1316713666
2480250855
1027051208
811030069
2886657214
42776499
585829412
2623757281
2159654522
1512457791
2955874624
1654441549
3600229878
3555481483
2056141340
2436202873
1446522674
1604564887
72278712
3395828069
1763675694
3419927139
273622804
782522897
2784870122
753357807
2778784560
3011121021
1118633318
248440891
3739595532
1397114281
132990370
3182852935
1634398888
1100916885
48255902
2973538579
403029508
276669505
4031095642
3867315615
2377052448
1915643053
494301398
3036177643
64956412
66639321
992065554
1776872183
548060824
1301128133
1573401870
3066407875
3500003572
3778165361
670589898
3191010127
3092790032
1219282397
3662315590
1272171931
1374263532
720384521
3306980994
2195064487
2448246408
3599248117
1477325438
255732339
2959499236
482679969
3409772602
2784199935
1901838592
698888973
507521974
1603019339
154404316
3297729081
3907301618
970509911
2026998392
631324197
967396334
3425768739
4251871956
1274628817
2113566890
4202644143
4030235376
2157161533
808350502
