2221069667
4040076820
2481468689
917626346
1365698287
2947373616
3431340669
1739295846
1404447547
240523788
2483388585
1176847522
489188935
1543915944
1596724117
1320207006
1846295571
1417872644
4230233921
1820164698
1060298911
1790257184
2221485997
1247068118
1186752491
3473231612
1467142361
2505406226
1134796279
225957272
1243729605
1836082190
470421187
3750287348
4142634353
4288938698
2588149327
2378707472
3670429917
100175686
1420071067
4248141804
2866081033
2839283074
201947559
1146887560
248714741
8266110
2368163187
1680811748
2889955233
709648186
3767883775
2158327808
777027085
3148741302
1436132683
3038096604
3062814009
14675954
3014984023
1615995256
3797084453
1271986926
2666461219
2223305172
1357391313
1281202090
4209104303
2529950192
1450882877
776733222
3632702971
3667187148
1203997033
4178064994
985740551
616096104
2322876501
1830809694
3182169811
2723756228
1449353217
1535028250
3970203487
4286232544
3547855981
845784470
3541471915
157416124
5638553
1010555090
336139447
2830064984
2378838917
3420586446
2489946499
3476749236
2599806513
1393990794
2216187151
3048255952
4265299357
509469958
1370778459
2230066092
2263438793
851564354
3576143975
1192531272
1671932597
2303602494
3170009139
3162061476
2577578081
2756471034
171464383
1881991104
947366605
977256566
663433227
677525660
3068161529
1923166642
3866613783
2391247160
2753539557
4032526510
1876024035
2871195028
2586629777
2785481066
4072637551
2439928240
480252925
803616742
2659573947
1454592396
3495842345
799074338
856996807
828848424
939867413
3854622238
877830547
1543974020
3776397505
82679258
2351488543
397674400
2917632301
2062043990
659520875
3935200892
2823160409
2873621138
3638119287
4124222744
2297124933
1475698574
2424296515
4290043764
3752130289
862385738
2947507151
2365387152
2285963869
3634166470
156435995
643987308
3627712137
2765973762
3630204711
2779303176
2971991925
2939157758
3106173683
645598820
1675163937
3650761402
1900942719
4144502656
274700173
3088795190
314276555
2757657692
4003382969
3379049330
3305467607
4270371064
2881827493
1030207086
1103855011
2959653204
3363194705
1164856106
3485463343
3344202096
2746626237
2855939494
1215552379
1181846860
2660621033
598694370
1961034375
2714849512
2225009109
2924710878
3435131987
3175931972
620749185
3666493338
1686109407
3407943520
3363296749
3515920662
2519148587
642421308
4026710809
2352602194
2966700599
77704408
2286238981
2003467598
3138180867
2629206836
2109261745
2186612746
331952783
460124496
1570211613
1383452806
2118148315
2237174572
1871210313
424590018
3832819175
1608041672
1946883125
1206094526
3699189171
3186926116
4087609825
469089402
3163984959
217515840
3402122317
3271592950
3387590027
3167391772
1586093945
2398418226
3458057623
2685769912
2785245029
2025174062
530309219
2685811988
4102322193
3964880106
3903005167
540956976
813501821
2600985446
957388347
764381452
3811189673
3472067490
787220807
1438066856
1291937429
2090334622
1102317331
3253359620
1792885313
236235098
2087312287
4051822368
2548621997
2753746646
844993259
810974716
944518105
1221688850
2059008247
2765911192
2560090565
1342266126
2127600067
2449467124
3992017009
3785419210
1730527567
683716880
587121629
1772643910
1933343643
93220588
3717402633
1775619202
2283967655
895777928
3910789365
3911768190
1102878835
1587934692
4056136353
2099185210
1389482751
1773778688
1014083853
2830078390
3218624587
3311819740
3345070137
218593010
1082186839
586039416
4288314405
2818929134
3556967203
1173061844
4145506513
477494954
1411977391
1139538160
3350506045
3222231334
2468090107
1338852556
2396728425
3945626978
1341116423
3973628008
770480981
3327010654
233757139
631211972
3144639233
2437731098
2594601567
580286176
1358606189
543079574
3467820459
1014114748
2715970713
181329874
3578425271
1715666008
2258847365
3346659534
109780099
2337344180
1762568497
3003810698
545591311
1018704080
1026998429
3153378310
1795642971
3401845420
1931114697
808623682
304855911
2785801288
219250101
3904890430
3282225971
2756643236
3338156897
3470135290
1522520511
2232428224
4196130253
1994938230
658823947
3522291612
2850443513
1298118834
451851031
4141000760
3846848741
2434199470
3921733091
766018708
1760500113
395737194
3910254447
2585614512
773654269
2534444774
961956795
2968174732
1382610217
4061998882
2259572423
3338016808
2216726549
3241547038
1815112851
1680636804
3749069761
368229594
1173739807
3055470240
3899472941
872702550
4259752043
1046320508
226846041
3153199506
524658295
2559919128
3743902533
2207536782
1023172419
4100583028
3889215985
408018250
1990663887
2668851344
3506404701
2803552710
2824925467
3099158124
1088332169
3324325890
2437915175
4052691976
2628899445
1550365694
4243570163
3937394020
2617343009
2732251578
3139473535
2528794240
1485228685
4218084662
4075824587
3056415580
1188538809
431864434
472336855
1266864120
1137886629
3114937710
2878703779
2735556692
2731248209
3748966954
1042099759
1251113072
3900056509
1573618854
3464447611
346553420
2660466153
495100130
1105698183
63909864
1818051797
1661977310
1463336787
3109105476
1605493889
231106202
3306682335
3285898848
318802157
2362689558
314135339
3923296572
469048857
100328274
2003541303
1267944408
4007940101
3926946894
3437519363
4178219572
586648241
4080465674
1615588751
1469214800
3273194013
1222289286
772361179
1932427820
396331593
1164804546
3561900263
397288392
347793205
434323902
1214476467
1300787492
1503624417
1257071482
448007999
2524464704
1819440973
3287753462
3583651979
98058012
2666906233
4225858610
3270156439
280934328
3354659429
1736387374
608234339
2983840788
3178019601
902867946
2852871407
1024153648
998244477
302004838
3042378043
4274321420
2753218217
1730007714
2958795847
2200176552
3278027157
1637560478
2311574035
550347524
2229421377
2861027418
516740767
596289056
1165268397
2559372758
535477739
2997071100
770807513
1386841362
3162264567
1325208472
3264869573
548295182
553854147
2230515188
2470648689
3849965770
2486402127
771043344
3091412701
2129935686
3200280219
1575181804
2283614985
2278265730
1776791463
3626556296
2985081845
3069153150
3233670003
2828584164
2828156321
3637357882
3761917439
1007285760
178185229
508373174
1107491659
347278044
1929419577
1032519154
1308145495
4131807096
3731754789
2689984750
511905315
634261460
2442308561
2624218538
1134316463
424146928
737844541
1903079462
278756347
3003233228
1405013865
2293154914
3234491143
3837042536
636546645
848846430
2124260563
1449252548
1472685569
3723950618
433354079
1827550688
3028902509
2230309782
4164610219
3430832316
1681575833
3418220242
2369243831
848468824
654858629
221114318
1679337347
1138956724
1903389745
1356491402
2300431119
2851844048
356397981
3878130438
3712368987
2627205548
3809975241
654271810
2698761831
2998883144
1896304821
2303565118
1086264883
2543900836
4053384801
507229946
846417087
4281296320
3352039629
405597814
1793754635
4135425692
1136145401
3900325810
3155267095
1809434424
3019953125
703489710
622588131
2326401940
3086834833
1426186090
3784309359
1191729072
2124806653
4191610342
3272783547
891170700
1581226025
4227167778
569635271
2285958952
4039631637
197610526
1887057811
3587033732
2703312577
1507058650
1022284831
4156917152
1425993517
1069316438
778687339
724092028
2677065817
1526204562
1214120311
1175708440
2834267717
1431260558
2162485827
2711289204
3058203889
1461240906
1976228303
325447568
4274647133
3744770246
3428506651
319575404
961463433
2093545218
2280308007
3878783752
248161653
2797431550
1663502579
1986047076
1568014113
2901901498
4162784127
396924288
4172938637
2136372278
1125175499
2130174556
1373408441
3329180018
3421840599
2704862968
896293029
2315822190
2194379683
741201748
2305609041
1633098026
447113519
3993794416
3091338941
3908623270
1870049659
1222273868
878518505
4205963234
1117272199
2374569704
1084725205
3806853598
1511885395
3671162436
3920619393
2413727130
3470521055
3687880032
3683990509
1991434006
355958315
2187522108
2159247641
2853694034
212793399
2571168472
2500813573
1590848334
573041923
3386548532
444747185
3656703498
1358604431
1911811920
1504079133
2228977286
2394830555
1694527788
1535290697
2733131970
3990119399
1967096520
133610037
3841915070
2192948147
1620590628
3571908577
3602975354
3623717439
2100659520
2989009485
3783899638
2100681611
1105325596
2653791609
1630143282
4234378135
2250495672
259038565
107258414
1112667747
370760468
513867281
2200572650
1168087023
4128528176
495907709
1016369510
2022272059
1911973644
114780585
2124683682
1366769479
3561809576
4065332373
1840932766
4131888403
1630335492
2050181185
2983655258
3596341663
4040123680
3171698861
2542994646
3210995947
1173150716
1751316953
584944658
3102387959
4225348248
4163372997
1333217550
2996940739
2824996084
383835761
2066659274
3513595727
2372251408
3398674909
3051099206
3878703515
4130622700
3664991753
1931303554
1633208999
480852616
2571865845
3654436478
3123392115
839357412
11321505
2908247098
953075967
3885380864
3369604877
2357641142
2350491211
2465970652
3916135993
40535282
2350682711
3394928248
2932711973
2764201966
779032867
338468564
1348071121
1010486442
2033944239
115341040
3008139325
2993293094
17491707
4096926412
3329127017
1099696994
1028720135
4232871528
2726379861
570332510
3216535507
614475204
1533765889
2977767706
439251039
3464623328
774116717
3491555990
4289663915
2844166076
2002727577
4010339794
3956352439
4255005272
2667146373
217966286
1561473667
3908118708
3827576625
2626048394
1843561999
3984273104
3058804381
267807238
1483811931
3932678316
115392201
2267556930
825749863
1563341384
3213435829
3673642046
3829883187
2255398820
1233600865
41770490
1095944127
3465192640
3515368397
2383250806
2726048011
2248492444
3025540857
3018901170
2044750103
3718047288
1078159077
719445422
3521313763
2988941972
3075973009
3460908650
2352625007
2284803760
1044049149
3359194342
3954909627
3545079436
602028841
3173629218
3034942663
1699206696
2918921749
896828190
4046455443
2699762052
1444432321
1083247322
554946335
3433579680
597467693
235966550
1759051371
2700079996
2389191513
4166651794
69360759
3998122520
373526853
1025918094
205092163
4148694132
2064400369
1606134602
1562023119
3656674960
1101030237
4041899974
625002267
626738284
4052412297
952679938
1815205927
1989143048
930052213
4264436222
2613728243
3113057124
3627450913
1743792058
3628697215
1775424640
553201805
3017673526
3005053899
4005466460
1068330937
1065142386
2221866967
4020964856
2962353061
511908718
2003672739
1003120212
2891583569
991264810
358327343
2713876080
1125779901
3150066342
3680115835
3540572748
2415051753
725429986
653579143
788458984
830335701
2648453342
2238600531
298700100
4076464769
3503469722
835448287
50484320
1379266285
4281202198
1302440235
3756597052
1312678937
3901813074
547246903
3718941144
2865133061
1169187406
1792505859
4280725556
2488864945
2794374410
2513789839
1519480400
1363140637
1987597702
1348411867
1255039020
1798426697
2713653186
3775299303
1754063304
2109639989
423014334
997459635
3877900068
2507834081
795914618
2759001407
2972632128
3421166925
2344112374
1891468939
1625791772
2352056441
785287730
713578135
4031051192
2893623397
3311802670
701432163
3168070164
1210138897
1147107818
1801442031
995710512
111797885
2328160358
849860411
1998837260
996150441
2240176290
3258899015
959563176
164192149
284532382
926115859
1929920772
2060471105
2483166810
1394003103
1229988896
783285165
288693206
3234403307
3660712700
396385497
695046930
537201143
2607960472
1765939909
1281114126
3819715267
3964474356
2831851889
314547914
3469931087
923938320
2314214621
2120215366
2626436251
3196140524
76904713
2613780866
511042983
4075133320
3476447733
3251699070
3724835187
3941753572
705905569
1790901050
210715647
1549693952
2803714573
1666995894
1310478667
809527516
1520591161
3416656882
2867621207
2401934712
2696492325
625661678
3016172579
17247700
1668100561
1810314154
2768683439
4239652336
2376762173
4076953126
342118907
56529356
384439657
2244301410
1971560711
597712232
3550319701
75549790
2168404691
2153411780
4133186561
2078230554
1270115167
928101344
3989489773
1910899094
2500804267
3280647868
189765017
3836736722
2702606519
3076905304
511082373
921296334
2708979075
1786460084
4045468209
101595274
2127773967
4147555792
1349589405
2791391494
2357729115
2754860972
242606537
3232559938
1933577319
2505707848
680982197
1304234814
1580969011
1622701732
4274046049
3952805114
928924351
3810649024
1196455629
1217010806
2113526795
1888023708
734001657
532893106
73090071
1008469304
3121740261
66147502
2685798115
2485203348
2533221009
4083985770
2567991407
1301435824
2631655421
1916244966
1666157755
2071530892
3545292329
2780431394
4018350023
1309324584
3954870549
2923280926
2656161171
3045353604
777735361
975843802
2724514335
617022368
2219201837
251701078
1563699563
2410881660
168529497
68687506
43169655
2168791320
1461953605
2870557582
2398748739
3849395060
1713111793
2721747530
3700838351
3804163472
3380794973
1279022790
1662169627
3752211308
2576550537
1780778242
3995398951
2410301704
1184910197
3535460606
1457102579
2755021412
1011025185
1136971450
195035519
2100892544
21259149
151102006
4078315211
4118888540
1078612665
4108734322
4120173271
651767032
3846405797
3877212782
964405667
3252876628
999510865
3702515498
3728531247
1437889904
3103653053
1176996262
3257501563
2738047308
3780404969
522483170
2667409031
3627076840
1860189653
65824734
2301304915
1313217604
2878336385
1084414874
2649221343
695210848
2799870445
2521107734
1811403819
4067118652
3029616409
828766290
1664724535
147859672
1611237637
246045006
1458766595
2297347892
3229340593
3372526602
3738967695
23784784
3655684893
2377198726
585895131
345526060
1991045961
2985416386
1575262695
3784720584
2786222133
646604478
580800947
3509313060
3411674593
3304872058
806649919
576979776
3921219661
847439862
1613836683
1391021084
2567007097
3570340146
4250481047
1059198136
3473785701
344166446
2327317603
2517399828
1777173521
3916488938
3410759151
4242167088
651221373
1821458278
2477933115
4266476812
1907666857
3955533730
2998039879
2714936488
969847445
3142374814
4236981011
1180667908
3065597505
3238610266
1157482399
487383840
3395268269
1970483926
3558489835
1601387004
1806286809
3596196370
2714461431
499576984
1172843973
2271033102
1680000451
1085547252
2030068849
472679882
1013230927
452635920
643338205
1216332358
2396268443
2798267116
914594825
1909778562
1363083431
1256061064
2209166581
3739989118
3695821939
3277402596
1422247585
2164367930
192659199
2321724160
3580787981
315485622
940244043
3699447772
4138026041
155030258
1516783703
884391032
3828402213
2448379374
1586179875
3697130708
4207703249
2607782570
1996356783
3938710768
3943986749
2738140454
4205427963
3498508492
1966192745
3311049058
425868295
1253063784
3913672533
1243546462
1932658131
1502659524
1486319361
2904387354
1583769183
2539483872
595426157
3662354582
1750821291
176874940
1342961817
481491922
1560796087
1340700760
3581907589
4210152654
3779676291
3095479988
3362370865
4252114826
1810889743
3073256656
329026717
443029510
696975963
3120285356
701957321
1133361730
385099623
1262579784
3694184885
1369358910
1587279667
377374116
1095124833
1234480122
3298147775
754262720
1495574989
3080893302
2908981003
2785584028
3656768761
2616317106
193077015
2002199608
1366068453
622644142
1068831203
546750612
2263885201
879498346
3088231279
2268157104
3397964541
1741810406
3654285243
497056908
2626388265
631655202
2177680071
847877160
3657817109
3861049630
668965011
60405636
1508528065
3063896282
1893844255
4028744352
2801535021
2995568214
3145421931
3883028860
1115353433
3996261778
4088337015
4009213976
2609887045
254292622
3106310979
1544956532
2809644529
2392160586
2755529423
499477648
3329313117
1630154182
902864155
837624428
1634151817
2161921026
3183742503
578856968
1818041973
2489552894
1146415603
643504484
3113977889
2960487866
1109556351
1104892544
3382417037
4005640502
3002782155
2202005340
2209559993
1454102130
3479614935
918768632
58790309
1405880686
2029368483
2927068244
1729664593
3055963690
625613359
4192367728
1240330173
4163428518
3554996859
2841229388
1484917225
1181203682
1521617287
2032053224
684626133
2232983262
357821267
2151312196
1131540609
1330578074
3274695647
1058656864
161174765
2885166102
540671787
2850651452
3820399129
4103536466
2223049015
179423192
3839400965
700469326
2524614147
1462947380
3471480497
2975240970
3691960719
1451256912
597083677
981861254
3060070363
2992520748
2918454857
1132502466
342799591
3495665608
2968662837
2096766398
3895762099
246394148
2793769185
123993978
719452991
3235201600
999506765
1172930294
4220574859
132578076
4103949945
3274414130
618007703
1656435640
2804831845
1673332526
353179491
2445281300
3020277521
3797829610
358893807
714560560
2919484541
1375311462
1269345595
4151489548
3654636201
559869602
3536982087
4264526760
2992637333
3703573662
4132371987
3409108740
1575899457
2834066522
1544602271
1543873056
3223019949
877480406
2841078251
3316672764
2491359961
2577506578
3997024247
1926729624
3189391557
1887055374
3825553603
2509713908
3078760305
125136074
3391252559
689908752
3486319325
2218498374
1846022811
2668567020
2688401161
1698344834
2847153063
345134984
3870296053
2703387518
1694175091
2872836324
2965653921
1612728634
3851696639
1638068736
2211164173
182158518
4192577355
2277361372
3983812409
724638194
1250960215
2868829048
2838780709
1521468654
3736812067
2519747540
1182250961
986972586
2669754287
3239048176
4220152125
855903270
1675307003
1269526476
289758057
1884020834
3639400199
1635523432
326777429
1658403422
1167118547
2688750276
2988405249
3040319002
38035807
3735368160
4282134125
2035036054
697537707
1854346428
1972657049
118620882
3483711159
3072923480
4094993797
3373648846
3431388035
3271775668
2583590961
4071753354
3845699343
492940240
802422685
3691704070
3749309787
465548716
2298750921
2143977794
3428074087
1860489032
173448373
1453095230
2506637875
2545947812
1092078177
2355778298
2566469823
2617532864
923065549
1264011894
3770233355
377770652
4009213945
2558286770
1062533655
2135835448
911417317
4267983534
1623203043
1200115604
3073271953
21461866
2571167343
621564848
4148282877
419971558
4282147515
2848189324
2945590313
2901316130
465722823
46428968
2833067797
1294215198
1037656979
2066417284
147149505
636518362
1015726111
515408288
3149773613
1756681558
867073899
2553118844
1740002393
648553618
2272750967
661020440
327666245
3646105998
985601603
1261910388
1864337649
2496421962
1678886351
2064116624
1751891037
2679375046
1299875867
204476780
2030522505
3975156482
2333026599
521340680
3634753909
3005761278
339490035
805038180
2151680801
503454906
735115135
2813956480
2852047245
3575435318
2731244747
2281348700
971511993
3570228594
3252981975
258566904
994747557
3566895214
3856383907
4052226900
1592383825
930657578
2592298287
2118939504
636084925
1103509414
3230424443
3581683532
628862185
285672418
168993927
29919976
2403918805
2439042526
3655906899
2544548420
3936351105
1826040218
1369693919
872386912
2858420205
2957458198
443034155
4133727292
195366169
2720269906
880043063
3545196248
1764994821
116541262
3647871235
1509088564
4020591025
3481565706
1030591631
1238494032
1582577949
3975600774
3133792987
337653036
1090992457
3328926914
3030700007
618462920
3462268469
2357580990
1010231219
2410642468
1459424225
1722263162
1155233343
2088927552
4051269197
904664566
4074538891
1876994588
3473224057
1776557874
1358882711
1259360952
1692068197
588414510
2026775139
2683279124
1449789969
2670178026
4188570607
3029357360
3426926461
2868768102
176887867
1385440012
2747397545
2522166690
3533548359
1044931240
2742900885
3847177118
3565078803
4051840516
2691650625
3148583770
1213185439
4131021088
1071846573
3183698134
4034958571
4243167228
3256911321
3812993042
3042712311
2326015640
30954437
2008229134
324262851
3673571572
2488265329
1150964682
671884111
1367321360
3058529757
2710794310
3928489371
2538604780
1908662793
3858527874
3621074599
1073919624
675207925
2020942462
672684659
2459619300
1846463649
2015031354
1255716095
3525259520
3795116813
3146062774
1135366731
569800156
1863256633
2709561586
727973463
3791846008
532934181
4018945006
3830924579
511630036
1986984657
3121899690
3446698671
1872229104
4010564669
309289766
4294480635
1691082444
455409257
4137232226
1680044551
1476655720
2184875349
3199168862
2824575955
1148281284
854816001
70106394
3880672351
4247318752
2970018157
3202958998
2293743531
3749659580
2884157081
332204498
2834207159
3710170712
2855647365
290833102
321937027
2046911668
2514434865
1439559050
2595058191
433138384
3575083677
1531561478
1582618715
3112150188
1543326409
3848489026
1130388839
4031000136
3808980917
3434491966
2996866355
3565020068
775245153
605813242
1686680511
542089408
284233677
1940382070
3355106571
2986082716
2596643577
2237850290
1339282711
1140941368
2563093221
4291279278
3006736355
4176862868
1471720337
3388924522
3969589615
388190896
1392949501
4124743910
2207567291
266558092
1013237545
2878527778
1835268295
2931511848
2285928981
1396793118
2420059795
205018500
1793873345
4162692826
3042949919
2693480608
4069223981
2709056598
1976412779
2447683452
2847782745
494545810
1844168823
445709848
4010532165
2040144014
3284377923
2731821172
3977464817
618612554
3423699151
3934677648
3748802397
2010766278
1511027483
1584332908
276001673
509598210
101073959
1969317384
3145385077
2668166654
1989115891
2971187044
3224407585
4234855354
2024501887
2664681600
3530423437
739534646
1921525707
4088483164
2464742329
3746227314
2098097111
2697693688
3164616613
3649369966
808307363
2064949844
1392974929
3500612650
3991441455
3539104368
2096223677
2466221734
941607035
396006988
2017546217
4009904866
1562328967
1647208936
3528406741
2563050718
2263449939
2224490820
3508139649
154882202
4181973471
4162932832
3106978541
322064918
176313643
3352943420
1549758489
2852982098
588496695
1386808792
488292869
373309006
3486360579
2167335988
1387011249
2475581706
3002617743
3412027984
3122506781
352563590
3759853019
702422060
1608932425
2863803330
4001819367
3474611656
777378101
3308096446
3466932915
1143687972
213946081
1388793210
771813695
1164689472
996911437
1921690870
4128518795
2060867868
1480135801
955819570
835961495
3894505912
940801125
3263427886
1710959971
2962957844
2165984529
2412582378
672710383
2328187440
2978853501
3885909094
2153349947
4289827340
4286224553
3131538594
1645561415
1377649064
1025944469
1157266078
1192924179
2840427780
2923190081
1766242906
3116021919
3685425184
2042021805
2178250710
1502986219
4112434940
613279961
591769362
2804315639
1428999576
1092773573
218635278
2718852803
13717492
1063890289
1134246602
102882895
2216438288
165275869
277301062
3006523547
2139944940
3675653385
1679441282
2342670759
3173979528
2019143157
3571702142
3584140659
1769316068
3164950433
955356986
3947442175
3419893760
548017677
2496311990
3311336779
2603295964
2876632377
3693881330
2900613463
3385006456
2011136293
3229922030
526340131
1699310036
3132243409
2301677482
2985012655
3864785392
4120530749
2977348134
2130836987
199773644
3268452713
3359796834
1795558663
508025192
1703338069
3449923678
1267885779
907784388
185825281
167765018
3179566943
3806900192
1759351917
455237014
902294187
1299411644
587800985
3001290962
2565074103
2984007000
669174661
1135720910
1699080579
3447419828
3960208945
2529547402
1011756303
2625415632
862381469
136617222
1444660059
2201719724
3535957449
3830976322
739801191
3210710344
2521186997
602662718
1715787827
3166155428
949932129
2158600442
3611569855
2849431488
384385741
2694084726
321423371
1752150172
224364025
3534055858
3976114199
3044049208
2831435237
2571579566
3877253859
618622356
2559504017
4270999914
1646353519
1299599792
232238077
1850273766
383334587
1073662348
1929603625
2442338338
649171911
644755752
2821707029
1752864286
3473996179
2797708420
2959038657
2636565978
2338371103
1704591264
2070225197
3436774230
836293995
3298287228
949033561
1118319250
1460413303
3094846744
1578889285
1610422158
70528067
1391286132
1364397809
2932747850
2352823247
1547757968
1535418973
1503376070
194141723
413790060
1470862985
2234228994
3735641895
359384328
1155241845
3355817214
458148595
2578548324
2842497313
3148835514
3635539327
388632448
1927884685
1671953974
3526415051
3060005980
3199590073
3861146482
2967750359
3672746232
3078736549
3532353134
132896163
991768916
1936744273
4054942506
3480865583
3889459568
2131085501
1540679078
3936301947
1605698892
2161308393
1348047330
64477831
2320517352
568429013
189088734
3428207699
922703940
652212609
2491119514
1779422431
2071924576
1712156141
1153001750
2693300267
239864380
98947865
2085753938
6232631
2025759960
814601477
3349820750
697904899
3169254196
671014833
1836337162
3970894479
3408456016
1727209245
581732486
3596073179
3818392364
982613833
1616179906
1913980391
3205741768
14265397
2532393662
1333755315
472062500
4157608417
1002632314
2521984063
194051904
1231674445
1808090102
3040337291
415762460
3224958841
2691247410
2002034071
703500472
1356336997
2987486254
2358524003
3015882004
1679200273
609123562
1354037743
2637582640
2380572029
2010815334
1561587259
4006281484
486489001
4267033506
825811271
699277480
2942041749
1807856030
4263665427
3801402372
3075824193
566092122
1615967135
4233617184
2643884717
4035153622
2492918507
2656040444
3955706841
3382818322
1939656951
3262213272
2885188037
2692289294
1077211587
4146618100
3905908849
1954030026
342071631
2968824080
4201798621
1092034118
2032915355
1204152044
204744713
1335100546
1964731559
2081911944
117473525
644780158
496431219
533491172
3431453345
312753722
1994763007
1053536000
1865107725
111954358
788375627
3814446044
3534278713
1261678322
2131735639
1379874936
3783726117
1033447918
1070816035
1519384788
1128366289
405354154
4237486255
358346992
1060389437
2149191974
2432133371
822131916
944260201
1430762850
2643765255
2756163688
3982439253
4289716062
3744805331
1698824132
1786739457
917375770
887509599
2145677024
1455441773
4260852886
3770946987
2825101756
183862425
1414993874
1334134711
625996888
2635849349
3492393166
1925674115
2909897396
3431252273
630832010
2048583695
2506369232
2059557021
1385919494
1993256539
1760789164
492015817
3970487874
914133863
3426151496
1410340277
3426590270
1616192307
1080918436
2421445473
303253498
2703993279
681189056
2028828109
1109200758
1916941067
702504860
1992648953
4030984370
3335883543
3281756216
2521749733
987932590
2892578275
3141860500
2846962065
251768938
2849216367
3087356080
1471454973
4065543910
1762239419
706099340
2205027625
3471796002
4155190983
1507659816
950741013
4241476894
2857288851
986116996
152984513
2232153306
1854779679
1575272096
2253050925
1523915350
399507563
541527420
1144028505
103954834
4074274423
4045028376
2427978565
4235988622
2886776643
1266837108
3420377585
2727941450
1419048655
3224856720
212014429
3036252614
302008603
719380076
2125445513
2438162434
3304618535
4013040648
2764597877
2652793854
2994345459
3653653860
1811256353
3419410874
4226050175
12340864
3144704653
3956774198
1908768203
3222448988
3981361593
1499066994
224797143
2915289080
1542413733
799925614
487973027
564248660
4028998225
177728042
