858194773
2008379230
1054704083
548278212
2371635969
1187289882
325821023
3129573088
2776766317
2259616918
91645355
1632743868
3647755417
2000660434
3467941815
1150747736
337096325
2144551118
4257465475
337744564
3117781297
3046394762
2939435023
764229840
557328541
125240326
827653723
900043436
79585481
2348115522
3737117543
4186045512
423617973
747318846
1000698675
862032292
3038323553
2867976186
567867839
2403806912
873940429
3155992438
2275181323
190148508
2216966393
3035922610
757914391
2414522424
112371941
81016750
1024298467
1534921876
3001680273
2042904682
2870273903
2654363824
613576445
175560422
3728208827
1632651404
62971177
2718168866
4044783303
2519736360
4047697941
694508830
2504463507
3913483140
3821743041
3400697050
1700987167
3029978784
2715591725
706521686
835866731
776281468
3296152921
279628178
2488782455
2926660632
1854133061
3300236942
3596420931
2839705204
2768216561
203662666
4127082191
3094378640
4092126557
2489653702
1440127259
3500338796
3421145481
1009776642
1670105639
2123183112
3301456501
2063334398
1092249075
3351930212
2961859617
3795755450
1021425791
192503424
728380045
1952916790
2758790603
4271422300
343773625
1301971570
1041068503
2686638072
455290277
3660543342
1963602083
3236548692
1294889553
2531949098
80238127
2066972784
1372818365
385469606
2928209531
3054863436
3176359401
3417401570
1173865863
2425436136
2842143957
3389459166
544696147
1349498692
2121190529
2311990938
3006078943
819846752
2572677357
1521750038
3956079403
751323452
978257433
184265554
2418394423
2700563416
3894982661
4227447886
2959936003
1642797620
881750705
2689646346
4165670287
2708961360
2364170781
535621510
1789326299
3223325228
2215866953
2646624706
3560075495
3862178760
3233369909
1530825150
11933875
11204900
2089837793
3046714234
2132621119
2109689408
1077796685
3099290358
2151798923
3846948636
1208199801
3288745010
477677719
686211000
3173806693
2093773614
199070563
1203655700
2956436241
177107946
2640217327
2721341488
2143643773
1492550246
2022222139
423264268
407023273
3683949218
1981008967
3580759976
945103253
257587358
2603514387
1374956292
2785488193
3050805338
59375263
118861344
11795885
2251634134
1176921579
3499832572
2612231897
3488763154
2698935287
3957922712
2378587333
1264556558
4138978499
702250484
3779199857
333158602
1826268239
2959226896
2432474845
2278458694
847646363
1742530028
3187219209
2321963906
3212040103
4030129032
1238574069
1662179198
2503510899
3116584164
3253413281
918648122
1330345471
2648243712
1196575757
3604574390
2379391819
321819356
3749086009
1643628018
120512343
3656804216
1502508837
4067111150
3427251747
3149567956
3032847313
1450192298
2341958575
3136880624
3005744445
2385311782
