3216918583
2598894296
3404411653
4292606798
788806915
149598516
1152589233
3243208202
905181327
947715920
2600221981
1461128838
119834331
370311468
466451785
2241124546
1106752487
2632618696
3288762933
246188222
3622177715
3287044132
4002140129
520067706
2156583487
709006656
1077049933
1357466102
1215310731
2679635484
1013740921
3241841458
2258291607
1691543224
2931060069
1907765806
1154893411
3199298324
3568946705
4115440362
3871401967
983918384
4115448701
572006758
2610412603
3180361484
3490331049
1159244194
3871510343
989853352
298310805
330299294
1260383507
2953380356
3116374081
1457358682
3843105183
3185866016
461248685
205165782
2135308523
4910076
3918121433
2025200658
1850343159
4220568216
1960040389
1762711822
1053687747
1048712436
216116849
2618902474
45516623
335462160
750352861
312976454
3370557851
3763756268
3767412233
3243895426
2345409191
107235976
2418761461
3759134334
2729148019
4033586148
438407329
3542541370
2175539455
2561885440
3954304781
1786138550
1420031563
2917255644
2172276281
4060812530
3231965783
790204024
2095149605
1352921070
