4031913131
3093560508
3795592089
3980864210
2521317047
2325774168
1821699461
206140366
857103235
1887255988
2745122865
126627466
3359424271
130421712
1079855005
1840486150
3757733211
2692128172
3468554185
2548672834
1473858151
1305884488
3020481717
89792830
1845086771
3679714468
1175097953
275675898
3709812927
19057088
2667586765
3117019766
2474359307
4103420572
2588116985
84247474
1346109975
809085752
632776677
590080686
869508323
263600020
3555930257
1727374186
252243567
2607070128
1529810429
3200575974
4240501435
2679034764
1827662889
811711010
2458609095
3962166056
309557013
2457194526
3018779539
1450372740
2044467905
2143856602
3564423199
3704285600
3759997741
1077640534
880084843
74606716
61217881
595938450
1688368503
1338361624
1271927365
2309935502
475438659
1746477428
2433241329
2504951882
782093775
1465144208
834471005
1132768454
704843803
3981375852
3758692489
1706507010
4011602215
753692424
1411398005
3104698110
1238744307
1559744612
3480933153
397296826
1501495167
415234432
482480525
2142730294
1402340555
2087945820
2021384377
1811842418
3981678807
1228722936
2390158501
3129616494
2012694435
2635987796
2012651857
483319082
2077449519
2592922480
1721707197
3450527654
1578689915
466554700
1747023081
153234402
1566813319
1310061288
1856449493
2178579934
4043718227
3495600708
2315172737
3495383450
1461053151
2985949536
4253503469
2549474070
3711349291
1829803068
2665272601
3718852178
807889975
3096891096
2839803653
3430281038
3188564227
3460089140
4057342385
3819872778
4152466575
2147898192
678265117
1257210502
4217006811
967251244
2438005065
3352988866
4181317607
3382601416
1671450165
2442362046
1457024947
2383635492
3095385057
4261138042
1678868031
1634789696
3070541389
3299786230
699338635
1656853020
1759574393
1404913458
2666917783
1976285880
1674522981
1915364910
1374792291
384663316
868143633
740677354
1317047279
3736648496
834668413
3305805158
3491733563
3511618316
867155369
723017122
175551303
1434307240
1084465301
686877598
346312979
1872369156
907418689
1356053338
3276391839
2619132192
164781229
1570375894
4250344683
1711177724
346050009
2238894098
3617006327
2496894616
2444270533
4200516878
2197513155
2393385204
1053340273
2490137546
3651677007
1234965264
3375283677
1639192646
381715867
3913216236
1934993929
2551422594
82984615
3819708040
524886773
615172734
2948719219
1248245732
2849608865
3575060538
1670823167
2465569024
1116220173
3597648822
2290539083
4215234012
741528121
100780274
2749564503
1705403000
310392357
1338762222
2357382435
1222951636
3758867153
381325482
2647685807
262691568
3243353149
1654917926
1972706043
65980108
3227174505
1342459746
2290383367
2720096872
623433045
4252571998
2575901651
4025567684
2262973697
4076725530
3754976351
854808800
968763757
3202870934
1737901995
586951612
2242938521
1151480274
4189166007
1950096984
3520462981
4180241102
2514478723
1427852468
2963276593
155719050
1272019471
1003852496
2025896605
630353414
4277493851
534154412
3604419273
1881305154
1627743591
4208301640
2212149173
3356743742
793908531
766626724
206050657
1858085370
2127477695
621676736
1410095053
3267004790
2732418315
1504504220
1127312121
2357988018
4208647447
2290928184
3343514341
422535598
2993336291
3200501396
362640273
508365418
1082337647
2501622448
3658744061
607600870
825841083
3077456524
3202518825
4054188322
2253193415
2478881320
2029439509
892536606
3128211091
3441442180
1159929281
1754648282
862569247
3460147360
2181740077
2845807702
2931044971
2546571132
3536682841
83317650
4114010231
2794481176
4134806853
1855309966
3782945091
2371235956
1075581937
1677815626
2227013839
2658325136
1541633885
4098524102
4139318043
3241011308
3432332169
2848391682
473123879
1322962440
1310002293
2442044926
1883834355
2478088036
143349281
1555491770
2625206911
1333409920
1079067789
1464799030
1802678219
1372206428
4003251129
2971405426
1654485975
239006200
1860992933
1410637678
241783459
3293219412
758375505
1151157290
3445135407
2530400880
13049277
1199847078
2781630587
2945285708
2684819433
1237152482
1922058119
1243337192
1489862357
3319706846
1915160915
1122431300
4187537025
593197210
81125855
2243672160
2541224685
3414227478
628153643
2015806268
2629253145
1882338642
3907438391
999321048
1279986181
3227772494
277687299
1662571572
2784814257
2253949194
2066503567
2033439312
1465316381
3952892294
13325787
1896154156
626009161
1589728194
87814887
3749430728
4206371125
1457206206
3446061747
2553230116
2271434465
4038817146
1666644287
167389248
471265613
569201910
2500246155
2002207004
791993465
4252094002
1508559511
3866941880
3056059493
1178311982
2873013603
1698237972
1066341649
1265319402
2601567983
4237146672
2049636989
3393907814
906890043
1879865868
2491965609
1376429218
2081312327
2767366568
2708272021
1698439838
2069896211
1292199172
3976404801
1427038810
1523892383
825067552
4005957549
2454462422
3733735403
936619772
1143845081
4027766546
3011608055
50083224
3759845061
341033998
2379607747
3257087988
1526887793
302867146
3856524879
2480443920
266023133
3913805638
3756814491
2468077548
1908919561
1758553474
2866764199
1819835784
3330536949
2914615678
1634413939
383878884
831526817
1015922490
975648767
206428160
3156041229
1884641974
2455340363
504630492
3317282105
3142406130
528671063
3238429048
163301669
4116994798
1403705379
1833914836
628032977
3027695530
3228284335
1846303216
1258264381
1783325222
79595003
1017853388
2368104809
3293419106
2441549063
1141195112
4019529813
2299220062
1356852947
2805700804
673333249
4017097754
4230373215
1750276064
3165969517
734070166
2898686635
177232572
3924879769
2925082834
4089902263
2358492504
2124616581
1344627150
2215997827
1446337460
2548876849
1759509642
999437583
1981878736
3929025949
2332902662
383535963
1261599660
45888969
1639397186
1541242983
1972434248
2922941109
3957952318
118906931
2878053028
1876007009
300796154
1202337471
3459598272
3039070925
1346838646
2519404555
1505794204
854281721
4100886962
2988816407
228321592
2523434469
659478702
2456664803
1749898644
2006169233
3246420330
338257007
1393473968
939848701
2772801510
4103979195
422162828
983642665
440813602
1639619527
2266208552
2684755221
1728855582
761692563
3444149380
1941315777
2755589594
1871363615
2196531104
4127484205
2241833814
585063787
3827091068
1858134617
2495961746
142027639
672597272
3030661189
429440910
3725308995
2333032308
1434179313
2895140426
3003728847
1741509008
185985629
783047366
3898271259
2097731436
3907870345
2738014466
653682471
981806344
1855315829
657153278
1495814899
2985127524
1793579297
43750074
1923085695
2272294784
1542223757
2407704118
2470140619
4263306332
3079251641
1922405234
3499314903
4227666168
1223561893
1639650926
2991021475
2717063508
2394761041
1950853930
755618607
3545553264
3321565373
3103362470
2825632635
3376934220
230210281
2377431522
1533600391
2380116200
3481260501
4110347230
196334675
4209983556
1484702081
3845889946
4223786207
2562291552
1333048813
1302860054
2476148779
2016997948
1935514393
1293368402
273818167
3846573272
3470662917
3597524302
1182316291
2356208436
1282385841
3202248714
1124274831
1889358160
1464624925
4058329222
1462255835
3428774700
4112205641
1191451330
3672772071
3138725064
2220618805
893315774
2992702899
1170670116
194173409
1616321658
1640526911
801072960
3308594253
3150441462
1011508619
2666065948
1414840185
3212989746
4186678679
2078931128
3456915301
3932754990
3187130467
637574420
2209044497
2391581930
1640825327
3600726320
966913405
2737259366
2196272699
3502631180
925696937
408480674
2907826503
941852840
1522681493
3903019422
2793924371
736932868
524034625
3827698010
2810952607
2172274464
1036370605
4053415638
296579819
983883260
1485247449
1091493394
3927431415
2480985240
3658531269
2892282638
672954819
1176127220
4119345265
1099581898
2722079055
1481707792
1939055581
2994193990
637819803
2633289452
3087396873
652946562
108557479
3070286984
743098613
2883860606
763394163
1121474020
4203911841
1021339194
2078520063
2128746240
3317600525
584511926
68694091
2414132188
3389823033
620025586
1808710743
1025679480
2458082341
3340292590
2151605027
3224756436
790513873
2450480810
3375558831
78403824
2545519165
563001638
2798907643
1935910092
2814250089
1945296226
1177923591
631578728
3733814101
3082389342
2023930323
469886916
3501081345
2461938458
967334495
3572422368
4122447725
2671123606
1877122475
1595967932
1056787609
2590785490
881348535
3282525272
2734433925
2168281294
2914450563
1674275508
2307230001
2522080138
1199501327
2796064976
3299582109
237247494
3618584155
311061164
2188204233
3701997122
4167146343
2919781448
1663196597
3772466750
2772871987
1155623332
2695306081
1777823738
3887182271
3969418944
4064853453
3530536822
493140747
3838855068
2574332153
2897025202
639406871
2942765112
3272810725
3179958190
2212283875
4233290900
701888913
3230652522
972791663
3309156528
2768365309
2985291494
4142803899
3034652812
271308073
440569634
3570677447
3055712296
3080810517
2550232350
3166981267
1190058884
898966465
2730761434
953661727
3939968672
1812601901
1144767062
1089898603
3647731068
125846873
1122984338
1315145335
3294209048
3059764037
4206343822
3255320387
1363431028
19372529
3741007178
1770061519
2741227664
1867799901
1655321030
2934493467
283100780
1695646089
3254423554
3211100711
3756755976
3852644981
3924038654
3027475955
2812427620
646994977
2036087226
2347921535
2963453568
2677254797
2555526454
2062550475
1902875484
54692281
543890034
3879021015
41365496
1283171749
1400737134
328296611
639084628
3432147537
466489898
1256656431
1074976880
3862627261
2450187430
368518779
1493064780
3778436585
1158152418
3354230151
156995560
46015701
2134581982
1840029523
3899887428
3601908865
2247607962
3956922335
3673372256
1434282221
2389387286
3618190123
1564942652
1389362713
3830989650
1449753911
2780277720
1627205637
2123617358
265306627
977596980
355363505
4248852234
4278570383
1447219280
1481497117
3452569478
2926652379
1001710124
816998985
4037206466
709109991
1282048968
814466869
2629738942
3049738419
2262487332
1963875553
3167667066
258338623
3267405376
3797899085
37651190
3480883339
3379994396
138453625
166648882
769163415
638785464
3682396773
3467807534
974965603
1229204500
806591249
1703545834
1387609327
1558951984
2686771325
3214908006
1722736955
3816511500
1268623017
3993186978
1312916551
4279265192
2627967381
589729950
1176220179
4233102084
4240516417
1847144538
1500427935
2097350176
651261357
3951316438
1186635243
1584532732
2175563481
3899057426
727331831
931230616
2945635525
848409102
30344387
177034740
1046084465
2464362698
3201129551
2265288720
609752797
759405894
2567456411
4140416492
1980764937
1113650050
3351089063
3007658888
2157812725
2401955710
3288449907
3192595684
887168417
1175391546
3637259775
3669120512
2406204429
1576306870
2378357579
1085369052
1764457273
3002621426
952538967
3388653432
3705073445
887703790
3258904099
832073684
756648913
528729514
1747332015
3280492528
3615456573
4167962662
198532091
2551714764
1075949417
3472106594
1452296967
922812264
571592277
4186160734
3234956499
1044657860
2961589761
1290295834
1213617503
1757844960
348537453
2303144854
1625999531
279754940
3033903001
2027636434
1811262135
158792536
1860254085
4235284430
3267659651
1843231156
3043642417
27511434
530033423
3177975760
942871453
517403398
4050526555
1709070764
2246736841
1358218562
3868309095
2486940488
3533189301
384367934
3118659123
3920836772
3469254241
3873249018
249900223
1882703296
997781709
3107212918
3901384203
3940284060
2797802489
625450930
113208855
1575888696
2101982181
1273087662
918016227
1792308116
1550072977
2340110186
1643764335
3685267376
1359665661
3124119014
3895105211
2056556428
1870821417
1637537314
2409222599
283989800
4022911765
940747806
411965331
705702532
3133155009
3559211994
1062253599
4127057312
337366829
1433655638
3103372139
1740055676
3440093273
2138400914
1996218743
1800946456
732454469
2180165006
1030801987
3488963956
1931435249
1799496778
1478801871
1094078352
3097415773
4458694
4200774683
1823651180
1895933065
1981699842
2508234023
789441288
3812328821
1236847358
841672947
1691552868
1803869985
821616826
2557537151
3138450816
994499981
3787314230
3532697803
2612413020
29846713
714908018
1451427031
296570616
2845128869
2572944494
3796333475
1085814612
380874065
2872080682
3606071599
3440170864
2441541309
1119370150
2658046331
1320209228
1249902825
3753330658
1746802823
2895474408
579368917
3566426590
1209100883
4218674756
2754529153
1972366746
2233324255
1013511520
3650231277
4257890070
2712100395
391204924
1796104473
2784315986
1798101047
1826966232
849888005
685099854
479448323
1553269044
809053617
2977840650
1597278351
438587216
2321239325
4014661254
3064338139
2936459564
135630153
3416107202
2739553255
2205934280
793221685
4250556606
2274991027
1265279012
4090879969
1981966970
472869439
3002983744
2744486477
1699813878
4271225739
3875556892
2063107449
1287086898
2798738327
3573036728
242842981
1662517806
3484276323
3204692756
1959255569
1080259306
499742703
2138355504
3719549821
2410934630
2439072827
2553071372
31082921
1124694434
249372487
3921233576
2534468757
2227554206
169573651
2922336772
3046254657
1659393882
545108383
331859232
3655936173
4027213014
766757099
2470132732
4020099545
1444604946
659066615
3722318488
2426464197
383428878
3404566467
4286342388
1702346353
1981290442
3951499087
267783952
1378388445
3383456838
3908579739
2426055916
3689297417
724744834
2662247079
1363516040
4085018357
3347949182
3572436595
2033841124
276537505
3357127738
14723327
264148224
1227159309
2444107702
3747186251
544872924
3541458489
3579307250
912945751
1468980856
414614053
2933243886
3383425315
2977365716
1331744465
3436457130
1296393903
2594199280
978415677
1592354598
3821192955
2596831948
2253476457
1162963810
1922491911
1746460264
3928105301
3194615134
3647754195
4261578180
4155132161
2381218074
3627044959
333075680
1239479661
1509182102
803140523
255125436
2071597721
3114683858
1242498487
1308793432
307383429
834750158
1933447811
1684768948
1268453169
449819018
1943823887
2859175632
1959167645
757451270
337185883
892225708
1026793161
782076994
3597521255
405475912
748290997
4262638654
4109058355
2315323300
708190561
4171152890
1833215935
1225983168
3233096653
1955915126
2812023051
1541645724
2329999097
3460179634
68045079
154224184
4111222501
1112882606
1526651875
2748449428
1061060497
2453841514
1008997743
2253371056
1814023421
773364966
2018705851
1514405516
2292521769
1615797538
1108044999
2272540200
2021398037
3074417438
4039369363
1722644868
859253185
2825022170
854961951
2489361568
507085357
692580438
988339819
2130596732
4016245593
3126292370
843070583
219341336
1149006149
524919950
4543811
4146228340
3680706545
3244624714
787772623
826592912
385172317
2004475846
2059970331
2155979884
1019070345
798891522
1497872423
401361416
2539673717
3064562174
2186163187
3649035108
1774543393
2574354362
1209755263
2528851072
1594232973
3687148342
1243438027
1828516188
3810021305
19540082
3464290263
429878776
2419772325
2740353902
3463020195
3788818004
2636181585
2456739882
2166719535
1782765168
4158581181
989958822
4057070715
2589932108
2039849961
3452079842
3959075719
1737182696
1591659221
1694994654
1256338771
602942788
4042836609
604247194
2005781983
2904208480
196267757
197482006
2710669611
2522316604
3961046041
32395602
4271649591
718203352
1944016389
1161019982
482564099
3814789172
3448762545
1268262154
328156047
2889993808
494190621
3328685446
533135835
374652972
2873405513
1207201730
4126957287
1346978248
2962189621
3339849662
3621250739
2205576996
3085525729
4233236858
941942079
4034339904
953662797
1426043126
2040358539
3884317980
3699140729
4158384690
343291543
2023314872
2533494885
395933998
782950755
2000636436
2177376529
2400770538
1930015471
775534128
575587965
2204387430
3003103035
3738842636
2313350313
2271985826
2669984327
3894289832
2047491989
2105605790
2726774803
831168772
2041523009
848526938
2897783967
902333472
2265766829
1865186262
1989735403
3372247804
3529194713
4197118738
2380458487
1995878808
2906323653
3376390158
863509187
350712820
2598470001
1529413322
3631010383
3810692624
755301597
4155460422
3319012507
1516739564
428366089
1365279106
994821543
2164390280
3035054581
3305921918
273176947
1671742180
3177325473
855661370
2753635327
235328512
585771533
771995318
2833002827
524208348
936198457
4229131250
347753815
3588160888
1981945125
2766026478
1182991395
802262484
3321106897
167809962
680567215
2046055920
4029637437
3305160230
3734778363
1802826188
2857170281
1191883362
1246331143
2834087272
1723757653
1986800734
1920146131
1262277828
3592047617
3318786074
2570472287
3324646368
3305613421
2168283542
2361335467
1253643964
3270145433
3436008658
2127847607
2169125208
3176095621
2435661262
1864605059
930453428
2081935921
1373083786
4098695439
1571229136
2858809757
2836439302
4021286747
1887057836
3628646857
3852620610
2012605543
701919560
2703742645
106457918
106925107
365614756
3807356001
255616250
2999984831
1730823104
2986170061
1955691638
177847307
669471900
1976228345
395357618
3456705559
2704303416
1515903461
283423918
2696013539
2538312084
40157841
1155927402
2021281903
3039999408
641777661
2107044838
1466395835
1139764620
2341715497
2254398498
2619934663
162993448
2176542997
2240354846
4117081491
3972450436
3472501953
2407240154
3284576799
3053413280
3127063853
800589654
1992558955
255951484
2659610201
1670739602
808490871
2575925528
819758149
1119656846
3129335875
3066788724
1777525489
1365504586
2649763791
1670335888
3126310493
944486086
3759837723
1011651436
4165331593
1585046786
3132805927
2324080904
839986037
2696296702
1423802099
4121471588
1364321569
583413434
1257365887
866218880
986792845
4134076982
2442528459
3577716828
3610587833
336834418
4280466135
172854520
812408485
3782013550
2281146787
4184692052
2413441873
1099515690
4186357551
129291632
1229118653
3941001638
3223414651
738830668
2658617065
2133448162
58936967
708652264
3888192981
2694301662
639565907
1374190660
3977170305
22297498
1932118239
487093088
467632621
677145878
2271720491
3394874940
99559193
1749243986
3233254967
3480520920
1419929861
1135458638
3227443971
3198754612
489862065
999164938
3423993487
4238036304
1100624669
3273690246
2580802779
1637789484
1245696841
3584505538
3529144807
2731712712
3831709749
1776666302
1451372979
519978532
4048086497
3210590330
323379263
1798071104
3525701709
1095387126
4036039051
3137842204
1556892537
2069655858
650580375
16151736
2769724261
1547104302
118746211
1643567380
2266260497
3249160426
41283055
1497019696
2650126717
179347302
2072650299
2810422540
330796969
724174754
2937607495
3929998504
1972343445
2102932894
3210679059
1986129924
2031627841
1293591898
2921310111
3540337440
1581026989
3639251670
3513392875
4022442492
1508155353
1150745106
254362871
4073410712
895552965
3116406542
3949897155
986612468
244794481
2987779530
897486159
4035644688
3840765917
659497542
3751544731
1144031980
1593211913
619333762
1301602471
846878856
4108195061
4154922110
638428275
1837863396
1804904097
4139975226
1921883903
3314225920
1287347469
2733985206
2588597323
754939868
3343918137
2536174322
2209753175
887823480
622438437
2265099758
3905359651
2628263124
3235075281
1191770794
2852641967
1367626992
689526333
2595493158
2892078331
4196229324
3692337257
1142946146
2376604679
3917257832
3353790293
2441765726
1004922323
368255940
2077642497
1687080730
996689503
1874186976
3057277805
1864530070
663439787
3006875068
3139885209
575691730
3125132215
2471352408
2681762437
2327131342
1718954115
3606816436
1994429745
381386634
1357503503
3340668112
152136861
43481094
875749979
130164396
2267669705
3858963010
2066351975
3107835976
1614916021
2679775806
2654983987
2098242980
687155041
2595621882
2408029631
3128787648
1062308301
690623350
3246614283
1055327132
2541796601
1899967666
347078423
367756344
3711266021
663759790
3083923939
893460628
3587638673
325416042
3338439535
1481749680
2943202045
414272230
895997883
664198284
2823708969
1137421090
1307747015
2276848680
998685717
317608222
3597891731
2891716484
3188273089
4184914138
2713953567
1255809696
412674093
3636731478
478884971
142651772
175493465
3945758098
550302327
12328984
550016837
1548456590
473066307
4277176948
1322165745
2336151882
1427630799
3356871824
3536202077
2998504902
3663232283
2417197676
3550088585
1924246530
1775889959
1994197000
3813539445
2011099134
1507379699
2840426852
1378510881
1022809530
1358191743
2177086080
4272453261
2712181046
1492824523
3296612188
236852665
3545839218
2557777367
3552029688
3123311013
3282004334
3203503267
2005001300
517961297
679456298
4027841071
2506282096
3048394685
3261612198
3109868155
4088404044
3911510505
1676483810
1589111175
3836414952
3979309269
4148428510
2311572307
1969015620
3362836609
2105565850
670155743
2083664480
974664941
3280962582
53075755
2740444476
3901852185
1223974738
1635707191
1255548888
82934789
2487464014
3076943363
3731697204
1327593137
4049597194
952678799
4214279248
650880541
1433756550
3570194395
2162466348
352777801
3837132226
3898905831
1796734920
4207088437
1440054718
3013115059
235015460
3488901345
793075578
1569971007
320709184
2675974989
2586894070
326155403
1367694108
736636537
1194915890
2378427543
1578079160
1756837477
2700109614
149485411
1865050132
3031213841
1209509866
2081302767
4034376752
2158537853
2509829734
2600504635
3794342924
3478663849
2655276706
4005032007
3759924136
3114329493
4098583710
279109139
1823817476
3821875521
578669658
3568476831
3682468384
2407023021
2638522838
3995552235
4152281340
3057255129
2774466834
1528537079
1096544152
1494425797
1482526222
2731618499
1630638580
4036560753
3940469962
2998683727
674204688
2850153181
3364550982
3863999131
1039497708
3694173961
365956994
2240412583
1437513608
3814778869
3479030654
3326013299
2263769316
1259547041
2204215610
472259071
642470400
4137193485
1619190966
1671792459
968632028
2979989305
379484658
861799255
1689467768
1436367653
3309511918
1618418211
3891964884
1878955985
4092420522
2175473583
290477040
353323325
1342401574
4245882875
918671308
1269316457
2895200354
3971135239
432569192
1033574997
2143591006
3854872787
1311077060
417223169
3660117530
1858486623
8229344
1299779181
2476969878
2957210795
951415996
2486123417
707748562
2892175031
1947039576
3924657541
2388208590
154317699
855487924
1811241009
3648743050
968005391
3604089808
3234389917
2847559430
2443300187
3943044524
2044135369
2680152386
2416583271
3059822408
2582084789
976738622
1821123123
2949805220
742828641
185316090
3010140351
856474048
2561785037
39758454
2086212107
2430775964
537042937
1263123378
2281888279
1466082104
2912681957
4132938414
1348205795
1840426900
3918874769
1841355626
3618293359
1605153712
933668349
1869062630
3260302011
4114238348
248841257
143913506
124272071
4050703144
3588099861
3480193054
1139622803
2506974852
811872961
1447157722
2095882271
1123082656
1759157037
2490119510
3695075179
1522262140
1664169049
3240461458
3021294967
850050840
1145088581
3690367374
3578459715
3213990260
3119933681
3740647498
74163663
1322797968
2420153437
1455645894
427976731
1809215852
4273614985
3695538946
379914535
3438241544
3675705717
2888017662
1094718707
3832432740
2622417697
1476623546
170055551
1898049920
3666585997
1300508726
1347116235
716766812
3084056761
2935668082
1249013975
1709034232
1567851685
3119374446
592945059
1276277588
2050013521
3075609898
348992815
55366512
1831781053
830838694
2374253947
3780282188
2308869353
3960234978
2912453767
2262100712
2670314453
3641456094
635213395
2118982212
3005141889
143165850
1172684511
3130519904
2522671085
1298045718
3302492715
290589756
3288329497
335636050
2431796279
2364786392
3033304837
2801117006
2983852291
850214196
2472294833
3708672522
161969295
2550287184
4245231901
3982899846
2159133403
1680248108
999954761
3844129986
3894063079
2568576712
598664757
4209063102
2669332403
1082252324
2213276641
3154708090
3339540031
3628785984
3504756301
3484644854
2453432203
2600405532
2043679097
3413212978
4184655767
2145694392
300140901
1439030830
3827958371
2396649236
982575633
2455834346
2412930031
3824202544
4201095037
2484948326
3244488763
2127201036
3972322729
1354405282
235113287
3115631272
1983789205
1381671838
1179822355
75795972
3922605121
582808410
3497106847
1060290848
1254093997
742047958
2094036203
3493328892
391865817
2357397522
565836535
1386778264
1213281221
353797390
161463235
2014355700
1894173297
1971565514
2491215
2047871760
2883737053
1264767046
2314198427
934701292
3241591305
2484196994
2469074599
3667859080
2960112373
3157295742
2698787443
2681024484
2346560673
1222398010
1357550847
541561088
1350681357
3601628086
3035378251
896849372
649718329
3933077746
3551649367
1429691000
934071845
3483343854
1569924387
29965012
58055377
2158872746
1601852079
2841137904
3826334781
1424933670
2159047419
291651276
688381545
4032726882
392778247
701520488
4158352725
2971324766
537885651
3822305732
3711063297
2527010074
3813686367
1753305312
3133391213
1589683862
3605503915
3408765884
2114166425
1416260050
86798775
327751256
3415120005
202973902
123485827
997967028
2337676081
169299338
1588023823
2093058768
25973405
242820614
3086792795
172360876
3763350217
2195236930
1721122151
289443400
2115588021
1171361854
558132531
2651866020
484715873
3493681658
3464139711
3235381440
3994939341
1882145142
3944398091
232415644
1062241017
363872946
3623990551
1435877944
4220424933
3980073390
441649123
815808148
1839172497
3287827050
1518666095
3141776048
4008417533
4055496934
2922163643
2631514764
4012353321
1152923938
2022299847
921154088
2160157205
722255646
3990032019
2549790084
1443575233
367986394
88185631
2386796704
3676851757
3534769238
1709017707
4126347132
3635976025
1433897874
2584324215
525688344
3410279749
834502798
2513404227
3903760500
3681168369
3163072330
1542152399
3889613456
583470941
2489924550
1301828379
3214237804
2846249865
188037634
1897669671
2092811784
1231791221
2911133182
3138609139
2534086500
1606381089
3823903674
645747327
4055642240
4269464717
1778108214
663226315
4159679836
72604601
385369202
3306965975
2965367288
1246304165
878204782
1697229475
1730085460
3519937617
1577090090
397570095
1098044016
2679551421
2822696614
3969362043
3840996940
2950967273
2273815266
2686787463
12241384
766514901
3052432606
2858246483
1555654980
3709392513
309112986
2097527263
3359223904
1621990125
902410774
2087859499
71842620
3359264793
963276114
4279344951
2244830680
2486411781
3955465806
1605993475
2875804724
434306225
1855439114
4004654991
3272591952
4099050525
4210233734
1300409819
4217666604
3992534089
1189579714
2172439271
483835336
2401679669
3372805054
3372815027
2793253668
1026518753
3584601466
4289909055
2863931456
2522384717
1372720374
485757579
2272573724
1988359289
2013660722
432120471
1450561976
3499908197
3937883438
1222053219
2969929236
1220619537
277247466
3988954863
598061616
993170045
1983751270
2662425403
1835528716
2617079977
2995575970
3170575943
1728684456
3680996245
126212766
275674131
768597252
3139123009
3185056346
1365022879
3995303968
3222513581
4123842518
761634795
1777149692
2907228377
1778585362
