15717835
2085167964
3890403769
1819224690
4056545751
652591096
1132000677
2621087086
2844473507
2628204628
356301393
2018779690
4162182703
39020656
2363642813
2187981990
3140155003
2977950796
254455273
3260027106
1794526599
598613992
1313830101
192688862
156921683
1629953860
2469336193
1010947738
1073522655
1335346784
3812145389
852375574
957416235
4234981692
1863863833
4091827026
2129022263
3203283928
1981972485
1062790222
3996258819
3457974836
2323692209
2387502858
2266799503
2789957712
3793562141
925964166
2836200411
1518236204
542030409
863171010
87357671
2911179720
3292862261
3272061374
1407000755
2396414244
674540769
3919631226
2557525823
1462580800
3175262029
2175374070
2152325259
3773050652
4029739641
1627581490
675106967
1477552056
3804904037
3414137646
1424399203
1583594516
3859671825
790633450
3920891119
3736881200
1629237373
3859720806
716353851
2894915596
2430727849
2052801186
354047047
3404920744
1283778965
2809634974
3667493395
4153643780
3129963841
359874650
1264682655
3577189920
2732377517
2314690006
3136450027
3525811452
3376727769
184743186
2879849463
2789737368
2097685701
795263502
1291900099
83158516
1224493937
2566996170
2561944655
3734904848
1886873309
1421520198
2591299227
1310936556
2768003849
2621506434
780033959
233819016
547810293
897843070
1122472819
282506468
290942369
1810963770
1738997247
2595153408
10425357
1601149110
962767691
4105108188
2758527801
622620146
4076562263
2575912824
1148469029
4123416814
836288035
1967652820
2690898897
1714017706
3103062959
2498291696
46583101
1693261862
3198757883
1639556044
3971350377
2052863074
288955143
1148424040
2252545621
2246364766
505369811
1276626628
3215234561
4115819034
2820220255
881534432
3475083885
835339158
3086129323
3908192444
2008940441
3196540626
336755383
1573751640
1151764869
1163288526
1254512515
1591019956
2774309937
2362563210
458128143
2895421392
2527224733
341705478
3383357787
2244471212
1143393225
3521434946
2837612135
2021016392
3471933621
1297222974
3919103539
382650532
613346913
365897466
1938816191
3955512768
2466005197
1287609974
1593456139
3412690588
2236834809
3262885810
1355038231
1527559992
2503410661
3771651758
3407978723
1830028180
3707669649
1597067114
1016638063
2358855600
916597245
2093307366
1506698939
3569753996
3546728489
1007871522
236102087
4025476904
1481249557
3699620894
246146963
3665017476
1798207169
2376029146
3705898015
3310515616
1556553517
403106134
3268510571
881636476
1531181145
4163991698
384348535
893309720
1505603141
652721550
3527580227
1199369588
2556538097
2340435018
1168869839
1475272592
2036211805
3554351302
2037287963
3844883820
244184201
773744386
2212588839
752384776
2347029877
540138238
3803232499
4236156004
2325425953
2029711546
2733357951
2184021376
3373936013
391701558
3822092491
953406044
3550985401
48279922
5756119
3428572920
3251800229
307827822
1803633571
2441594708
4103994705
469141802
190781743
3985467248
2171487933
1800883110
2665636219
3379714892
3048493289
4181678050
2053564551
3978821352
3747203029
2702469598
2801744467
3731320388
1173165953
1343880602
813736671
2672657760
9268205
3933032214
776941099
1756815420
345420057
1640061522
3538528311
1012652760
151884549
970644302
2385878275
3937177908
3670769073
1993100810
244013199
3899449168
4251622685
2968645254
2894194395
269508908
3572620617
3400382658
2373653479
718697160
3561024053
2212718782
2297392051
3718656036
742141921
3878976122
2625255999
1437234496
3082345037
1291594230
2057669515
3501055516
2418595193
1879798578
2155228055
3711354552
1996934501
3492090414
498574947
3999484692
142865
1580827370
2080917487
2676311856
669721469
778240358
4037352507
3279836940
3294534057
2879490466
2230710087
467392168
4164041877
2304169886
2715372819
1404232196
2560653377
1854039898
2846917023
2587645216
791967917
381514966
220961003
4180724732
74852825
1693907986
651517687
1122280088
1599485893
2750396686
3915341763
874771700
3847884401
4034275274
749594447
634298128
3347569117
2304934982
631505307
1781808364
672302601
2169686658
1420786343
842017416
3838164725
237418110
4145340019
2516943844
2989617313
1916519482
3338369279
502998272
865617677
996749238
2520340043
3870796252
2073472569
1404826866
266289751
1029533304
563335717
536006638
2894383395
1332121300
3622510289
2814000298
2773759663
1245767408
785956925
2208855846
1909888763
111809228
4028998249
217676642
478131719
466316904
1066627413
185271646
2046435283
4128642500
1812502785
3667431706
255008863
1306453216
494683501
3401013910
841401259
431650748
1268933273
731012562
2976634295
3633916504
693607557
1256609486
243262083
3483572404
4039991089
1513996682
382940687
2547261136
1014355613
4209826310
1737808987
391633068
1487924937
3956120642
675193191
3265634888
3123925941
347849790
132190515
3244070820
2235330913
3956329978
1227847615
1390384320
3514332109
4032820598
1766580491
2393978268
380716793
3081909938
2907904279
1552930360
3996751589
3347205550
2728963043
1079087764
353947537
976795242
1577248111
1434470064
1526144253
3907497190
87478715
2528480908
3922291497
2533829922
4022615239
1287046696
306013717
1542517534
1780593299
1095829892
2296740289
1176271578
3888676639
301282464
3223638573
4095410262
805351019
3188974460
3403373401
2673049490
3513584759
1295610392
4090609989
3565073550
3898025283
686423156
4125454321
3588430666
62604495
2252168848
2163512157
1666248646
3038017307
4214961260
2005538697
1675505154
