3085434675
2995432868
1196920673
2200261626
3151906239
3922987712
1759932877
1110039414
2016448267
1805781916
707798265
4019682482
3017516823
4161997880
1634161893
1753805742
2887981539
1096624276
1718840721
3838229610
865940335
1198144688
3789331197
2160268006
469696443
4281590924
4101490985
3377853218
916998855
568294440
3822232597
2235111710
4159676563
3214548868
929011649
3091464410
2301512991
4063537824
4066496557
2624054870
3582745707
3414145404
1452882265
208389522
3716979319
1533519896
1538162501
2624084622
1566085955
1775276660
3344895473
1543774538
2446103247
1077040272
2456359261
4268709318
2823005467
2666826348
104297865
3827299330
623089191
3129643016
3209553525
1112389630
1294529011
3696197988
2155139105
1680743866
1567818879
52574848
2191875725
3253756214
508549579
2680248156
2914352569
1769569906
482885079
1223111672
3854817701
4108333422
2532031651
52816980
1499717201
178845226
3873219119
2021874800
2089400253
599918758
4170971771
1003823180
473321961
322921698
378900871
4091319272
3068352725
2346108638
418116435
170054468
95369345
2669390490
3280235487
966048352
1648958701
4068166678
3738371883
417260860
1973219865
637052754
1466339639
2089398232
1530881029
2829613134
1882494467
1289041460
630841009
4142742282
3550830991
727012432
1859554845
4268960646
257949659
72197676
1653366345
602686914
3335929063
1741522888
1814756149
646727102
2828051635
1183585572
1982255329
3712264058
4063920959
1854155328
1709509453
2311104246
258860171
3813696284
1080530553
1025589298
2671744151
3997637560
599334501
2323197742
3968540515
2186702868
18419473
2198401002
2768163055
1335901232
3286733949
3090857574
1525134651
2731940876
1364302505
3210647202
498964551
3965021096
2361183637
1931883678
896468499
2332247812
1291032897
4007728218
3429714591
921209376
3994102189
4286083542
343437803
663605500
3962399449
2250983698
841697271
3524753304
2999519429
151672334
4215756995
3676412404
2365157233
1832129738
1405153359
2556171280
1649724125
2530263366
3045792411
1038516716
2896037641
1791907714
790864807
2473344904
3526414325
1851560830
3839825779
3439356132
3509424545
2683194
3774136831
3820608000
3882186765
3881479350
3192565579
2316250844
2735107897
3025060338
2046929751
2549269368
2282169125
789834990
2009154083
2326705108
911409105
3483806122
2227421103
1954601968
3166056765
4226626598
1705127931
2012665804
2223612777
2272495714
987782919
2869560168
35586645
2967954014
3359168723
4261116612
367835649
2572434970
1789454687
2179996128
3396990573
4045363094
1228709035
726432956
3674907545
1455663826
211467959
3956342616
789278085
2739794894
693164931
3228941748
910016561
546877066
2296332047
252089296
3517171613
1699223302
495252827
1870601644
892104649
1384524098
2899036775
3173431112
3995034805
1870569790
3704900147
191659172
4199092833
2660956922
1348583615
3666037184
2615583949
3900600950
1571174923
2814229148
1448216569
3636593586
2882437655
3047828280
1064167397
2825939630
3276678371
2817439636
2446438545
843195242
1558933103
1323645872
733318653
1821993446
4220218043
3203879820
1721658409
3846060578
482207175
2411354920
1942615829
2061127710
201943955
3737874052
693803713
1345660890
620185631
1919642016
3963847469
3039821142
266307435
400222332
586456153
2172767378
1165292919
427181848
1556517445
489902478
3843104323
1754374516
438751473
853215306
2847952335
3608466320
3783492701
3348704454
2316144667
2094496108
217553033
886291202
1317974311
616361736
2092349813
1068658430
724581619
1569738852
439964449
1247462586
658603903
2325772672
3626537357
1525413942
3762324683
270272092
2601148601
1950025074
4083554519
1999459064
917335205
2085529710
435275683
634813268
1817518417
2895863082
3291864367
109927280
2510662333
1207918502
3210962299
999788364
1750070505
310291426
840313991
3123081960
4269648853
3334405598
4221615699
1764958788
268254081
2235814298
1108895455
538605920
137220077
4184498966
3139514923
2700678204
1688950041
2955259474
4219071543
1791446744
2293921541
3699011406
3645382915
4281681204
4050952625
2243633674
2904824975
4165391184
1991508253
3682861702
4259637979
162501932
79659337
729222338
3811334119
3387877064
4206284341
3031956670
716369843
3744195620
431903713
1428704890
206831167
3956369728
2968206925
3429055990
4175007627
1458180636
1911519609
276416306
3481825175
3426499256
444969317
4033783342
2255235683
270925588
3734852113
7493354
291703791
2201566000
1061586813
2346653030
334110779
1905756940
3126738345
150265250
2846438215
168708776
2130321557
1247112094
1371459859
2566034948
311729217
1782594394
3368830367
1656572192
2465782957
730761430
1572969707
979828732
15650265
1282363410
225026807
2944669336
3215399877
115559694
1890968515
1881188596
887566961
3136879562
1238018895
979145488
905264605
2127075398
1003160987
2043113708
2906925577
271588994
4184129191
1820106376
2766119669
1682918014
4129055347
1811888100
2711098529
3502479418
1717124351
3050707200
4209945357
2326021046
439441995
3488079324
2613137977
4148054258
2130019927
1687609976
1471591973
177234926
3548204323
849167060
3244966609
2944864426
1530067631
1823005424
760751165
4126706470
467639035
2763474636
1300842089
2187382626
1916205575
523362920
2449429845
2069731678
2300814291
701090244
971029761
4041893146
2144527455
3524516064
3244599661
2036100758
3397437355
400862140
410977945
2149495250
436476343
2003607128
3461120133
2184047310
3592054403
1729350836
490636081
877958538
