952161391
1969187248
1279124477
3418998758
1148465339
2276286860
2138120745
3799349282
155192263
595216680
2875002133
236351006
1745547667
1011039364
3263434945
575940058
4156435999
3693680544
3694745901
3186613078
2719075691
1649178236
122475097
2239793810
2266536823
3639194904
3514247237
200208270
864822339
4281659252
1871038193
1689355850
4124619727
1660289424
843504221
466127558
3723056667
2783217516
3023392393
259651842
3014907687
3401833736
3957641077
1741524222
4035232499
641670756
254658849
2814952122
2265671039
1334126464
4078528397
2490029622
103140043
748983388
1418565305
1835582322
1651293911
4138189048
901317285
3014215278
1920978339
3513829716
1010767697
2038487850
3926999855
1398114672
3156476093
4172135846
1605512059
410754380
3682118377
3927173602
2841531015
1039425768
4207329749
3677952990
2613593171
1620635716
1312600449
2105593754
4167388383
2074486624
1402578413
2871542038
372865067
3273171516
2430176025
2650958930
2439221815
1439218904
3349220613
2482244942
224995075
1665569588
2305398705
3710885898
3594683023
561381712
3631044381
271671430
3961958619
2917835564
1095972681
3749399234
3323428327
3070481608
2577065013
3440450238
3610080691
2294854180
1321781729
3082046586
2728649791
3649312576
4065465421
4259322870
3936671115
1914740764
1850257273
2995094834
1171592599
2386864312
247940965
528958510
664809571
2418953492
1276987409
2448807146
658797039
1682925872
29023613
738947942
295626299
2963904780
2111632297
954735522
297228615
2884253864
2516137621
1041074590
4228667155
944137220
2884244033
3332061530
2292132767
2652305184
1339732653
2756339414
130015979
36998652
3941794777
573181458
3717810423
1947436184
2663625157
1696262926
3497847235
799012596
1165109361
4127947210
4126085455
1859764496
1050973149
838071878
3396520859
3878715116
1965940745
462576770
3222660263
3466562696
3380197621
3404097662
1337780339
76154340
3434646177
1986893370
1496261375
3126249216
2026602765
3525255606
1575133259
3083627484
1357940793
1076365042
3800575063
388845688
388910117
258408942
56054563
353603796
41957585
3282603690
119169199
1343031536
566393405
597879078
2096783611
2482459852
1465777257
2293370210
822812679
219926632
431254357
2891167582
60238291
2131466180
3830199041
4016268058
1865140831
3678111456
96239469
3608562838
1231359403
1398815164
911817881
1001877458
175751095
3280604248
597628549
1696827598
2810670211
268507828
3697244465
285545354
3416154127
3537977552
3383529629
516967430
4220364379
1970674348
2693089481
1568616002
4033809255
2438399048
2017545653
3071112766
888347443
893589924
4055698273
3048513530
3513590207
1774008000
457551309
518514550
2459904779
292026268
2101682425
537938098
927335191
18987064
2075005157
1225293742
2422552035
3957363860
4163365265
1348012138
1616056175
2119067824
3774535421
1563696870
2223283131
3324301452
414958889
1395769122
3055134407
3242797096
3803734037
1540072734
3978869907
2963835780
3223524289
2845396186
852175135
2329138848
1778322477
827060822
1843984491
2858132860
1405891929
3563753874
1992619639
2481738776
3807591237
969795214
2101915459
1881800308
1190234609
1339845962
2383441615
2504818832
2655341917
881222086
3258401051
1014724204
3558437257
4278304770
1709371943
1055538184
1655808629
2806399998
563088883
1991503204
3868609569
122251706
4062044287
527918720
780180109
2985979190
2073720267
1387479900
872839609
469650034
47094231
2078400504
688297381
1378598254
428464291
1616205908
2245286481
969359914
3383655983
382961776
3290690493
377427110
3405616763
183635020
850808297
3525783778
262335879
3895607272
231019733
1110790878
3011579731
148717380
3358504065
1727854234
440223711
3298813536
828528877
1621841942
3356205867
3135689020
3825987097
2516808530
1094380855
4110048216
696262661
1222247502
4236292611
2077925940
1038637745
2488370954
872758671
3185279056
2704198173
2429958022
556768219
3758133804
3769260617
433721794
4013005031
3608753096
92976949
1901121982
1884537011
3835461924
2483309793
3169579898
1644257087
3544536640
3342616397
420918006
3415507083
258887452
1978962553
3182562354
3286364311
1999488952
3422018149
1888533294
2844080995
2117196820
3292891921
1102265322
2582424815
22833200
268292221
1296288358
3005567291
3860793356
3591214761
4283589282
1818686535
1637291944
2006616469
357613726
291512851
2204742404
1160713537
1498308698
742532767
1616885280
3500565933
3539238358
1787629035
4173446396
1205364441
3930199314
1218159607
3061064600
67486917
3087524366
2414834883
517146100
973335409
2149867722
1950141519
340672528
1999177437
293588294
3677795995
3284495852
1459094281
2278040450
454754215
430173064
2643233781
2867666814
1006515059
1522324708
2730954145
3898359098
2279054847
1021773312
3124278285
2717694134
4115483467
2606308060
63925049
1324060146
3107981143
2730848120
3510755109
2851567854
186080803
288759764
2352708561
3923572138
3889011631
3853060080
3376966973
3208790054
1606142971
2607530956
4085358441
2490586210
3139812103
3442978664
3170418261
1256058462
2173039827
3691898564
1071920641
1917684250
798606687
4124263904
2089497197
3051840406
674052267
2544658620
2683412377
4209407698
732371639
1746512728
1061431685
1830256590
1649735555
80947636
1946434609
1964309130
3312917263
543473616
2230584221
1413686022
1930203483
193595820
2277665737
3800823106
945759847
2253022024
662118581
2849713470
1599039027
1960110244
2073988705
1532643066
2321587391
3558634944
2620776653
1517059702
