315531139
3689984436
1823745073
3564356234
3908518671
3856058320
3270405021
1735027462
448477531
2388169132
3194966985
902020418
870600295
1107127112
3435038901
2850780478
3839036979
427061412
2951247457
495652602
1586152639
1311800768
2456438989
3833972342
1232961035
180629148
1138617337
3920926642
2736260631
1929240376
3395685349
425868974
2383276259
2143529876
886707345
2508666730
3781522031
179269552
1504850429
1875230182
37990075
627754892
4004728873
1696976418
1417177543
2563444520
626727701
3616613406
1305096083
665674372
3087793857
17775578
4160900127
4052917664
335095597
482431318
1840827243
284908668
198344793
27156626
2648734071
1367603992
1060156997
1794057614
1645404739
2579535220
583087345
3934919754
3013366223
1691944848
1429350493
1087340742
2336740379
1743056236
2900262025
2523221762
3085645095
1057465096
708435317
3551740670
3081961715
3192669284
3137124129
304011450
1613661055
1111600512
2047882637
3808906294
3776694475
475429468
3627697337
3900807538
1844681943
4143253240
3649671333
4225006702
2587200419
3445583700
1400997201
3719590186
880009519
3544944496
3624292029
742372262
740272507
1748960076
3104364777
448413666
3457462407
4071302888
1358090197
654954974
1675985491
1053365828
2077400961
3371296154
31943391
3174411616
3980882925
3608131350
268334635
3175974972
3475847449
496386642
3643371575
2135491288
3574110981
1657422670
768468227
3122149684
2956133809
3577624074
3838058639
4043245392
2428937501
2681099910
3340971739
3035695404
524969289
526164162
852286439
2913835720
454947381
4132229310
2142876595
110876708
2309339105
4190134906
4093968959
2607193408
574022221
3029504502
3535328139
5801500
1656970617
4229192498
3512333207
1115156152
2034619749
3532159534
3403363
4217565972
3991778833
2472504042
4049932271
350973744
3121294205
624126310
2863293499
1483931404
935010729
2911138210
2917906247
2785476264
374555797
36978590
612865299
1866238468
1066270785
3569504090
4183771551
3519839520
1500938413
1397218518
1839390955
1844409340
1360310745
3140740114
1952261879
3564751512
433668037
432480526
3770656707
683121908
2378798705
911216586
858697551
1376306960
443277789
1646718022
2433567131
3644646636
2792558089
2859053698
860439207
1303335560
3693790965
2809667198
1470572147
3458411492
3299047585
3861883962
2161000703
291458304
1604210445
2800195510
2434047563
176837084
2755212857
1848433906
202050135
88512120
375052837
2738763758
2328432931
3582867156
3705579217
944252074
788070063
2001669872
75548733
409001766
2695094011
969325260
1535781481
3611583330
3804069383
1386124904
305953109
3738201438
175138771
1959247300
201203969
373324058
2770987103
3340176608
2370194797
3207185046
1499859883
1453399996
2991123097
70731218
238788023
3772142168
3663897733
1973796558
2779261571
2438906036
4098156337
1870637450
362544655
263603920
1457643165
630800902
1808147547
4169695404
2467854025
3511452738
136341863
2664221256
1780505525
1022700606
440097075
2963423140
3568695649
2838279674
759840703
468434112
3339090893
3351666038
1324296459
1319886236
492556025
1217076914
482795799
2938175032
3716718309
867546542
3300193251
3886103188
3105118097
237936234
3287264623
1647734448
2082940157
2206733542
4039907771
268056204
3577082665
297407778
457835719
1479667240
2708368917
4070464286
1348467347
3408572804
2850226625
1059873498
2349287199
4107623584
2104941101
141912150
1711797867
1797426044
3549029209
3797968786
92591223
4095646232
2741291333
472259726
1732734275
1607312500
3697604593
2727150410
3268152527
1908901520
1793629021
1206212550
2584592155
4136885356
4126842761
3989116418
3222425639
3771073032
2176757877
3431201278
1647725555
165221220
3801954849
3564601274
3761831551
4073450624
2905565325
3840860982
4278744011
2692557148
250292153
1424957554
3259856855
1875322360
3146720165
162460526
4172781219
2103180884
3679373393
382916650
1191779375
4251029104
2780709309
2758347430
1038292091
2664264268
360610793
2527430370
3327216519
3598779880
3769180885
861800670
4044770643
2921686340
2717688449
3242593434
4105659871
1925672032
3737659117
3706375702
3863519531
1597224764
1435999257
4285483346
2029570871
504537560
3248467461
1929919054
3495784451
3217311796
4276734129
2973244682
830397327
2147255888
994056221
3872075142
514071003
1998518316
2681833545
429090754
702478055
324729288
2680538421
736397246
2321022643
4119308068
3608754913
3117418874
1079672127
2378161216
651760973
2350983414
1411415691
2478716188
2041004153
488170034
2069810839
922291640
1563322469
1793716526
831584611
2726199828
1548613905
334811626
252005103
814771760
3322289789
2026094694
3936931643
1778413068
1294189737
1606858914
311644743
2907430312
2896992149
1456436894
2807259155
427284740
1024131905
3461183066
3858384031
414006304
637154221
2856973270
3974630379
2794758908
2570196185
3307465490
1196917239
779250072
1104368325
2685147150
1269445315
2634198004
3566426481
1027667658
410282575
34948624
1822971101
3758801734
3158914203
3723088876
561328393
779581826
3561381287
4132155784
16095733
4040611198
2908778867
1332607716
1525283745
1794528058
3027155967
2760346624
147030541
186461878
3237431627
2083455196
508565817
3939001330
2260395351
3027678584
791047461
1562816238
973151267
583583188
349301201
2270464938
849623471
2743274992
3787373373
3193452070
433932795
3042126284
1826999657
652061282
4006615303
2085778792
2721631317
3534922846
3990303443
3370257604
2211324929
1476567066
646964063
2118568928
2278359149
2656229782
1285961387
1963282108
3206106521
1564363986
258013367
3036541272
4039096197
2297542094
65910147
2739457972
2518788657
2825359498
4000102671
2144454096
1675710877
3512998150
4122808155
1320447916
3415054793
3325119298
235439207
156772680
2718838453
1897587518
2786042931
3008106148
3603922017
3114949882
1664465599
2934111168
3886984909
1872950390
2018300939
1838124188
2108011001
3351094706
3810638871
1476402488
1580675557
2787454126
2630352611
2314914196
2644155025
2998011242
2292574319
3187240368
3181910013
4075187174
2923463867
2223351180
629446185
1705663522
164077511
2740243752
504217877
3704066590
4284597651
941883524
1057359041
270895578
1027097119
4216593312
4177562925
2797961046
2554536299
3192240764
2819442265
2977853074
802500471
24459544
1529142341
3547927438
3823630403
1045869428
1012185841
342616650
3928475599
1089602960
1168838237
412561094
230664731
2906573676
2934096521
981523714
3857017639
2353029384
1070564213
3262165246
254121715
2095178340
1938406689
934028986
862943615
3834784640
408591245
2272426550
1826692811
1000331356
3630697145
2109253490
1330860759
1364542712
3609245349
3416615534
2762318243
601132372
1332218705
2546810666
2815055663
2813562224
3733075133
1412325798
1251114875
2606227788
3888127721
1441582562
3527009927
1108534504
1022064085
1791901662
3602061395
2734535748
4151485825
1752576922
1890803935
2811571040
777312749
1902241046
578735147
907404860
4107140889
1805930578
3346277943
597180632
3452092677
3848417614
2522413827
2582402868
2146208689
1661862922
40212111
1295385936
4140141341
3546547334
118555867
2638800684
2620697417
2770742978
714936807
2126797000
1459198005
3130539710
1130514867
3354359332
433634785
918270074
3420190783
1028987712
2944878669
3763060726
1366567307
2048910364
794239865
2524539186
1242540439
2419469496
1185086309
325543982
1549403235
4229304596
1123695633
4167448810
3872490991
1215393072
2299335037
3757053798
1368603195
2106187020
3830998953
4049928098
1994845511
944553128
3683773077
847687070
780872467
86976516
4124313153
2461310298
3351330719
1523186464
2626283181
1810369238
4263065323
1345704444
102463449
4117754386
3036536055
3945203864
1431922117
3832352526
2248195523
2714352372
3651738737
906878410
3991283023
1818084624
468764637
3750402630
2758877083
2190656236
608392201
3756081282
1794078887
2695106696
608988405
4015099006
1569045619
1882507748
1920761505
3365468730
2470131455
1894501120
2180297997
3354314166
2563109963
2093985756
1127414841
1539304178
303480919
3294811256
427687973
2200643054
2393188131
3732886740
1360080081
1446834858
1551594671
1207110896
3255348797
1407946022
3858937083
1859885260
202207337
4057133410
3868111879
633492584
2529238869
2846939998
2175401427
444095428
1122641665
2158020378
153214559
2897382112
2019537773
3289903254
4258423211
1080393148
4239765657
2023838674
2536657847
3890319448
3198732933
3059330254
3718201475
28237492
2185915697
4012603274
594113551
640238800
434947229
3670732806
1755314779
2161925804
2546908361
2222068290
4120682343
1906280520
2760376757
3059522110
944762675
292674980
3862232929
3204711418
2957850047
4145429184
610460109
1276873590
1972797195
1466907548
2495321337
3612093618
2787677975
1570454584
2087830757
3769672622
3326544355
1456494740
309124497
4078005354
3750241135
234384560
1312099069
769704678
3936415675
1930237068
262093097
3505824546
3488692935
1781771304
3409515541
101501214
181375123
1587105668
2809464769
3824857306
3147119903
4111391392
3063300141
1739691606
3026865259
4200917372
3109857625
3740824978
3436284535
1770510360
2523983685
15207054
2280948547
626770548
1922072049
2955333962
3652158159
3260581008
360284509
585434566
2522715419
2078653036
127329673
3969426434
3647243815
829865992
2490127989
628713470
1853940211
124170596
2646753313
2881277370
164754559
127167104
3952201357
982651190
3668298187
3720251228
1689316793
3537776242
3305450967
2342478840
1547585957
2981618030
1308601507
2965970004
3754774097
3500385834
112693807
3259075696
2991728573
2878322854
36563579
1306415180
1607320041
3364885730
2714665351
627098600
2511980757
1029338846
3300647763
223478596
2889132161
780294810
635132895
1268705888
200117485
74775574
1956706091
838079804
3704644121
3526711122
1956348215
2144985048
695325701
702031950
801146371
948987444
1664831153
1522526986
125325711
1219200080
4082564637
3583564678
812249051
393139756
1146867273
840234434
3842452711
3756636104
1891199797
308803006
1524143283
1842562340
2179219681
3766703994
1183413055
2586204736
3963714381
554850038
2058605707
2742915868
3016951417
3627413554
3983312023
1043286968
1705217637
1006690094
814681955
4163477524
3522330385
2964561898
684310767
1284402224
857736317
3401084518
2406065467
2198817804
760810153
3529459362
2330363975
923376552
3540204949
89777310
1781462547
576878340
2582186305
2448933978
1320434335
2283977248
3978664365
136454614
1362518507
1523777788
3352353497
3155687698
1833973751
4204242840
2221635781
1458177550
1069762755
655149556
3440041841
2427897034
1669587023
2162312208
1480932061
3500568902
4186245787
3073880556
3739055881
782698370
2806289319
1018720136
1982808053
317211518
404162419
544708836
995819937
1863819578
3442717183
1720453632
4214351885
1297898678
3363872587
4234960604
1122099001
823357938
1579064151
621474680
90280741
2236325102
951398947
4172407764
3248254929
352410026
1551806383
1419709424
3579748669
1226499110
3037995003
1449134028
1761678185
2820946018
2046381831
1055798120
534082133
3553301086
1978190035
1502259908
2035427841
1764890
4242528607
1113213408
2399037037
2692286358
485133483
2831264956
2602439577
3328203474
1437576887
1770073944
1948114309
1843241934
3804023683
2626743732
3904843825
3016449674
1687301903
4072457168
2835625885
2983053062
1953424731
2130726316
668721097
2081347906
1859959399
3349342024
2710426805
2092585278
2164013619
3138628772
853967457
691645178
3297816767
3833952704
2904757453
3442483830
4140575243
4232768156
2459793401
3879121842
366703127
2951895864
1748522981
1398282926
4046591203
1042409364
1200300177
1061999466
2023120495
1110666160
1573780989
2759268838
1441618619
3415245708
3280329769
3281971746
499570119
2630781736
3639633685
3731750942
581524371
780836484
321915585
715904986
3072210975
3523582368
3862426413
3141119318
1786607467
260053116
930614361
3670965394
2356798839
475428632
2236154437
343081358
57478723
81580404
2937602289
3854415946
1097022927
3858432912
173274205
3603881158
3823599643
1384687980
806815881
1946970882
1250926887
3228114696
2945788277
1704861438
810036467
2573697124
2437333793
2695460026
325087103
1272097152
1456800141
1850583094
4166415563
1993946716
3821392057
3294606706
3546482903
245727992
2062015653
736516206
2764421027
339323732
3162411345
827723050
332451119
1024166768
1361975997
445452198
347428219
2791358284
2913428713
1586453474
3842972807
1886036712
454302677
453160414
1798352467
3710014020
4030901121
2204795290
3291436767
1323608416
2811379693
103027478
2360287787
1120814140
1033815321
2736938578
812571703
584548056
78440197
2959744846
1284772099
2343597364
3637907889
139317770
4038528143
1650262864
1626632477
1567208070
1252973275
3583034668
3360616777
811580610
152913895
650843848
486882869
2740169918
2159730611
3610448932
1060881377
656866938
1617096255
2486409536
218607181
3195334134
2145353611
4292297244
924510585
1380874034
360013719
820275896
3929022821
1421235758
1580210787
2260283156
959889937
2900166378
2230189039
753363760
4097767293
2837235046
1412173883
1787869964
1478864297
1924500898
4270990151
2575465128
3271594133
1061755806
171884819
1628554756
1498025025
1008135002
718484895
2427943200
1204636845
4009244886
2520747243
3060543484
240270809
2300313618
542020343
1287931544
4278815685
1736637710
686937027
483121396
3736642161
3174804426
692951887
799195920
1369812445
593381446
1803875739
1809359084
2168691209
2328415874
960868007
3129527944
647893749
3415931518
2366919283
1345742820
3850732705
3463596090
307768575
1969768704
2759531277
191230902
2574923
3942976988
1297924665
3670210802
450000471
3329167992
584132133
3548910574
3895541027
1633710804
2524164817
866238634
3803048623
3112635120
1270912061
233192230
923896571
1541437132
3015751273
3117514594
1494215175
3084259944
1836434773
3238087006
2056491987
1981348292
1460022529
1181816090
2982794335
792594656
4222163309
2742427286
1508816811
2652494780
3394401945
3061539282
4208527799
702336600
1092546693
528325326
3276166787
1676606644
4185912113
1715946890
1642523151
3582739152
1093118621
3329007110
3374960731
958413996
2880766665
487039042
701027687
4217521736
3374294965
875825214
806651187
2687597476
3974366561
1749766650
1342188479
1731246272
2985248717
1658894710
2884490507
1277335964
2806733561
1736260274
3795471639
1057323576
1368058597
1847300526
3448315875
804222612
1828021137
124009066
64002415
1252682416
477294845
3332993254
2686830011
2114974348
1899527977
2913153314
2739433671
723872296
1999878677
3588962078
4142868115
2549607812
2989952449
1413021402
3755160351
2184730784
3085280813
291357782
1786552939
3986114428
1381986137
352355218
516833399
165746200
1470960965
2115631246
106010947
3436830836
569115633
623943498
3510827215
2614723216
1413113693
2757014470
2791140123
556243052
1482894217
1088172546
3915824167
689405448
3242851445
4074690046
75200499
585387876
2115454497
2255625146
1763967
2706172032
2317628557
2460303158
1978867659
4142916956
2242294713
3258793074
711779287
3395789304
1662873509
2855325550
1492632227
1042692692
360436817
702837802
2132150319
135367280
3944091069
287729318
841531515
2497654348
21825513
2280301282
1274787719
321946088
4244270805
1942414558
2047965523
40804676
4087131777
3610159258
4222570975
2707843168
826471149
3866044950
447302955
1487172412
1194928153
1315661138
2867738423
4237368792
2406742533
3910669902
2631113731
2202829876
280810673
3686250762
1847707535
2320138832
1872618525
3671492998
98551259
3350115372
1477317705
268862402
1189044967
1130919368
2346520885
3713754046
1695099571
4094616356
2178893537
2057741690
3379063103
461166656
1104798029
678659318
284633739
2133651740
3912158329
1958936114
1915370135
1482000824
71873637
3448229166
2503812451
2546253332
2831615249
1558343146
2872981231
3648809520
4234799741
3944553574
1339718459
604908044
2495500457
1114100898
2179579463
1337416104
3683246997
1347703454
3199896595
2973570308
1677135681
17961562
203305119
1686648864
3699441581
2422886358
2100606955
1392598780
161456345
3430680338
2113465847
3517769112
4113800901
2251813902
4052508355
1929832436
1051878769
731681482
4014167631
1755267600
940712157
1202855750
2859524251
2423623660
997571849
1682347394
3505572263
169160072
1704519157
2305405310
1820171635
4017174244
2700871585
1453911866
313042943
2374010880
2916109837
1913359030
4021941579
949599452
2460198201
3368976370
4164047191
2559521144
2714548517
3722480366
1293502499
143327700
4288083409
572401578
2668176815
1722485232
1429112637
307073574
469431803
1868359116
474765673
2530920034
869434631
2155475304
2946635861
3780345950
1068130003
1612925124
201732097
3282254874
3621769055
1667090400
3999255661
1024406934
1692328619
275647164
3125991833
3102894290
917398711
418671960
1437336453
993628622
792453507
1204358068
3834426929
1990143114
3412567311
3197616592
307699101
2292675846
382778203
2671520684
1398416841
3613157186
3596677223
4242384200
1262320309
1288290110
4120432691
2966112932
1143834721
3963156730
43755199
1863841728
1657240269
2100121718
1157333003
922110108
46480889
3357524402
3141871639
4208236856
1751743973
2700806318
189541091
473499028
2997593745
3143082346
825676911
391997872
3122914301
74958822
2034905275
2055954828
1219961385
4278417442
276171719
87574824
3590524181
1552182814
933294483
2330016900
3028947137
3500287450
3853790751
4121368480
1537169709
3659389782
1684524395
2225763964
974312025
4253977234
869178231
573027608
1033709637
2916937614
1084367939
1834151796
4211853041
3732899402
961459151
3555983760
590142045
4218849990
2378126875
3619850092
2960871049
3272079618
1709823783
1535237384
4186623861
1027312894
2602222323
2480741988
2486421793
3440820922
2147575167
4160956288
3045025677
395892278
58444491
1308791900
2052298425
1014416242
2049097431
2934292728
1155465893
2627159662
446025123
512674132
449124177
709810986
4169614127
324241776
2953445565
4284202406
176696187
156867916
2327751401
3030510050
2257867399
4256325864
1802289621
3081182174
2707309651
1832316996
3863130497
2580467610
2086358239
858007392
3640632813
357974294
3465508907
1668719164
698321689
1141926994
2484703799
4245077208
4190571781
1138888014
3497993987
258249524
988780465
1157472266
800621199
2960392528
1330861853
3185533062
301773019
3720913708
597243721
1091128002
1313701351
633459912
3980452917
813636286
3083040179
3026629156
2043595233
1258441850
832169023
537007936
3132625997
3473808374
3724203403
293511196
4195266425
2945680690
3012236695
2760026296
3823978341
376783918
2243309667
457985300
1352878097
818140394
1270510063
1112369456
2074140029
12153702
846521915
2676463884
321057705
2977307554
3303889223
1235761320
1285502613
2826668446
933386003
48522244
3924824641
1357461850
2727685023
4086626080
3678450349
1551394518
3054887659
546475516
3921216473
4130868754
911165687
2035385496
2531897797
587787022
1234364867
431879924
486025329
1272543690
1701122383
467124496
998937565
2913072710
1716046747
353271532
1031004169
723541122
508290215
459115656
1663023349
3159648382
1716709491
3995600356
2646510241
2008782394
2116363007
2664744704
1194426637
4048363958
1194893387
3576327132
1119258681
1798702834
2789092439
2339065976
2991868965
341115374
393040675
3727790292
755382481
1349947050
1099980975
1275791600
564689469
3327191334
332423419
2161464524
3533962345
2940210530
3124830215
2295976040
375024469
2764158814
1965894099
128554948
3360830209
3887162138
522308191
3468265184
2535620461
3712240790
3988458923
4022221244
2602515609
1036349394
3106914231
650644568
3787789957
823232718
3600641155
941562548
3655694641
1423119242
1360289807
2648654032
1284673693
1753107462
224634459
2706643628
1321945289
453848642
614796135
3155493960
1474776501
914060862
2173246259
3705739684
1757612897
620929018
2355306943
3963303616
4021005773
2350245750
1911892747
2898655132
3574276345
2032027826
1358693143
3546265656
3704885477
1542881198
1518024163
4076770452
1219357073
3408332906
2965966703
2555144368
1726011133
3454148326
2438634427
2969751692
2046936361
666877730
357541575
453453864
626941973
3795428638
2495528083
4148595588
1244206017
266816730
2025924895
475125408
23399469
2239361622
138344555
3300500860
512898393
75010450
2071656055
1428837400
1729706821
331081358
1650372419
3595042420
1786218993
2175429962
696676047
2118811792
2804632925
1278501318
1242382619
1717139052
1751085449
1787805698
1880683047
1202207752
2287444597
3031712766
2753957363
3696356708
60574753
3835128250
1125376127
1073047168
149330573
1831365942
1357936075
1813070684
4056709561
2735491698
1921292759
2887770104
1345099173
1931066734
2577389731
2775799892
4233779793
2727690794
807697967
1322354800
3490313149
1429017766
1305712251
4090498124
2046578153
1421160674
1155067271
535838696
2523600085
1453544158
2434207571
226180932
4164203649
994768538
4130555871
4095600224
3469236461
47798294
1482793771
1397018940
349302297
4094784338
2616257847
339237848
1940267013
818414670
2543235587
536388148
2272156337
3021965066
3850059151
3302588496
806668829
1988376454
520461275
132026924
1525701193
862458306
3479673063
3184997320
1899018037
213832126
686407859
138051876
1460292833
138015610
1224171327
2445497920
2812430157
574927606
2531950731
2798407452
2579141241
1925188658
2308436119
90949560
3105741413
2675882798
3751492451
22010900
1623952145
2558606314
375565551
1465542704
2716061821
1509018214
2885374267
3439134732
55809705
803234466
2006774855
2002065320
1178634645
3082731678
620110355
1174909700
456463681
2610716762
2654480031
769504800
1946969517
3273817558
4041412075
253738236
3734922969
1984959762
4182877175
867312536
338412741
2918572558
3775231171
15795700
2844388209
2381471946
1001573455
961298448
2349795037
3308113222
1326233243
3919801836
3074294537
1331045250
3511746471
3730959240
1328712693
3562741630
714355571
1012585700
197987745
2712288570
80584191
2573534720
2694755341
4180326582
3064154955
2964789980
2375379769
838438386
3572893527
2399367032
2221399845
3873798382
4146945571
3528728532
1321302993
782955946
2051251119
1504118768
3777916221
2582659110
3465661435
2152317900
113745769
1929466978
2623257351
3237326696
3516841557
2068573790
3407606995
1554769604
3152688641
580618778
932169055
1632716256
636564077
4095042454
2760063147
738879676
2629279641
3035920082
844962487
1129818968
359278981
1896185806
1768617859
619784628
160054321
1893923466
2733447951
1667416016
534381469
3589350150
1558352219
795347372
3456658377
1478096194
3298109031
688415560
522002613
1632185662
2212849203
343074980
2326040161
2192066298
2639699135
3466229184
2291917005
4288314998
3805992459
2643568284
1310524409
3933786034
1398726167
3097941816
3737822181
252573358
1796620515
2755666836
1593584785
2798808938
847727215
3178719152
1386859005
2464708070
2555840187
292962188
890791977
2547516962
1641365959
1553073960
2504373013
3607813150
3192424339
3441941124
2736002753
2181592026
1224352799
3862468000
3644243757
2205288790
100803435
2646922364
803051609
2579404946
2782089591
2464740120
69291589
532077966
461847107
4156099956
2687454449
2125550666
1374300623
2329739152
271958109
109983942
2336697371
3169609068
2953811081
2809366274
3086224679
3716848392
2645587317
3377003262
3483195635
3963796580
4233154337
1022628026
4182924159
1763943808
3025784205
55837750
240197835
1092350556
470899897
1711133042
3281155287
2987785976
3037079717
2646094958
2249581475
3268667220
3929775441
45590826
3589126447
2861270896
2065032893
2191158182
2886402427
1145207628
4278579433
3626268642
919177351
1776951016
2918541269
3233515998
4181449299
3543895620
1500690305
732110234
423051999
3562251616
1117588461
519597846
1746914859
403636284
953176345
3463346770
1920223287
841349848
756101893
533330766
2719628547
2768810292
641277361
2568842762
1063909519
3078291280
1105345821
1959071366
3707406043
904954156
773029193
1461901506
2049815527
4222128840
1202489909
3793389758
1752959923
3750383652
1234292705
575511162
3212892735
1623233856
949516877
2450999798
3955633035
789970460
4164056441
776508210
2756758423
1796269752
3017436517
3634639406
1391216227
969894676
155176465
68854506
3140937711
144926512
2670904189
1724260710
1819130939
2624485132
2505062825
765897122
1241026375
3367892648
4167949461
3994941342
917892371
1789329924
667293761
1361807194
2936480159
56784160
3605272749
879269078
3718002923
245951484
407882201
3166968850
1996488439
4040082072
2633619397
2533284110
1742995395
413144308
342339185
1642547146
573343567
2969354000
1503623645
4267025478
347906459
4264844524
3637782025
1088940674
2583829159
1126320776
1506893557
1098765950
1765899891
3389629412
455577761
1148511290
1453463807
1831945472
3927435021
4188295094
3992581707
3141519836
2738900537
2367231218
878305879
2471988856
1208447525
3314675694
2623105315
3572674260
2496184017
750476458
4179809967
2139031280
3284164669
4247492390
4232001275
1572483788
3904324201
1377737570
2317506055
416124520
292491605
3572639070
4051091411
1328166340
382613761
3831607578
3509174367
186975456
3402360173
4051860118
959931307
3042088892
4011590297
2390719954
1379300791
1587759704
547044485
1796568782
2544140931
4265556148
2742746929
986636682
1894897167
4280434384
3157096093
1090517510
3041754203
964163756
17927881
4269980738
1714504039
867680840
3504272309
1026745406
2897064243
1199617956
3654422881
1965682170
3849721791
104182976
1570247629
1203443062
1202487563
4183381404
2650466041
2351912626
1919793431
2594829880
2655860453
708930990
3978120163
536720020
630615953
3193558634
1718715759
1994286768
2910764285
3280653542
1044345275
2347085452
2851801897
3209448738
2785467591
3117999656
1438189077
2868384542
1681805971
4236585348
4014676417
2533726938
106897183
1130058912
320107053
1141252182
229723755
4291560316
2650078041
761307026
1658301559
3412300312
1152737605
1104008334
471582019
3248888948
3425898481
1167342410
1652155599
3920330384
2387358557
2592346054
23926555
3413857388
3079387017
3920842242
3984271399
220789256
1771391093
3942232574
3447759859
3014626148
2924565025
1177335738
1388107391
1670243456
3889758349
1243323190
3952987083
3173163356
690110393
4115355762
491540439
2965904888
2741746597
2356325230
2415390371
1722840660
342417489
3132493866
2581787695
377587312
3777878461
4154704550
3576589435
3937462860
1239127017
2934947554
208020359
3416260072
3792419541
1710211294
2311890259
2927091012
972864129
3671540890
2506571231
3284493408
1685962477
3652421142
2915694891
2715103036
3315250201
1126662482
3349390135
1188010456
1443382789
2162684494
2684995587
2392113204
1196417201
1677153546
3984896911
2019065424
3032199197
681698694
4225462747
1476292652
3439501385
473538498
4271886055
3476419016
2696174901
546455486
645551795
710287140
2170901217
155009402
1161188671
2096747584
2644159821
2391138550
2358105739
2589699356
1165383801
1378687538
3015026327
3312584120
69402725
837134638
2410238307
3033201172
2046824721
3817867754
3929481967
1177052720
2743973501
2536929382
600581947
4259046924
4179156137
449376418
3959433799
769840552
2468818837
3147378334
484554771
1623347460
1067653953
3784748634
2231508127
1680028704
868731821
541764566
742482923
254679804
3335335129
966009618
1599756791
2695324056
1632889541
1310969870
2385414851
1355490292
2375119217
934817482
3369222735
1927888400
3560697053
3373890374
1733856411
1119964140
3526773001
1876275586
677328295
966699400
3002872309
1941736830
3529165171
2268361444
4224586657
3491466042
597857279
171541504
1402804749
1656350390
2637996363
3838081244
3015127353
3969162226
1953086807
2288495992
758318373
542795502
3069277219
3591192020
790364625
3131556778
1848512943
2912093680
4183708477
1610804774
1289265659
153526732
2826102121
3164070498
865399047
2153868648
97215573
565468254
2554170067
3475276996
150879233
2634274842
2616179551
3157574624
3048380525
1166774678
1540853419
2073478844
3259786649
979797202
3367751863
1756031320
861425541
2403429838
290065795
3020507060
3619144241
580307082
1797427471
1629339088
1368189341
430625030
3332663131
2944657324
400994761
2118615874
3111738471
3424854344
2636957365
976788286
2883714099
1711965860
2253100129
1820824826
348230335
2198664128
2661304013
3564612726
1349135371
2954691740
4104440313
3460423090
1579717655
1768494392
1264306661
496034990
2425378531
1446461844
3430724241
2176662890
4236755055
3028379056
2808066045
3486065638
856939707
273751436
145337897
236753954
2447669191
584828200
2528663829
3456191006
916462995
1969125508
1590566081
3202269658
1626348063
599397280
3741197613
926299990
3477895531
3671011964
2564316761
794732178
1653081975
4003082520
1490383941
3925920654
337399875
604973940
511890161
1179853386
188063695
2327182736
1366206045
2014701254
1551827483
2181448556
2933119625
2706314498
3232645927
3330496776
470162293
2311481598
1305472755
580409956
1235080481
1883332282
4283650431
523510656
3546559373
2977903158
2564191947
3492106332
1224680121
3237273458
800205527
2553691384
1264406181
2940805742
1732639139
2164852052
2866946897
982546218
738471727
2192803184
844221629
608770470
2034095995
3608893772
2323461865
1226245602
1974386311
890363112
1655573973
3057645534
4073287763
2402298948
3386031489
3102174106
449001695
2993890144
1684697581
2735381782
3646956587
3768016444
3945862937
3258746962
1266613815
1110784216
512448773
3290556750
1097159427
3432828724
447914929
2225945610
2680909455
4151442768
3097568029
35306630
732454107
1577606956
1740489545
4071384770
213772775
679432392
2890412085
942012094
316973491
3634228772
780457441
755558522
2316816447
3597603648
111730765
2274392054
692158859
3634191388
2978364281
1315807538
1741062551
76489912
3656880997
457383982
1171414115
1648527636
3809235985
2799792362
1399021039
4293485872
3740576125
1531105126
2182517307
3779417356
1588428713
1732720546
229885255
2529408168
1181516437
2419090846
2272887571
408526852
2462850625
3168654682
3492353951
1075835680
3132587693
4140352214
2362609387
11487740
437686233
1556097554
1650504951
859570328
2436496837
1130678030
65344963
2574398196
1158100081
2137331146
3752066383
1863433488
736387037
2507756102
4141905819
2806659820
3546573833
1277130882
745033895
2983659656
2326988021
3675735166
367006835
1675313636
3720386209
3030266426
466554623
1618854656
221138189
2758507958
1953188939
491071452
4009366585
3228312306
1160091735
1580452984
1676318757
1732173294
4143284003
3315846356
1304118481
1215310506
2305117359
3554870512
2986886717
846611750
1885211899
1921978572
1979353193
577579362
1219726343
3887156328
3736319829
3516044126
1869632979
3432698820
3262791425
3162636058
1205974623
1686143712
379931501
1613801622
3160652203
1859581372
1179175065
682200018
1173171127
1366198360
2107728517
1300849870
2254149763
911169204
3594552625
2553982858
1098861583
2035629264
267934877
3488720902
1088901723
2173425324
1116198089
1198017090
1852667751
3796533320
3020331445
3361362494
830621491
1611683236
3222345569
3636542458
3677949375
891302592
2075425229
365970294
2903758603
2984031132
2182786297
548431026
3331288855
350499896
368467173
1492933550
91185635
921489556
2209281425
1627169898
2764700527
1717593264
1884070653
665025254
651446203
2394459276
2166640937
4098415394
3580760775
2275058728
2286136341
2955313438
3849185427
666093444
563945409
1771301082
145560863
2002047648
1827919917
3439480406
4208174187
516841852
1351074137
263761298
1424253559
3968651288
1887536965
2286928526
3012090691
250886772
3340670449
4042131786
4229782223
1576828048
2308774237
256097734
1283255579
3498914412
3320315273
1044831234
3784138279
4187600904
3842174581
363798526
9124339
687679844
4264974369
724698554
2937441407
2350277248
2801493645
2843658550
3321569739
1780744028
2879915449
955934322
2864973271
1482710008
3705332133
1983617390
3154117795
31298644
3718735441
4064730666
1011968559
3743515760
2659303357
2022338726
1211712123
4186032204
4041923049
379210978
581130631
2520759272
1608278229
564932318
3828497235
1701083972
955564161
903058074
1498100703
2422006368
1919100141
3942495254
2598522667
3293941052
3650320921
3148713810
2919651639
341235672
3063573509
1501028430
908910083
1327554100
3496044209
1799299850
104737167
617053264
2106758685
1898943366
476137435
940461612
776267337
1249586626
1418200295
4152668104
2590507829
2564140478
3720015027
3663838500
2163235041
4256206714
1042631487
1562399296
2747470669
3979808502
1910582411
3655011100
1818369657
2466916402
1887657111
409486264
1700275813
79468334
627533667
842405908
1952749329
3188643818
2797312239
635855920
2171051133
585836134
927792443
917160972
4128121513
2200010402
1595105351
4083192744
1111348629
3689127070
645746195
2171399940
1363222849
1392573530
1081873055
2270736928
2612212141
669178326
2941237739
3542907132
1110176473
2521313554
806555639
2559352728
1554780357
3871456782
2030543043
3801432564
1791555441
2834169034
379697231
2507553808
2425934557
3547670854
1934910107
466561516
207523593
1170554754
1444768679
2613798792
284547061
3884841854
3822149491
1342050532
4043250081
1643960634
4012345855
1610482176
1187741709
783881398
595982155
1421989596
2231957305
2023729650
1452110679
79424376
472787749
171922670
207981091
2478201812
547784657
1175753130
4207445935
3798926320
499005757
3833961510
382695419
2314436556
2169383785
4087246946
2038310663
1052584808
3425176149
1418512990
655302867
931996356
1933722113
3000772122
2231349599
4094181856
497286765
2977021846
182183083
2131961020
2870029209
3376976594
2043315895
149825368
796292485
367877070
2799248259
1964074420
3474278449
196777610
2751989519
935902160
661639069
3553918726
3558227291
2676999596
2968844233
3387232578
890081895
1714282312
1164733621
1469581630
3985543731
630334628
3072498273
701948666
3906767039
208630208
617917645
2076498550
229212683
4002964124
1985777657
4084919218
1537362455
2367378232
773648357
1283707566
4223298787
2988334996
2066561169
3424127850
255342191
2088461232
944084477
991547878
3380654779
4145806220
1131082793
3788579362
547597767
3625288488
1515912981
3244800030
547861395
59053700
1740120769
119869402
2912292895
774607264
3975514925
1969907030
1078382443
3150549116
4110623833
1047442578
3924606327
3040571160
3149503045
2361047438
2858509891
1918191988
4127611121
3043291210
3845199311
1400830864
1725402205
3490550982
2171000859
2802852204
751313033
815440642
1603879
2523666184
4102799733
4273198846
2511504627
3068000356
4229618465
3875450042
302270335
2587140480
2459867533
2719637558
587975883
2065608284
2166155449
3445353842
1048699095
3779492600
2279896229
1363808366
1042681763
3643679572
3703089489
1373193514
2060100911
466322288
1438495421
1684522918
4062227835
1105475404
2904849641
2272891874
3276010631
3744045800
160871381
406087134
235341395
555010628
3076703105
3248208282
16723679
1300406624
3194476525
562875158
2723183147
1024441404
3233930521
2675611218
2671359031
2905896664
1312128773
2968115022
778070275
102821172
2556176817
2276264458
3504137359
4032363344
865077533
3856689798
2114335451
3591388460
1352141129
2477126850
2248024039
742788808
2601768501
2996921534
922564531
530680868
2829573089
3946067578
291423807
17666368
2766751309
796501494
376231819
2383723036
2785673593
2416095026
2112632727
4043137720
3594828133
1582435886
3731386979
346400532
1577638417
2568503018
2487210991
2820629296
3135672189
1580170598
4084164667
3993776908
4013606313
3730294178
2417949511
867791528
3063621781
246600606
2850887955
2348563972
2869044289
335553370
2247822751
701329696
112911533
597225686
1136190699
1990567932
1863144921
1445738514
2020698871
3231268504
4088013765
2822419726
2643864515
473190644
785824369
609412042
499872591
3591813904
844711389
4077715526
2360626587
2421168364
2904863241
3435595394
1434355367
3883648648
1975823093
153137790
3962481267
1000136676
1703517345
1211596858
1303119103
4172955904
812954381
1906486198
1519166027
2067432924
2783173177
2234462450
1486966359
1811942008
2247999013
2036059118
2806093091
809822932
3621636817
596965546
1918354095
3375825648
1820339261
3861967654
4029473531
1062465228
4201500265
2687219554
1978974727
1971653224
4264058197
446890334
1863969747
4294668740
1263944961
4027731226
55159903
1523319008
4205752685
2840516246
4148170667
2622182332
547720857
2353240530
341041591
2133444184
2027391109
1483559630
583184003
1615819956
4063628081
3977674122
1119666703
2356689616
3354608285
2505266694
808527963
4186944684
2469272265
1975375938
3176770919
1204633160
2170437557
1475461182
2416368947
2794451876
2608864609
3486026234
3987473343
4177178816
3389054925
1985311094
573254923
1448087964
23753465
3064033970
3445695767
3255726648
3285156581
1747405230
594638819
3083595412
3807869841
856650346
3956437359
3872547504
793413885
2049714406
3407420859
964389516
2138937129
1186294050
595937479
72114728
1023300117
1908731678
2555215507
4174538116
1629431233
127022810
4289399583
943607968
2399354413
2691595350
1336277611
2713763708
3058337625
729856914
3516995703
950406680
1786621253
1732358286
2829447491
1043486836
3678018545
62379850
1987104975
1530755728
421396317
712207302
2872886043
4119793772
326386569
3897190914
3427767335
2365224456
2057344117
3033828862
3175469043
3157968740
1934319137
329733050
3625894527
965664896
3326987405
189921078
1611167691
4078263644
4183673785
3994645618
2599140311
585669112
2088372133
2960426862
2646088355
4143624788
3625315409
3376917546
2540691503
682721904
2282071485
1474371238
653531259
2688722508
4012515305
196401890
126914439
4291787240
2413627093
165190878
541577555
2990610756
1964820097
3426738330
3252627935
3655622752
2021165805
3065504278
2678760747
986049340
3501998105
3718487378
3474526007
4241364440
358388229
980930126
3657430019
3785161780
2728586417
1240920330
2946998159
1244035664
177830941
3492626822
9903579
672017452
4273417289
1043119042
1361066727
3066260936
3729500469
4119403454
3467346611
2556255012
3584777953
1704189306
3015983423
2989936704
974879053
3193453814
3336864395
3846859036
2390615161
3042391602
1073812119
2119074232
1555909733
2550367534
550862179
4187043348
3489209617
2818418154
3421507311
1989435952
3144778365
2098189414
1719522107
4150895116
2050189481
3907652770
1356240455
1204703656
3548674965
2560494238
3251168275
671583492
3490654017
1876642394
1353058463
394145824
734959533
1508575190
4195225579
3675969276
3501897945
208420626
3950757367
2606882200
2251568837
4157582350
563132099
911171572
3241180529
1637075658
2770415183
552811024
1092991197
1681971014
4076877979
4107077612
3853964553
1361366402
3666583975
2229806472
3911155189
2949605758
3740792179
381136612
1801461665
3612223290
3881598975
447905792
4197049869
3710403254
3380563275
2158965980
2173353273
1444591602
4217448791
2214603128
3512291621
613696238
2005508131
2337241556
2741046737
1357995946
2685599151
2017133040
3461226301
2809678374
2893434363
2192596428
291074409
2551512674
3994508551
2080958824
2763305045
2480224350
4153456339
367378628
2058766337
3827594266
1925162847
2295054304
3720701037
3083333014
831535787
3061809852
3607490969
3785007314
3314105527
2753652056
2311363461
2231978446
2853714307
3892937652
1872940593
2890818698
3449650447
1734588880
562214301
2221812998
87561051
2139857836
422788553
3136462658
3075590247
1999150408
2547782325
963082046
3370854451
3540632228
2636750945
982921466
2577891007
3938578368
2604208845
1971456118
2593708043
3640901788
1396987385
3659790770
3419144215
2747109688
118363621
468107438
747930339
938835348
3943546513
98752874
3935874159
2506449328
2237365245
1423605734
3684534459
1171708300
1700543017
2465574946
2383602631
4232003880
1613604117
826156574
4234103187
4154176644
1037183169
3671809498
2934703647
2240614304
2199712045
3188626262
3639682411
3233017468
3294489177
1190052498
3154211703
1724689688
2899165253
2279909262
1582726211
1653303156
2797199089
1273413194
1608289231
1698167184
3497030237
2390049478
2046733851
2886336364
2850842249
3579195650
4130516775
3443840264
2806081397
2819704062
658840307
689149540
2479350049
556530362
2976202111
1512382336
1913192333
1428524598
754000587
3255307356
1147842233
187890546
1879152343
222738680
3936066213
62586478
2327192995
1262698836
4290719569
3365016362
1111563055
4124279152
1700370621
3270931878
2528347003
77403468
3875259113
323756514
2676566663
3895548136
581917141
1721291742
3405028435
149514308
2720188801
3317696410
1273701599
629284704
3499441645
444528918
1123078187
2910329404
964862745
3861423186
3986975287
4079203544
1007658245
1713489230
3909844739
3516205876
523612081
572315658
1386109583
573569360
850325277
2685802630
1410599131
503847724
1755467593
3121578690
1710118375
2264714440
2484042805
3515667134
1422249395
882190884
939188705
3704587386
3579165759
1620840256
2472127565
164811766
860368267
3481016348
1438500729
1929887026
1723985303
2958794936
683794277
567344174
2628683875
3505964308
4197802001
1522470122
4258023919
2168807728
3003676029
4018940774
1081622075
1120080140
3338144681
316167074
1362768199
530526376
3371814549
3919921566
504409875
1166990340
4033358401
3599921498
1350370207
1080749856
988695213
987307734
2186230507
4035708412
2536774617
688408082
959586551
417758360
1145719237
1166058254
3036103107
551972596
1372995697
3501240778
1554180431
1712044304
3976080349
2534452806
1446519707
960886508
3860133897
1121883266
2504309927
1678804104
2600882421
1268392062
1814904947
3511582180
847422113
2134953530
1815673599
3051798272
3555399949
3779713462
543029323
1428153308
1207803961
1533165298
4006413399
1018972280
776004645
2078849518
759016227
2497054932
3006288081
1042925226
872036527
3749380336
1932005949
2556141862
4222335227
1141427404
4128314473
1264207202
2447767559
1112066152
4023190357
807628638
1886618067
1766592452
828525313
4279409434
2204213855
1845984992
4142405485
1289553046
1775003051
3182408124
4264711321
961390546
1030395831
1742013528
2453515909
197214414
3973694595
4232024756
2002489649
3110226826
4104796175
3096131792
1679698077
287638534
53149275
562270892
1929666761
159606338
3539329895
3829398600
3102074293
1811492414
1211855667
2600440228
3961463649
3661617146
2630810047
3519360704
3363653069
3913981814
653427467
1723035548
2615818489
3456270514
115530519
573091896
668510437
3619829678
3340996067
580586644
3278897553
3029483626
3146442607
2016698544
1786277629
992270054
2869818299
204359820
621206825
915535650
273448647
2951618600
4092131349
1876122910
4242347155
4024501124
768682945
4043343066
1800995103
102223520
4181894189
1045080662
2351452267
144907644
1329417561
12110226
1494077047
800017432
2997474117
1587781262
2071136067
3479205492
2290459121
4260472138
1366574799
1634629776
3167675741
1813191110
2645334299
3129011820
540051849
1740503042
767674919
1196110856
2859350645
1214905342
2209375731
3983041892
2375050273
2139922874
1305983103
3958857344
3318755981
4019529014
969264587
3623271260
2453901753
2494071410
1841525207
2422265848
38350245
3139269998
3038785699
3322400852
2209641041
3216538154
725505583
1932623984
498699197
363318438
4049530491
1593017420
3298387433
239036642
992855431
2286893032
4060982485
2658470622
3188549459
353220420
1853148289
505163418
1327701983
542891616
4139643117
3168931862
1008925483
2233878844
722798105
688499538
2866529591
2150978520
4065245189
2749873230
193137155
3322485300
1041527473
2149498634
1774261647
1752528976
3687866909
3315265414
679277531
2818443820
3193533001
2001619394
1953001703
2364681160
3965669173
3064760766
2035030195
3829987620
4288046305
3236375418
638793535
4231876160
3768835917
2179558134
194500747
1017759516
734636665
957629490
2720974999
1998897080
1783788133
1807381294
32740195
2329695252
213754641
559707114
3654583535
3090309168
3517671549
631538278
828287291
3222831116
92843689
3424819874
1095355463
2871791528
3338346901
1908963486
1858370067
3566349060
1007496513
3089471578
897580703
2492706336
1679424941
912471510
2356962795
2801349884
4068048601
469781778
294943735
690428824
1575771333
21862926
130665667
3422125556
281543537
3785988298
4098925647
2506110992
1709350621
4219241798
1717309083
1304094188
3728677641
301226882
900323239
1962206088
3145278453
1283512190
1137609587
1533103332
3941672353
2953803066
2353100287
3126263296
3988278285
3993465014
254321483
3901526748
691831609
84264434
3806650199
2251581304
3434379045
4015599854
2019407395
1020827604
927699921
1530801578
3725423535
4009164784
2332951869
685439014
2379031547
1935489996
3633624937
704351330
291541767
3091507048
259085909
1603118686
2311212243
3928907460
2673495553
2967257626
3845102943
4202642912
1981205101
3633191830
1341427883
2715541692
3324688281
56405714
737669815
3125060440
3259154821
1553283022
2600947587
2364645812
962614321
2219979402
1742926607
1877915600
3217398685
2876758790
3658082651
3480715692
3500245961
3513789762
3225812583
2131974984
343652533
1604773182
3187129907
4000407716
3093341793
516259578
2804053183
2651090368
2177726669
1102001782
2000170507
4015988380
190585849
37554098
782611991
760205112
1445936101
196718254
2736691427
1740413844
2619229329
2937956202
245965423
2134859696
245457405
2634755558
3916062395
2088875916
4001202217
2710191650
1513232839
257490728
674253589
2642711582
1237770131
3517076100
1629236929
3120671706
3841063967
2849934752
561272621
2434974038
424377195
1770933372
2263396441
3370045586
1489381751
2202921752
2886854213
1535022478
2952499779
1957791092
2963105009
2312670282
4214751695
1071708048
238639197
860680390
3326510107
284417388
2789256329
260161282
586999079
3943535368
3022458229
98480894
2189930739
4181275748
2426726177
2663991482
1568027519
3741687168
4054017421
1252047926
914782411
618752604
317224121
4202301810
1144081623
2620847864
4085432485
1184623726
3438689187
1464360788
2482353489
515563818
40341807
2429255536
3777330877
3220513702
3874904443
2672161612
3087206633
1821290466
2323538055
3492353768
771227605
560808414
2844930643
3333293636
169004929
1163154842
2072451807
3128008032
452109293
232859414
994125355
2983229500
3581110553
373731922
3065978935
2483221208
1746520837
1674163022
4050031875
2935564596
792671665
3556550154
2769277071
217511760
905827613
2965096070
768728795
3052402988
802985289
3857256642
747539431
3097725640
389751349
350765246
3963511731
2541275172
1551755233
2178601594
1442624063
1964674368
1375343181
2526806518
4292051851
483620380
1084329337
2004667186
2722603927
3265912504
1366230373
3854559790
10788451
389800724
932308497
1809177322
269008879
190537520
1197103997
2404964710
3912307771
1600777996
1709527465
2227757474
3506792263
3665096360
4253578389
2701635486
1675904275
3306256900
3808309313
2224340826
2947479967
66612512
3612455085
3163114710
3365245163
3999425532
311091673
1431589906
614651639
3156458136
52064197
2604044558
3389544387
663260404
772130417
75399114
472538959
2666575632
3688042973
25451590
3547068827
573297900
4264902153
778445442
1807413927
2811576968
2054682357
579047038
366728819
2767199204
3299584161
3652852794
4151701759
402865408
2006023949
1935738806
1172262475
720716252
1430742585
3271904498
2275981911
1349027448
3702786597
4008028142
149537059
1935091412
1605555921
405705898
1313648303
2528050928
1174403133
3371585318
316313339
11381452
3907279465
2750993250
478621191
3455878760
866232661
2450775390
4085061587
2290920900
4104016129
1770187034
1210685535
506658016
2337373549
3403362966
2483600299
1392775100
1592728217
2949101010
1093750199
2339390040
1238619269
3884265166
1688263299
2317332660
3853588273
2099124618
3611799055
2106472144
1685655197
3278287366
970249307
2036822188
1644865225
2193159234
792861031
933411400
3667758005
2221972542
3659532595
3177131940
837691745
2015831546
1755443135
1065331904
4146703309
4004498806
996792587
1661390236
3516530425
3872624306
4078211351
3040013880
3255946981
667755950
1887806435
4149881492
2769848209
1703218794
2482199919
2592497328
2715178237
3935143142
1186122171
2261853836
4055900969
1138656546
465810631
176152104
755211797
710003486
2468129427
2363466116
129184193
2782843610
3417765663
1625377952
733088301
647419990
811247211
3547691900
2606764889
258004882
1797948535
1369999896
3372611909
4000681102
2884640067
1115591796
1325475825
1604023114
220708047
4035933840
4105161565
1411565510
2748083995
2674052204
1813827465
1017218562
2246311975
2827743752
4100710517
1349478910
3553295347
1015415652
3439684129
4007784378
2420158079
592436352
629315725
3595064118
3543344075
2563250524
4133050297
2896662642
2739611607
550049272
3997717413
372663150
2184726179
4010077780
1619195985
1436108842
2008861743
1050771056
3751637437
836663974
662291579
3046400588
4047023081
2654598882
1031469959
2948527592
107893461
1602320606
1031994707
231363908
2768032385
2875751578
2165773791
3821231200
1832081133
2105294358
4031467819
594978620
1755171865
501201234
3243146039
512528856
3446726149
365406798
1253449731
2087008308
582351025
2377551114
3028978575
4290016848
1899448349
3514342790
336775643
937289772
3979065417
1977604034
1046521575
4195412424
1151530293
1547696062
1570549427
1042585380
2125556449
2410314106
353512767
3140734016
391923021
3085605110
3220909707
1610163484
3292885113
2655081010
386694807
2196438456
236427365
4292960558
1220651363
1712812564
2863802641
2854961642
1349057263
1790991920
1142247037
2628333670
401571643
280452620
403567785
2898995362
2959934023
2642005416
2627848085
3882018462
2909802515
118278404
356201281
2883577434
1862923423
2123967520
3298124717
1028350934
3868900331
3066532604
661144793
1157913362
576532983
3252443544
1674871493
2201716750
2880627395
596876276
3650062705
2838456010
2217744975
1925002768
2127529181
422064966
1298654363
2795029484
1979146505
137619842
3883404711
3958481288
134400501
1034044798
2455052659
2650467044
4021431201
1816183610
1574333439
3203103744
2708910605
3780550326
1954675019
207220956
4229843257
90231794
2367198551
2337842552
2386533669
3935182574
2397162531
676443604
1550195153
3841653674
884468143
3332570608
3556633405
3903694374
986970619
3690600908
1459617129
693246562
1666828551
1936745832
2354969685
934679646
1571021523
879164612
1630426113
2567245850
1548718943
3374496736
1721249901
2479114646
3859343019
3240640188
4169104793
2928590034
756459703
3411534168
1492182917
479274446
4188431747
3821649844
2890783281
331743370
4074268943
3513365968
2184741277
3371272454
3532373851
257122220
1463798217
2371730242
3488232551
4260239688
994795189
1247171390
1286886451
4157144740
2294787169
1449446650
2437769919
2788617152
1485954765
1615619190
596083723
2980740252
514056697
3955627442
70216727
2849115448
2608882149
2617023662
3747131107
3245586836
241093265
1204319594
4218001519
3121175984
1410811901
2477513702
1927754939
454858124
1590609449
2374945826
83972039
2439167272
845345045
2252014110
2296280467
295235716
1368798401
613939674
3483890207
455084960
1207680301
1856434006
2169885035
911780476
3164829273
1144970898
1077600119
2327783704
965086277
2273870734
525379651
684172148
2477845233
4013578826
927168463
1668937104
2687647325
1049927366
3862845979
1439546220
2714038921
1595755778
108469031
1875267848
2604446581
2551980286
662324979
2806960740
1924263201
3755382458
2520197503
2832604032
2439891853
42723894
3217805003
598394972
1821784761
456202098
990970583
236401912
580511397
2582436462
2229686691
2101181780
425474897
3562254122
993920815
1823702384
1226925245
3680752038
1659449211
2447298892
2688175849
323042786
69441159
386979048
2876286421
3367088094
702531667
3663897668
1865602433
3227034522
265490655
2354125664
494930413
2075350294
188841003
3390625340
345255705
2949955666
2055853623
265433304
1381232901
702652750
3346115331
508380980
1215871921
491549706
1211188879
816706896
3179068189
2547086470
2336208091
499636012
642177865
2536677058
1507770855
1094338760
2761345077
4239634110
2103900595
3360450084
2519789025
1515593850
324249663
3196652352
1623881805
1440034806
4228831627
4128953372
3870643065
492951858
2961004951
2817006776
3494652773
706664494
2320151651
1735328020
2518576145
1281140970
1257584111
3328269616
4158407037
3180693350
1838803515
3288386828
1275238313
3022614434
2407570759
3829050536
3561429653
3034193310
4217887507
2323912708
46413377
2651262298
596701087
4101368608
1541740205
682195670
2525751019
4029202940
1628547033
1527800338
3133377783
709949592
2954532293
693927694
1556704707
2954537716
1130712177
1069305290
3697399119
12956944
2128082909
2993162822
2219823003
3405886188
1971684361
257798274
1491151015
839516296
2484706549
232586366
1765436531
914471396
2617552545
3617811002
1868752639
2668608256
2607277325
2817013174
1259381835
2092605404
1304505401
1008229106
2738122839
654623864
290926629
1381144046
3125139235
1271416020
1566923985
832791210
1095705775
1859321072
1695014461
4160814374
3048826107
4114778316
1390911593
705126754
2513986567
2560640104
1235636053
3228846942
2016849363
3720170436
352999169
2942514970
3517025887
3947789024
938140525
2739495062
4126478763
3695734204
3269189785
1873920978
2678588343
1778090072
530184837
1807293646
169341059
2314194612
3174473009
3091851146
1788158991
1535194320
1224995997
739794950
1412344411
2168147628
3762351305
1633583682
1379815271
3254089800
1720005045
559417918
3316948787
2377043364
3974967137
696153082
3508856255
3257543360
3590721997
109378422
3750833931
3410635676
578405625
2165611698
301352727
4214041656
310047973
3628602286
2677520867
3054061716
133238161
3320306794
4111192943
3452460208
1432632061
140915430
503816123
694420620
1705601321
4003140386
3320507079
2483133480
1749959701
557857054
3675013267
1338916740
1858418625
2787975386
2697260319
3365587616
2790354989
3646096982
3158113387
2184698236
447928665
3615024530
2281126519
512870424
764550981
2528606862
3122475843
395096692
2930552305
2830451018
696988367
2292216976
1086370141
1654814150
1033651483
607431276
2000229769
3874821122
1421227559
817672200
3633940085
1290065918
764776947
697540964
2980737057
3785833914
525968511
1603820160
1701117581
1064010038
2890955211
3045685084
2778668473
3054935666
3145915863
1411470328
3229055397
1103057262
2231393443
4059171924
4001463889
183113258
4243276335
184646768
1303467965
746924198
1229232763
606421068
4110938601
1000637666
2390241671
4129207272
1291778261
3439191774
514364243
477557572
2561988737
4096051866
3619359711
2753223264
1540930797
2022075414
1008969515
2511799612
156668441
1009108818
2456891703
1473499096
650314757
269981774
395916803
2226214452
3498540721
4072561418
268697999
2414048336
1255026205
1942375302
