2062952251
654173708
2614287529
2050683042
818555463
673502632
2491494293
2838179486
1498134547
2921615620
966597441
793292378
1661738143
2795844640
1617021869
3223104470
4125844459
147856124
470233
1032200978
4272183799
862544280
556657349
3895840782
2367195843
2125276148
3993727345
3119132362
1365000783
1575697936
2404773085
2775284550
1132629147
753093612
1106266377
944222594
3257480615
2229315976
3512087029
3662581118
868534643
3046535908
1657279393
2798488378
4138505215
3183182848
1027021325
2609637046
736534859
3748034780
4193333561
2575735794
2830351703
2888412536
1242367269
1936484078
450589731
619658708
1016463825
98157482
733483439
1234503152
2977452861
357887526
771924475
877175244
1697441129
1846141538
2724131079
2627956072
3240453205
2168872030
2661780179
1585874116
1559772161
2092292122
3824794463
1622590432
3696007277
2539491734
797019819
4147693244
2508613017
274236626
302370999
2641160536
758271877
458452430
1513360771
2750105524
305250865
3066611850
3719074063
773832144
2259085725
670880006
751724379
2611341228
2711663049
2562294594
