167909219
2687567892
1975699217
116869098
3878242543
1335383088
4111518845
463640166
3745361211
3557012492
3543290537
3642224290
3711373383
3276833704
3675063701
3683191966
4236508691
971235076
2196459841
1472556122
3004547743
3309740576
4268253613
204884438
1982622187
176253180
1495016153
597336338
635617271
70815640
3322364101
1166224910
1266307267
1955082740
264185713
3498994890
4133972047
3869256720
3579445981
4200896838
3290239643
1545607660
1752841
1366536066
1587092391
2184402824
2648508405
3698027390
2108690291
174915812
205605281
3547941178
924400127
2204365312
546877453
2940503222
691709771
3440297692
3096520505
162142706
3434423127
81779576
3751893797
2352530670
4172298787
2241940436
1966389201
3899457962
1709586351
1460728816
4288112957
2511146022
3161466875
691826636
396516201
3506757730
2018629383
3080526696
2569484885
446839390
2965754067
804524740
2216456705
756061722
2387173727
4175835616
982068845
708128662
4217935019
4099413180
2268158873
2047541970
3695851191
428480344
2567021957
2535377870
3640382339
49567156
3745216561
3301639818
2256385807
3420629968
1918959517
1798565638
2056187227
1506850220
1977690057
2500034882
2520334951
3984969544
2659425461
3404036414
2468168243
2549159076
3381971553
1220760314
2675849407
4005913024
1355930829
1220561526
2500735499
483742364
2266284025
3757398962
377092631
707740472
2311069669
2834121390
2679446755
402214804
1391159441
937458538
1426450031
739070896
3092170237
347161062
483484347
2287266700
3270452265
3064435234
1344757191
3924128552
2341089045
3186436126
235824019
735839876
2277659329
1724481498
4254056479
3925442976
4094343981
4070430038
176389995
1593737340
3327349849
2191598738
1763470711
1523015448
1433717317
2690394510
3962836547
3962059124
2707196145
1877303370
2052507087
445180816
3891838045
1205667014
764381211
3410039148
4075049097
724112130
1777608999
2931033864
1238561141
1618036478
4143002867
3509381220
901581601
593173690
3881170815
729452928
1087097229
730189878
3693116619
1330355804
2667911353
2235981170
3993604311
189426424
2880939173
4163076206
1238417315
2734232404
1738987857
4145132842
1263031599
4132270960
2750866109
3597612966
2736872827
3037538124
1171827945
3284141026
3547833479
2045348584
3472221141
3140081118
253605459
1767619140
379384705
1991256474
1202249439
2957021536
3752658925
321927958
4131203627
4264864828
3074559257
3877439058
3944309815
3618662104
1210101509
3338356558
803412227
1541659956
249715121
3013442058
3367146639
3662867280
450967837
2921323142
3755926235
1412508972
1206139209
765748418
2827603943
3313368776
478873141
1926157502
65791923
3521149988
964299745
3036718714
3042997823
826507584
88503885
3847558646
2972813195
4164004380
