3628296483
466923220
977452753
804084906
246208175
2474706672
2480562237
3934099238
3043571451
2161914572
1030832745
3146816354
1357665799
2903477864
3838382421
1820599646
3487612883
3599513028
46676225
2081665306
1899216991
665257184
157672813
2069133974
3839976363
687118268
1515586201
477199826
4085282231
191187544
846544005
791115470
3096347267
3860936884
1978990385
2264981898
997971471
1143226064
155678365
2270296582
4084694107
496629932
583765705
3505699906
2180727143
419021384
3241735093
1304749118
2954342707
2950870948
