3204889583
3165203248
865449853
822379878
1366347835
1804499724
1065905577
1262046626
1002627911
3783015080
2905559189
2217270174
1880850707
1103595012
3976514625
3843205978
3457938847
2548644128
936643757
2412771542
2008304875
1842999292
3647274457
294633490
3970913015
4197320344
2951236549
3813850382
4177433539
2180094196
3424871025
338127818
1103518543
1246003984
3730599389
3643148358
4247369115
901144812
3691403785
2133626498
550923943
3915550344
170709749
4200249982
324080243
365701092
1486898337
256772154
2885741823
1064962304
3118586637
3525161910
234621515
592629212
3822027321
4145461490
2844997207
2461586040
2769282597
825742318
1889402147
1667642068
3141432017
2590867626
159820463
3473459952
3587658813
3784178470
2367048443
1587427020
836990569
3121954658
453028359
1032835688
4200891733
3382774110
1362121683
2425272772
1501621505
254596378
1909625951
741329120
3866089837
2148392598
3290658731
3343358908
3693426329
1454318034
2079967671
2231799384
1153282181
1326275278
873666179
1926544564
95073073
3438478730
3340741135
1441661648
2023647901
2817809926
328110171
3837656236
4248289993
422273090
4128871783
1207699016
2943248309
112445502
2266055987
2139569060
784254305
2833715706
1718152127
117602496
571869133
1163426166
2726466827
3593492892
3833469689
2073098930
2243628311
2567911992
2257169125
1602965934
1454759907
3149215380
276833169
1576008298
3614005615
2783718064
2974396669
2786144486
250250683
1116582540
1176190761
2510745890
2851680455
2929666600
1726118421
1649080094
4266387091
2888674692
3815886273
4239703770
2090595103
887756960
1567385133
3920987222
493970027
1216677756
1794256729
2364818322
347013239
3536508440
1846269253
560576654
3621673283
1165992052
215401457
1536974666
1127987407
1106985616
4134610781
1906078662
1770138395
1854232684
1621486473
79688194
1517780007
1399930376
1784200309
689870334
3963107315
3690598244
1320289825
2261638074
1396943487
3604916352
353039501
1356660534
357031883
2461902172
697922489
2383477874
2729288663
1915838968
182202277
4016082798
2732884643
330037844
4156986449
808465450
3211708463
1762871920
1252838845
3159238310
2041413755
3676106316
3975137257
397304546
1466726279
1416249832
258551509
1139188958
1915631955
3496239428
328691329
527067290
892867039
3386386528
1367978733
2055662102
3596487979
2773627708
646703129
1579099474
3582916407
4080721368
2022881797
3223836238
2401262595
632439860
2590479537
2716039434
2900002703
371999312
1016374301
1407076742
29656539
1993110572
3608204361
1537885122
481305319
193082824
3081490741
928719806
2642799283
1189389092
2704934625
4207043962
424749375
2798557248
2810224973
2188068086
420211339
3971658012
3017903225
3092692530
2133523095
232737208
3737613413
645369134
1609164131
1997176340
2312226065
3538824682
408352495
4074032
3871386237
570743910
807353147
2886461964
1461784745
971740322
1377467975
246487464
3501761429
607392414
1737968659
4176663812
850513729
2836255322
2724655263
3266967584
931643309
2688683990
27883499
1366236924
1873961177
871352082
2639900151
3054937496
1897029317
1359459342
3298369219
4281116660
656221553
1099453130
3132888655
2587951632
4022919389
746184518
2668994715
1632849900
4047011081
4155135362
3414395303
804187528
3559368181
3341382014
3048889715
2617702116
3474376609
377794362
525428735
781338624
2922843661
667110070
546223435
937917660
1142318393
1143095282
1509101911
467202424
1863022885
177228526
1485178915
2979054036
2673980881
3353995178
4175553967
321702384
2319796029
2499105318
1426044411
4179273164
1970215273
3055453794
2294498567
2100539752
1200674901
2029207646
1497833171
3784902852
1233186817
2338257946
2330496863
3075442656
1143377005
2292643222
1913889451
2157693628
1730517401
942024914
181347511
2870881624
608879493
3116978638
2735251843
2108607412
3954669105
2622155914
3818939663
1442415056
1959648669
2570007814
3291839323
1373236140
4292666825
1921001282
3048321127
1081566536
3163306677
776568638
261460019
1998654116
1091061857
2882844922
2349098687
3857299392
3186506445
1319440502
1586511883
2281965724
1526201849
993231282
835053591
199121208
3899145701
1634388142
393800419
1325319572
3510003345
1357078890
936350831
161425840
4193952765
2464122854
3406753979
3322487180
4170834473
101136418
2854669255
4289857832
3501313301
2011442718
2180886931
102169732
549769409
2015225306
1971121695
4284012448
1814436141
561355606
3126627691
647509628
3987051097
1417824914
2091866999
571569432
519825477
2687283086
355394627
217624436
3774252785
3555411530
1581741007
2434122128
4033059421
4156443334
3018069531
740312940
331222665
636205314
3925514023
2094767368
765038453
2189118718
1171751667
871554660
533629217
1282572986
1177167231
76867456
728115085
3302004278
3318778571
2966443100
960911033
1732936562
3311632087
229605624
933085861
2965833326
3884092835
2601814356
2014304081
1872403242
1809842991
190138736
3131097277
1501789606
890039163
3600244044
1365338857
1667607010
621089415
3052151016
2296086997
382131166
3699049555
2720837700
1094545793
3775565722
2833517791
2996168544
1682335213
409862422
759445547
4146356796
2750565145
851717202
297423415
716209368
2917518597
1777454414
3318474499
3637138228
3214563249
3391709194
561070735
1398128976
1196037917
1709645958
1893822683
2481349420
4254857033
732760770
924728807
3839595720
2752488501
2575227582
3007329715
3996938788
1412008417
1243483258
4102202431
2186532672
190764109
403037174
152016267
1175216156
3753996153
1378305330
2475414935
286025912
158074725
1046807598
3546476643
2710703380
2897086481
3855586538
3956486639
993584
284663165
3869324134
4122584635
2927974668
2961552297
3355040674
673061191
2141321384
1288566421
190531998
595531539
2979668996
4088058433
4158978394
735964063
2831595296
2705814189
3679463126
3716850411
1711295996
3939222489
1017892370
2830108919
2495300760
3720901061
1020832526
530557379
3437475572
6482033
549796298
3822965071
1685684496
507597789
3244930630
3186461595
3974905580
1312202761
1568939138
735880359
943148168
1554938101
152316030
1922017395
2176697828
2262387361
3063371322
4258128639
384206592
848838925
2516902326
2601345099
2608344028
254363705
1166657266
3674139735
3316977784
3398634533
268747246
2782532387
775377108
1204877521
893537962
3462996143
2408368368
29309501
4160268582
802496763
2442335436
113687657
3984837986
2721177607
4237529192
3108580181
3412162398
3519670739
4028585924
1087173377
2926387994
3307899487
2041267936
1474903917
2547780758
2649738667
2800482748
3807509657
2616799186
3763371959
4025601112
2070140549
4271982798
1298803843
2500123316
3692050737
964613002
474816527
1279328464
3658043549
2818968582
499672667
1525799596
1447954633
1429270082
385207143
4138648648
1412828597
653997630
1585830707
2318850468
547212129
1671323642
2295062975
973928128
902983117
1284351862
2928274187
3302209436
1212014841
1261570226
2591867671
2607380536
2815611109
3949346734
3920098787
3435418772
3795364241
2679294058
3932278639
562964656
1370986237
189390566
3323943867
2206240908
82085161
1304657698
1107322567
2357258280
722280469
2358863134
572226707
3648801668
4049851329
3059944666
4220119327
2097387168
2095828013
1003598422
20166763
2913428860
1831138649
980177298
391886455
2350126104
326630213
1426826894
971730755
2632826484
1264732657
907423050
25112271
1382826128
2674003293
2004623814
3543269659
3250009708
648163721
1819508738
120173095
1610742792
1197892213
150209534
300076531
1667738980
1245121569
3807586746
2084348031
596059776
1775065741
157297974
910505419
2514420572
3418307001
752880242
2428852695
3253313528
2381010341
1447656814
3918305443
3371767892
3567589969
652280362
3598532143
3721611376
2241901501
1582617766
1532515963
1208863820
463408617
578351330
1984540039
1328152552
3201946837
1153635038
255053651
2842754884
2385474689
2173089434
364644319
3398411872
3306100973
1961957398
1511416619
770871612
707046937
3250926418
1821486391
2028084184
4072988677
2782381134
2414047747
274620980
119085745
4165682954
2318663055
2126200912
1393265181
1301018502
3773455323
3304870444
2415073865
3171668418
3409467623
1945170888
3003086645
2227081662
3882254515
688931108
3966045409
2253763450
2128617279
3407156800
3813214029
1513911030
3841933451
2723811100
2590855801
1951648818
1016639639
687179704
698128997
2523822894
2957507427
781556756
936790801
2358049770
3917180143
2887526448
3795488893
4007234150
1379930427
1660602380
2075547305
1701061282
1842197575
609146792
1366247829
2845737118
1406329363
1539142404
1609553217
1100488794
444655263
974091808
2769495469
2969189846
3143093739
2609741052
2058430169
2613302546
3199362039
2249974680
638223557
382050830
3121755331
3675702772
2280958833
568205514
1831570511
2565734416
2579875549
133532998
162625179
3363909100
587252489
549053314
4058103719
4063996808
3552660469
807067518
4191220595
3069220068
2951204257
1602616634
4151729663
3900098048
1996846093
2363652278
762841931
1040505564
1963469625
1800228338
3702966103
2152542072
3886456613
2979346670
144317987
3378110420
3834395601
1383511466
974937007
875087856
1816472893
2056781862
3449195515
403145676
367681385
3494188130
390888199
2880401256
2139979349
820751966
1790489811
2887886532
1868887553
3898034714
3499656543
1665336800
1371009645
497886102
4156029099
708323516
2139774873
4062721746
2893929143
1132555096
2047404421
2375368654
3812079491
2832656820
112524337
344898186
556129039
683966416
3629171613
1148773126
3494334811
4026911148
814427081
826127682
3387287143
1520575304
2792087733
1623780670
602023475
2831722660
4252978785
1078200058
213867711
4083955136
3116540109
2937208438
1114609163
2090821276
3696215033
462196658
1876925975
934319928
4106839013
1836955310
2101543139
621142932
1938222225
3126734698
2669677167
3719899056
3900738045
2135963110
2954610363
1794375564
2600151081
3705390626
562430407
1158399784
2784260885
275422238
2393196435
375233156
2236536513
662975450
3200443423
2649380256
3216867117
2831796566
2717311851
3451032700
426793049
2930923666
2494828919
13808408
2071989829
2953223566
4128504387
3848195444
2082082033
4061992010
3705858511
1979629456
862748765
1624635590
2003561499
524952940
3377616009
1213679362
1644481831
3974388488
3888067957
747158270
5904627
1515748452
4260073249
3125792954
2776308607
599090560
4230541
2391524406
379969739
837399132
285482169
1322357106
3033740503
2128592632
1036314789
1340601454
1493345187
2371462996
1032215889
3322112298
2940631343
3498919792
3685525181
985803686
2626666875
528497484
2074652905
3303552994
4214900871
270786280
3781437397
1037781470
3126368851
3593555524
711817089
1893653914
734003935
29713760
2749615085
1060630
215256619
968671292
3911389465
2065840722
2517960759
3452943064
1999631109
3822697294
2640772355
3161354548
2699287985
2622041610
2535635087
2287779664
2413362461
2060242566
31409883
4195238188
3189128521
2143721666
2298377191
2831307464
343624245
1763330238
3925396403
3881832484
2582417377
526998138
1751751231
1897026880
1597979213
3104770550
1557851019
4054040092
333788537
2396803890
709987223
1167763128
1868115301
2660495918
2795046499
236268308
1531612689
925262570
3243223023
4100269872
2324267901
2863522150
4122115131
3110876940
3904043433
2183817634
3542699847
3971462824
245144725
1862121374
2828184851
3881615876
2810239041
4129769306
508551583
1720988960
1927993517
2436912342
1259403499
3793136636
1331857881
3241663506
2405482231
2050523800
2044237765
1322162446
1139851203
432395508
3989991025
3033728970
111494991
664698640
2455124445
1880974406
845242779
3826392300
2677466633
2974526082
3448953511
1308363400
1767907061
2889717374
4219354739
731866084
2051166369
2169545786
3159021823
2470642944
2877204237
2086408118
2278471243
260934108
2779975225
627889394
253403735
1000427128
4131795493
1598140398
818293027
1928883924
2777906897
2407996586
3959133871
4043359984
4191625277
2362660646
3728996091
2088235724
3537502825
3462552418
2551387655
2055687784
3395146069
428991838
3558047699
94369220
88668417
2837279002
1563590751
1679213792
1637000557
2316974742
795616171
4202715068
1827586713
2863873490
525809079
2513242712
1345977477
3601151694
342966915
2837772468
2611330865
2642059658
2720699919
3682860752
2678339229
3733436934
2343713883
18200748
3197390537
1990622274
2122449255
1548845640
3811423157
1269998654
262828339
3268835236
128766305
2982522362
3353270207
34043072
2042549197
3862091126
3393274123
2674333084
1194174201
474158770
1643018519
3501438520
4283168485
1471229358
2185890787
1203991188
3038850961
283481706
101336431
773858992
3998579965
1592954086
956576187
1818455692
3940404009
592448802
4172782791
424846888
1902626325
1935135518
2006651539
2897930628
210098625
998333146
1864883999
1376588960
1687892525
3630030934
1285951083
1991885692
579320665
559177618
2763549815
1884115480
2266243397
555586702
4188570947
3595295860
2736639985
2013264714
2691867855
3956096656
3699569501
600559558
1351735067
886641772
734951305
697765378
2861295655
327334408
1050937461
1564045822
3242025971
147147620
1793856033
1116239802
1910871679
4112491648
515883149
3293797174
384994251
1961910620
957677497
1025448050
3784118231
881974776
1999272869
228748142
3856969379
3627431508
3803422801
3171012650
2788930607
3548595824
3972307389
1590395558
2830314619
1290709580
2709410793
3132325602
1675027335
3906584040
544897749
1913618654
2380883283
409836868
1173846657
521340058
2599419359
1211573344
818183917
701187606
4118722859
176353084
283997209
3470475602
1044669239
427383256
1797719557
2482483790
2656471043
3438968884
3170541745
639833354
4164776847
1614429776
766668829
1571399046
2210410971
589049900
3087360073
3822936002
544247527
1934602696
4169342261
3063021502
1794578099
422305572
2361397985
2237202810
1629427007
1682674752
2940300621
2759696630
547526283
602500380
2083068025
297851442
213280407
1459340728
178372709
3335874862
1716916579
806402580
1191891217
1436273130
592437999
3370788400
971273853
2317236326
2417026875
2715395596
662412457
2387390626
137423431
3369899432
3025530773
3413700254
3518920723
1148719364
4200454977
2240966234
3880443039
508884000
986614701
3961678806
1018569707
698079996
2564811993
487056146
3401259511
1628512664
154315461
1425248270
1832602307
2029052916
1643917681
1235480266
1615528527
9109008
938650845
1776368454
3892137115
798952428
4093184265
2134471042
1861219751
997747080
1300951541
3984346494
664242547
3486135012
367580065
2348239674
4232795135
122373120
252429
3564218038
1511088459
1194204
3509186873
3823655922
573209943
3887164792
644990245
2299143918
3462280227
454229460
3135685073
1551074218
2483474863
3054814704
3665105725
2661985830
299721211
2934202828
1838523753
1474011746
3565531399
1494953320
3384419413
4115930206
3185199827
3969533124
846789633
1623169050
452492127
1814463456
3078183021
1294160278
4111224491
130320060
3676251545
899302610
3906769079
3604261208
771166085
1238445518
2434190723
2247034804
3403842097
1145211018
1331384591
1417641424
1610852765
3862073606
599899
2116134828
812216777
2506834754
3838450791
3955024200
981173941
1471699774
3521035315
3361752740
1864782945
673404154
1781158591
1440658368
2781284045
1643080822
4127124491
489342108
3101133305
3176504754
547968023
1450366264
4149905893
436249774
2830964451
620560788
3607589521
323550570
3475013743
46343600
2469818365
439411686
282631355
2010045836
613183017
2434815010
2006267847
4183131432
3177650453
627116574
2365382035
2358524036
3070811329
1650098650
3166231071
2305545120
2609177901
982382422
2973841771
2562519676
3094027865
38954642
4150839159
3397644568
1714697285
407931790
4104720451
1605692276
4033712881
935256650
4230897615
2748824976
3399837277
811443910
245613083
4066640748
2115410569
2150814978
2428437287
3286046984
2081741685
184953086
76328691
1588468324
3241710881
3952942778
2440827263
2277892992
4115329933
448197174
3878368971
1324552284
1945232057
1741201266
3337808599
3539991800
1780223653
4286112366
1077066147
2576270676
4096582481
2078029610
1801252655
3602204016
3907554493
980474278
801281915
3227064652
3172988649
1943717346
1612676743
3377175784
2887568853
1365227486
971386963
1613098052
281902465
4230163354
323746015
2380587872
2612081133
1646419222
3289703467
2420448828
3515078425
753944658
354401847
1272903896
4272560389
640788814
