730125835
171157148
1582760953
3647655858
3785940503
1852364600
1705288677
3290429102
3372237027
2770477972
1987456145
1946447722
2316388975
729376688
3032730109
3929699814
3011577531
781729676
1003644969
189400610
2862563783
2329151272
983544597
412933150
1051887507
2391399044
2165184193
1673163738
2869175327
3703215520
701546285
4148431190
2477532011
2338772092
3440875609
2981140626
1226658167
1504375576
1744522821
231267726
1584478787
2577075572
3836300529
2497926218
1584671183
702480272
4014981213
3068147910
728837147
2601411948
