726680155
2826962604
940459209
1071381058
1416456039
4192841800
71043509
363921982
3641259827
361399716
1449494369
262859770
4046912959
4037370560
3264735693
1039987574
3044591371
3332170652
3539803385
1691358386
206266135
4044317752
692571365
3065973678
2322747875
2477981844
3772736913
1494373482
302246767
2012320944
3721138941
1841048294
3157604283
876919948
1952629033
521440034
1508246215
2068960296
2511412245
3914674462
2532104339
784725892
1823051713
500537562
2351105311
2448556704
403654701
1543962198
1278252139
3089535356
3978441049
2083544466
3071824503
181403672
1862989637
669676174
2692991811
2203216500
3875997169
475773258
349129423
4104498320
1230276957
3526651334
1221975323
2159108716
3537792393
124423170
2155695655
359196680
2343067253
1723191294
4160891379
2376554852
2583349281
1221309882
2617490559
3519779456
307156621
1264286006
475009483
336867164
2952426937
969545330
2775578071
79399928
2728153509
2209237358
1290990755
2580792404
1548211793
1024233002
4235942447
3336746096
208744381
1683169446
1737110139
1077803084
865683945
3927309538
1477134727
640084968
2075775189
3062554334
1570843475
866560836
3245420673
2831499930
2880512991
3442086496
4193162477
1269982230
2989440811
182304060
1637739033
3168091986
3173665079
2596931544
529783813
12750926
2803355139
380571188
1236915889
3244086026
1776294287
698395728
4122609181
835732358
447363035
2707586604
3266008649
2488196546
2624058599
1199824840
125662005
2643221950
354540723
507243812
2451884257
2985967482
4060298047
1560642112
2743501645
3099836150
103160971
1224424220
2485423737
9033778
270486679
3304289208
1300862565
1910458158
2991216483
895240212
2222262033
193234922
2849343727
332895280
1606880381
1684264550
3498962235
1318515724
4163670697
2941071010
896225351
1333248936
3700114837
2087865502
1474051603
1189027588
2267910465
883076186
1372717727
374727200
1873715629
172460502
2089593323
4142180604
631661273
3693076754
3693543415
3073363864
2685763781
1169976846
1575129283
760443380
2911987569
3652955338
3040061519
947874832
825246429
1103485254
1670206107
1850956268
2553609993
3226005378
921525159
1341822856
3027978229
1341434750
1260932979
2735227108
3886254497
1559660858
1509259775
1242771968
1258221581
3556099254
3854231371
3104966364
1077634873
47143410
2333696855
3782679416
2530188069
2266105070
2235071011
839683028
841414609
1178223018
819099567
110113776
3700271421
732843046
436234235
2735714252
3000802153
679092322
3771078407
2533645160
1424325205
2966125150
6164691
607081156
3332289025
3006125594
1162191199
87388640
2920246893
3313921942
2114507947
2952484028
1509661593
63980242
2999875255
4022425432
3176129925
3700952014
4020507523
1929352628
1263384625
3342354058
1837758223
2835475408
1618427805
2681548550
2789158235
189003180
2755356617
622379330
2664268391
2928480072
2405555381
3551443262
1960149555
3083621540
53938785
461411066
4204427455
280273344
2641894605
2863762038
3989729803
2014876316
889126905
1247452082
354302487
3389424440
2871943141
2298905262
1350393059
463769492
4263356561
787331946
1748117103
114070448
1199900157
938639846
648127163
1097345932
342451241
3478966818
148610503
1552724776
1099460373
2304141342
2447811475
1196902020
1216647873
3592863706
214695967
4052271520
2849045293
1798247766
1231273835
702660732
3747451993
497443986
2682301815
2487131928
67308101
1796565390
1193039427
1400076660
464439537
2878513226
3382904271
3269995408
2823748701
2847818950
629131291
1542738284
4152266889
478040834
3804784935
2734376712
1425092981
1048217342
753497331
3091736676
228543265
2136497338
3132241791
3903443328
4021422477
179769398
287358155
1506729564
3006224569
2699795826
1827524823
2925636344
2003166373
4252811374
1591279523
1038373716
1092163921
3344889130
3870594351
1011659632
627909309
3337648038
2570165627
3982518092
2375216361
3719644130
476832903
3218131688
3207865301
4224914910
120976979
3960928836
2510238593
256731546
4012187359
4077900128
397625325
2835446550
828205611
408415292
1452035353
3546433106
3256722487
3026691800
3236884229
1458865998
252401923
4201585972
3614742961
1753922058
3225343119
2381458256
3984029981
2101418630
3826197211
69496108
1656650057
3225003202
3516796903
755318472
2179548725
1712854206
3458475955
3225140260
4019997665
3661489786
1090303551
3383935296
1449965133
2177258998
41011083
4059359772
3146543481
2420268850
289941399
2118685368
2822121829
708099630
3138085475
2760627988
333007377
3511545578
52020207
2396033840
3137732477
3597151590
3564132411
716727052
1327052201
1296266658
1245113159
2693833384
2863175829
3187770270
453773587
237923844
4138636353
2422330202
4077976991
3783958816
1819694253
3971850454
1219876075
4011710460
541574617
2395203602
4165294839
536637080
13865925
3321193742
2989562819
1404207348
4150209137
2682295242
136143695
3521112848
3568350685
4162695238
2762816923
1737771244
1991975433
3926570626
4195251879
208336520
1393171189
3762774654
1933941363
2875658212
1374555297
1039216698
4097438975
1804562688
2791842573
1570724790
880906827
2487924188
248924729
1646190834
1089289815
3917167224
2858364453
351173614
802456867
458955476
1327381201
3464145066
3558978223
2786603760
219126845
605659942
4213035771
1026563788
1237073513
3620169570
2164044295
2659990120
2695220565
1168224606
1210637267
1767743940
1953674497
1260649754
3746536543
1421422816
3705282925
1680049814
1647116203
3790832572
1565523609
2039171538
3776434615
1723659864
2423322757
2648179406
1531813507
184394932
3022945073
3008638346
402567695
376531664
3267015325
3088320006
3927578715
2852381868
2218035913
867272770
2866388327
3236720200
3306401717
46690366
4144876851
361374628
2639564129
2083666426
4213830591
1174397120
1952731085
2885820790
3658489099
1418740124
768402169
541139634
4204598551
1606001208
2862674661
2204760494
1207199715
772939412
2343037841
10822250
814506351
3924005552
3762944253
767875302
4026142139
679975564
775685929
4144044322
1870477511
428053032
4260086293
3363020574
3377229459
2036635012
3618346433
4048807642
983628575
2757460128
1570680365
4243795030
277015147
3835228028
3999594329
2105043858
3679783031
3630775832
4236713285
2220646542
4112572739
2349893748
111315953
3299182410
648200399
2741414544
3696586589
451156934
4145394459
2939371628
2615849865
4142799362
4072637479
2320082440
2496005237
3814407678
4097622003
1516566372
4203728417
650183610
1015853695
2428768384
354499725
984524598
3856492491
109415772
1496333241
2489918578
4246186967
281266680
2512091045
4217845614
1311443619
678486612
573987921
1770871850
2937704495
2180166256
3111458237
824823462
1438976123
2961102412
1834520553
3836775138
2222489479
825666024
3745150677
1010257118
2570502483
2047035716
2837001857
4105277594
1271208415
3895562336
2743335661
1693225494
2792854827
2865634108
1950789657
1145785682
96272183
2227258840
2446721541
3745676878
711648259
44772404
2809879729
3046416650
717852559
2155850320
104918045
1045295494
3462401499
451042348
2392693833
1300261826
2692754151
1749196232
1054939445
1472187326
3314709171
2511833892
1382010593
2405272954
1596076351
1134297152
2640243021
2539973878
178877067
1038784796
2445300857
1213654578
3340567191
3965301176
409910373
3265672494
1295543651
372729364
730434833
3404944874
2794061551
1443205680
3713069693
738755686
2403255099
1490407948
936499369
2593504418
4004415047
3311763880
559016853
1454160542
1923601427
1727642884
830183233
2264726106
427554975
4160446496
592054189
164607958
919273451
2824013564
1337272537
935587602
1057994231
998575512
1562224325
3561643022
1709942467
1519226868
259583345
669088458
3677560399
1971087888
3845990621
1148742
850995355
1355888620
3977069833
287866242
1121685927
446125448
2420213
4122351998
2244928883
2739003108
1300533153
3351762746
3383390207
373796864
3789379085
266662582
3140762955
1316971740
2554146105
2244634610
2540509527
2721798520
2675622181
3739677422
266113059
3274025428
2153872849
2794917802
765259183
232534512
1352503101
3693148710
3207020027
1699515852
2120737129
3530600034
2631879943
1976572264
1626480725
2375280734
3495929555
4228378820
2039658497
2583045146
1787139935
1803087840
296801389
425500054
2487036587
283620028
2708496793
2174898386
638397623
2356450648
723389317
1228143054
3529714051
1064809396
2002468401
2102137994
2929683727
169667024
3725206941
4260289798
2799764315
1958728620
133803465
3685109570
680638567
554159432
3578888885
318646078
263329843
516158116
1421742177
2713706746
2732945087
2156339136
2002551501
2985212022
708691979
1275326620
3982935545
1451469234
1825042455
2720579896
1470072293
367620270
550990563
3137056148
3112054417
1043892586
454204527
288788912
3625643005
3207802854
3359537339
3651340684
4057639465
100753442
1036702663
2721476904
4208661781
380425758
3978181011
3035489412
1243519169
3747417562
3315725855
2590654368
1668833581
2169717590
1368266091
3628867196
1245207129
195457682
427123575
3343899928
2291609669
3820967822
1519479875
489265012
3621932785
3616829002
3687742415
2250320272
359129693
2510680774
1838652955
1785605996
4028814985
112845058
1617076007
3142845704
2066143093
3310875902
4261153523
1677575780
2429309217
2936384186
3516083583
3122286464
2996596621
1262632502
1250300619
171457628
3523026617
2218961778
99452631
467790072
765266597
3983388270
3404273059
1232695636
798990161
2476196650
95095599
2278863216
4169730237
318711206
1296331643
2040087884
48902889
1862783458
1076959879
1784187112
197970389
3887563742
3282275411
3446380612
736049537
3371284378
1905333471
2626637664
3445665261
4017334550
3246243883
2990557756
3939308313
2140165202
940071479
4225164504
3259569413
162297166
2838916867
526596916
3922599857
410683402
1501579919
4048103760
1880514333
3841378438
2308765915
3583789868
1984479049
2887987906
3104720359
3913022664
1852107829
3800269502
2876030387
2393856548
3933164001
1096365178
4235439167
3133226816
2824674381
1772061686
3469548939
484198428
1187002233
2563206450
3785219479
4280733880
3459469157
2872290350
416381027
2053043476
4219850769
1752481002
1143355887
1500942640
4138198397
3578059622
2969120315
3371122956
3797318569
121897890
3536986439
2918604968
1887911573
3061051806
246390547
1094781956
1737792065
2289312090
1964176287
1235754784
3291069101
3514683094
4140575467
310654460
3824061401
1193276946
1619398903
4190743704
3841178053
3770372878
689058243
837066484
635351153
3787350474
3732199759
324331792
2463472605
3382795846
3182498715
436872940
724264969
2778875010
3243551911
1786754184
3955998965
4247678
851718259
2056826340
174527137
1786412602
2319903487
977006336
761170189
1522960822
701687883
3618640860
208670777
3721522930
1050211415
4223105144
2787267621
1425762798
3578829603
426522836
4126195921
1049589418
3980667055
769405168
3610739261
3284422950
370977019
191167692
2162132073
2289431906
3832408071
214956136
3318379349
4171374430
1224896979
3425583044
100580097
262425370
2531758687
963948256
2090043245
1429320854
3292091819
752345532
1448920217
2350208978
833521591
1357395032
3176603269
1319891150
82097283
7193268
3302228273
2501901194
3781961743
1946446032
3798309021
3781538822
2358505051
1534575276
1602932937
2365003330
3354776423
3202296904
4028323253
1951391294
1858233139
3279536548
1500746593
4230580218
2714560959
2957663936
3596662221
746016630
2388095755
1316200348
2748098809
1562521778
463391511
2169757752
3794409701
2961500078
2334555619
2992716948
3080745361
1470623850
3620001647
1824886960
1593302781
1547536102
1601102779
1153071244
2403683625
1818076962
600075975
3869593640
1750493205
3825339678
2908488851
3925029764
3487407041
272774362
1573843231
3283418784
3948811309
1750030934
3162849387
4110110076
584564057
942700946
172080759
1358068760
3627238213
4181610126
661518147
4139689588
3211661809
1415533898
2569418447
1528277136
2206618973
2315504070
956664091
2107973228
606534025
3152128002
3685857831
639263752
940812917
1416670206
4196881907
3306329444
5559329
2284212666
700819583
1420594816
4163084941
2893141302
4011507147
1424419676
1301676473
3765973618
930046423
3216771064
1862966693
1133520238
2232623267
2432565332
2572477009
3044944426
2590524975
1039315056
313064381
3698359462
800054907
951039052
2118637033
3971684578
4288001415
1530292200
1961565397
1850981086
914118483
3595560772
1307655297
4228767386
277417951
2690656
3309920493
3096887318
846195499
514750780
3927930393
4113652562
150975799
162038744
2185766917
1177709646
997063171
1083656756
3463242417
20737802
4234347919
3494815824
1526190621
3778781062
3318080475
609368620
1237312073
1277295042
3410518247
2683395016
1081392949
1986214334
800262323
2602772772
3888829665
1613814650
3371247423
522354240
2808565581
1752570614
4275882123
2127165212
176953977
4053005362
281720983
2796548024
4186169957
1407001390
3453387619
3238167572
3016626961
433202154
2347660527
2300809264
923457661
1109209702
3919550779
1795469324
2124881577
55462562
2795617351
1245921192
3360199061
1297557662
2669898259
2365872900
3371801921
80169050
3050696351
3331382816
2132110765
3016222166
951670251
498164988
217312985
752352530
212364279
1254771608
3361066181
1531464206
2879700163
3384258036
1787851633
1031227594
3252851791
2607376400
226103005
3301782854
4120182427
3007256044
1628801801
393743234
628737959
3961787272
1174311925
1877444478
707099507
560692452
3096810913
2517181754
3859768831
3345755648
3102456845
2923700406
811438923
534561500
2607739705
3660936690
3866152791
3857684344
3998607141
3878412526
808494627
237946836
3754689489
107208106
3273089967
4128780272
3504174397
1258530854
2952664059
528051148
2166564713
1775713378
128484103
1401673576
4281255509
4140586590
1645296851
3385888452
1236712961
472805914
343248223
2930535904
1300380269
2275593110
2720104619
633606332
2887067545
149184210
3019629239
2753024856
1998336389
507504590
2731687811
1038078388
3432563761
1792008842
1617224463
1143465936
4291627933
3531115270
1261623643
1311486380
3135763401
3080969538
956690023
2322762568
1165043893
2529006910
3292442163
4088107172
3681883745
4218367738
2816500927
3309936064
3245402317
2342250102
3059555851
1272925852
2164165625
2753345458
3072435735
3980066616
2051058661
3275513518
920750307
71486356
3054417041
3170064234
379785839
3968896944
2766197245
1961090534
1703628475
1506666380
914092073
2585128482
3513387463
3603967784
1985854229
2691908638
3120942995
141853316
2565381825
4093860826
3005738015
272350624
625985325
568815958
23620459
715553916
2822971481
1930854546
1572477303
1699814168
458970693
886654350
196510275
147830132
3980776689
2869312586
246018511
306849680
1454426205
1744675014
157250587
3638037868
1744247945
2254794498
346871079
3130835720
4220288373
10838782
2562629875
1839424612
2032752417
572717242
4112786303
1350225280
364303757
3460131894
2208000203
3599866460
4227523769
420067698
1100823767
3964806904
2315530405
1842257006
749284259
4009660244
2404787537
1061196074
491880751
2488053616
936701629
4252881830
2902935931
3720487756
259094761
3452592098
1923502215
4090513128
1251307477
1074524638
2713789011
2226140740
1062158209
4261807514
3635219167
50253152
3141407725
810931990
2840466987
3759712316
2721962265
355361362
681775159
2654347992
30620421
81027918
2433844483
1447516468
2237113777
3755628042
3279011983
227551056
4142220573
2736551558
853200603
4144245036
956499273
2642198722
2267970535
2086845128
3843068469
2204037310
40194995
2870147108
2054313953
1541702266
1956291135
1623178560
3397222989
65581558
1255699339
1404282396
220462457
3267132210
77829015
3539275448
3395319141
748853806
474451555
3659666196
2221037073
1326156522
769830895
3574370096
3464088445
3801188710
3912369211
789978892
1019462057
4273246626
438130503
2320244392
1486218389
2337693598
3556979987
977512964
2242551873
1811312474
2344937887
1588960544
2215452845
548273366
2895282411
3118109692
4207235545
1491862546
4084647671
512158360
927195077
3018932494
2644723651
302431476
227423857
2869702602
897339215
4256818960
2234155485
1637157958
2321869211
208667884
3201019401
3601453698
525001383
2407821960
1052600053
3031055998
468895347
2277133284
2282756257
3128151098
2365841663
2916642048
3028610829
2052962230
2127838795
386232796
1966724665
3941924082
1056221783
1357100664
2819979813
91772910
3497832739
2439861972
1844659921
1846822058
1595317935
1452289776
1838114877
3789487910
1019969275
2441730764
2939341417
3868492642
3062832647
973321832
1025448277
4161965406
3414951891
3840859588
1958396161
798267674
2469365855
3139448032
3028086125
548397718
3723865003
3953934268
3533277849
1745839570
1559575991
1979937368
2288862341
670031566
1546373763
3889029300
3198781233
1851509130
3683229199
1787258576
1715502749
1093100038
2461910107
1021026476
1242633929
3417089090
734136679
1942088264
89324469
3930541118
3223779635
2673434532
180525409
261150202
1696587711
2944720064
1754078157
1063026038
1380894987
877067676
3036442361
2608021170
4015030551
3588103736
1340292837
3188708782
3557331939
2694863508
3838375825
3726294634
2276281711
2157416112
3654665469
2032547046
2324937147
148723340
394171177
4280956194
4139492551
1656163880
1425083925
3154148126
3273366163
7459204
3577717185
4204823258
1974265631
1878949024
1095596589
505120854
3493303915
1766697852
175801177
743999378
3286135927
4100700696
2182048069
110115982
3077246275
1130153076
2439616497
1267278666
3965299919
2612569744
3202825053
2677241798
2393202459
1812397164
3952295817
3594860034
3142840359
1759191560
4119941237
972429822
2311187443
1303393124
726260257
3975913402
3819871871
2642742400
995494029
547685174
3087537099
2134395228
220972985
2650226802
3564574679
2443462136
2928264101
3693679470
1907046051
1400577620
1101228113
2698967082
1046920239
2061676144
2550981053
3861326502
1967830139
1490063948
3865517033
2184554210
1231219591
606479848
3167470293
3437242590
3044142419
3364652356
804864641
1054485658
2046625247
2500889696
3745433325
3333484054
3591913771
3867072316
1126710297
1334274386
1190292279
2843722200
1894403589
3046267470
1512116227
1349740596
1049520305
609500426
1588362127
2567808592
1943975965
2593738118
2161883611
1035081772
1947347017
271812546
2629867239
1854937544
2352506165
2037819326
3548618419
2927544100
3529890529
2759076218
2943360319
1872297024
1100985677
2885110006
1656757899
2342081820
2122834041
2084635186
1831366295
1945513400
1892223077
2776895790
3022297443
3049103892
2638387473
2015425002
3657624303
758222384
3975462525
648142950
1605398331
86216204
1286366377
1769396386
3712283207
1578171816
1366243221
3765540510
1565458451
956233988
3450315585
771855962
2799690911
35019808
51434413
2284852182
39300075
3607085820
3714233561
995887890
3304137207
1694468504
1639838405
1521891342
2936918723
4208053236
1054341489
2591889098
3913419343
709256720
703001821
267969350
740349083
362607596
1951256841
1396152706
1590164903
1151390088
101202421
1049163134
3089895795
2642746084
2832636833
1203401530
790911999
3716197376
1344938509
789794486
3308710219
2905219292
3385899321
2148566002
4163142999
747885944
56692005
534826734
1714732067
2468865492
3496380881
3852512170
1900140975
1061432816
3712834365
4166407718
1820649979
1368803788
990801257
1856883298
2703341831
2956432744
2946198613
1819591774
896717523
227093700
3070936065
3117858842
3272967007
1322249184
3783499885
2421750166
666228395
1854959292
4192857497
429288658
3701119159
3064664408
558520197
3686520270
3773912451
3996643252
3406187057
264482954
47864079
3609388496
1170207133
2641508614
322219867
394760108
1023818185
957442882
1344939111
1791838536
1606471349
3740074814
310068275
3062050468
391912545
2827910394
2307611327
1593580480
4222963405
3082359926
304903179
4155157660
1875268089
3005597106
1948998679
725433656
2467418597
285166766
312188643
2004478356
1942960785
723395946
3672344687
416976304
769046525
3640953830
2122851515
1105773964
1649227305
194673698
1136213959
2052713768
873488661
2796139038
2023581075
3253411972
3034752193
2484709850
1432216095
3539811232
1867984173
3437993814
3639787883
2700139132
2038294105
3556150930
3970879351
3997325592
1011842117
3731043214
3666581571
2523255668
3688454897
2783447626
3795150799
3882034576
3962154589
2697285318
2027375131
657582956
3741016713
461438210
2141653799
550863112
1445077877
1885524222
2100377331
1429799524
1186356513
1487947450
2774866303
734743424
2566994829
329816630
1012973259
1054537820
2972232377
3745564530
2684154583
2679268600
211506853
4271868526
68764067
2926816596
3762072401
1247371050
2913466159
3786714480
1666241725
107774374
947527547
2581266764
858308329
2046619106
868976263
3694658792
4220392917
2228248542
563001427
2447692868
1341080961
780817306
2759393503
2791197536
1632336365
3953657110
1758358571
568395324
4242448153
339505234
334349879
461725912
4287455493
3362541902
1184668419
521893684
705768369
1051337738
2115188367
1657218384
31730461
934421638
1606984923
3898345260
720194377
340152002
3154031079
1719236808
1709979701
3366608574
1393420723
2506528292
530931169
2850017402
695310399
1001274176
1020127309
3500269558
4136880523
377160732
2394407801
2384562482
4200155543
2041793720
482188133
780240942
1164813411
1138045204
779017233
85088490
1078928879
2173865264
3262886269
2119055206
4246395451
3710713100
3730900905
3012894626
2685963591
3046235304
3805579925
3165179294
3943090963
2033600516
3505432129
3135815002
3072778143
2696092448
740329133
1515072214
3926447851
1696657916
3838580697
1143476754
823622903
238299288
2009335237
3214356238
2414108099
1947785972
778943601
2076835274
2368980303
286188816
732915677
1073265222
2328412059
3200639724
2979787785
4246823042
2482051239
4219023496
3420392693
2105781374
2932956275
1389095396
1256791713
2916948538
2087769855
1181018880
3151713549
1013245366
3011875915
3528118236
3375602745
159910642
3254804567
1761604728
809017381
2791654894
2706949923
56521940
925224145
3708359338
2845381807
2687773936
1343704637
4268338470
4012528891
1335802060
1421217897
1914900834
2002801671
2787603560
2258878293
3287481182
1338351059
866089924
1084671745
720693018
1411874399
1505471200
76960621
1184764054
794952107
2658180540
1376145561
2373546962
3807114167
1443803224
1907583621
2846084302
3777159299
1092484788
565120305
3204945802
2253853711
2046452944
3461047453
1465454598
2090310235
3459219116
3284622537
1876046402
1446920039
1603577928
2226823605
3836656190
1799065395
690552228
826384225
912794618
3307394495
3283049152
2867429837
1689365366
2784370443
2248825756
3780916473
1530154162
4122097431
3713555512
1942775013
738902958
2728045027
2026862740
2468445585
335383658
3225797487
2774109360
3504581373
75424486
4050161595
4109382796
1189599529
795263778
1751308999
230214696
1136374805
3496929566
2324377747
1021341572
1741793217
812568794
37412127
691534496
3748454445
2656548438
3415862379
3247442300
625822041
3656422802
2284530295
1121253400
2048626501
743582350
622338883
4058702452
4237630961
706933066
2688361167
3846808720
242753885
3683853766
2012558619
4200127084
1915717001
3323511810
296101415
3532382216
1295971957
334202878
588022259
1950208356
4218347553
3577802170
3930559615
3947727488
1589145229
390607158
3232065995
91858780
401706425
1290161778
1412353495
108823544
3560499621
1160905070
2482195619
4024974420
2602692177
2880423466
454373935
3099765872
3382757309
3461208230
2794818171
2430693452
632709609
622867682
3789562247
201712616
920414421
3621557982
2518123347
3501794116
3476113537
1024883354
136379359
652741216
1902390509
255532054
292591403
2185180476
4284547609
3545069394
1066737975
3829858264
3720115205
2908899406
109323779
2990507572
2011164337
2665220874
3517313423
1522312272
3505757725
3932617606
2141294555
3875665452
2375315017
431297986
2498284775
1411307464
2720795445
3774485950
822359219
1338664228
2452676833
3693574010
2459898687
3036641856
3959954253
3790108406
3058922635
3831018268
1840490105
1750994994
1547052183
3559680952
4265487973
932904750
2149756771
1953021972
1743200017
1709162474
281501935
3257895984
2131666045
1503039078
1903248699
2805099532
568437417
1292854946
311961671
2161032104
1019600277
2415658142
757765651
3941177092
3213207873
2192303194
1822022303
713808416
792476077
117981654
329646571
1413357820
1090616025
3813677330
3890862071
170182552
2840991941
1385440782
4029081795
1843128820
206536561
3203589322
3511779407
2719179792
3129203421
1637126470
1448913563
4159361516
2796951305
1147611010
1858483111
2752352136
3225542645
3784991614
2950866803
2542713060
2655494561
1557905722
619270655
3632605696
664307725
307395766
4190125899
1986494172
2741141305
4149973490
1283996503
4129821560
1587295013
151370990
837341731
3524330452
3526430673
3293411754
3088863151
1767910384
4125966653
1679361062
1958461435
2074290124
740930409
1626626146
3914002183
198398824
4063760981
1854747230
3397675219
1194445508
1099876865
4075752986
4133845343
3420678624
1303709293
3011454870
2767858859
1800195260
183415705
867728082
535383735
1143885656
2846391685
27771854
213937027
3498053044
4070821937
3962011274
369086223
1124983760
803395485
3738953478
2129036635
1356033452
240418761
3756980546
3992869479
1108870984
2755687605
1804366142
2053626419
3880438948
2289246817
689818362
3353759935
3449723328
2787751117
3058057846
3182152203
3479571100
968759289
60740530
602214935
3694099256
571668453
2133998254
872789219
2493581204
1925169297
146338666
3889430127
370445232
4076641789
1804941798
2469722811
301179788
4115561513
3666807330
347633095
215198504
3019048725
2840600606
2833578899
1632747140
504146625
1067448282
742643743
1655617952
3247346477
39832918
1479350123
3140171900
1038658649
2923863186
1179878775
3793983256
1802740293
1616716174
1192275523
1173090676
597483761
1211750474
3597721039
2238456720
1439863901
3221028038
1006575643
3581659500
3576670345
1175227138
558973223
1845378824
182962549
2492481278
726912243
2596184164
2037605153
3534591162
1649807231
3423324544
3162218893
2609104950
4107670731
3272889948
1904636089
1458034034
2701961431
3053626104
895646885
534804590
3510196131
131648340
2723361105
887237930
917400879
4027362160
4210866877
2915774374
1872557435
769908556
3994027241
4087315426
60865671
2744107752
2662775765
906284510
3272363603
1963553348
3720301441
3665731994
1425340127
112052576
1065934829
2708091670
2147402283
4154025020
2058315033
4240080466
2045279287
4089749208
997689093
3564388174
1238872323
4192179508
1476047281
3035230730
157592719
1894654800
286462237
582472326
2422635227
698606892
3423048009
2424298690
3615418343
662714056
1895292469
845532350
493256627
3450483748
1510499297
2873826938
2599980607
3414997312
2135838285
1338707446
1375674251
3845284380
1266387321
2062980914
1119813527
1935772344
1162527077
818968110
339982947
930631444
2041274897
176760554
4218133487
3741879088
1387108221
679142758
1823715387
1395907340
1194216873
2783292834
3838034759
2949094056
2403545237
3396025246
3552207123
2115560964
3378949185
4115336026
2000213407
2409666848
1013181613
4267595990
791620843
2488750076
570613209
2295603218
2573742839
1221682840
645147589
2209160462
2144695235
3625646324
142426737
3556232138
1704672079
3444826896
107236829
3838601286
1054643611
2970337516
2208053769
2567499394
2672250535
777907848
321958645
3670874750
1801450099
1540196324
3539084449
3300288570
3633171711
2212587776
3277961997
551293878
1206315595
2306878940
2287821369
3112900850
1203508823
3289133688
3196831269
3082957806
3353664803
4013920980
3515372241
191750314
1288407727
2328374000
4274992189
2573490982
2906204923
3315832524
4050212457
2871107426
2799798791
3510317672
576218453
3695405406
1437545427
943724996
3921857793
2177185050
1506767967
2504468704
3974084973
1190936214
947804075
3307535292
1419974297
2085847506
1133685175
1896476248
4180250757
1405598414
332002947
2354977972
1843696433
119760266
1641318927
576545488
2592492189
2751118854
3391189083
2406702252
1286447817
4184326210
3345642855
39282248
3998369717
3817220158
4026541363
3773340580
1290839393
4038029818
1104530367
1825167552
494266317
477550966
156071179
3283990940
2834037497
476404402
2932075799
398629432
3454372581
2054533550
1994178531
3136198292
1118438289
2035309162
26098031
1527483056
3290534141
2118619366
334325179
2297631372
2642485033
2098417954
4172943559
1739229736
3031849493
2706200350
2209007251
524225924
127118785
833429210
2205733663
1868658848
1169966637
1761862742
783041131
2109892476
4082110297
3237520274
3609714807
3157145112
1079489861
3934525582
4034214211
2187919476
2163254257
1881980746
886085839
3083510416
4063823709
3187856326
1962216219
2828712044
939248521
190599682
1588091943
3811352072
3206323317
1649473022
1174870003
3099291492
4039370273
3237362618
3180366463
3188066432
3796554893
274423606
2297610187
1739261276
3991360441
1833262194
915833815
2655306232
1612189605
4272615278
1810588323
3863304788
634418257
1441829930
2960369711
2006100592
660909501
350520998
1133535355
1625443916
3157633001
1434108642
1225611143
2463474152
1662848725
256443614
1483544915
1859502404
2878951041
1992476826
989131231
900696160
4223242989
305482262
1685646635
1911526204
2664024089
8619346
1927796535
972963288
1220450821
2913089102
3231136771
3858474036
4200690865
4040415498
3578750863
2505810512
4064052253
1352968582
1108829659
2688668716
373732425
3903235010
868287207
3499988424
38777141
753763262
3358902963
4278584100
2804672225
2269824378
4068346175
1867905088
648053069
2320082166
2039925387
151523612
1477405817
904601138
1576262295
1196599736
568546405
2317479214
2983249251
2097405460
2478548241
1661898218
2956711663
3357379120
1834519165
1526414438
2665618235
3509668364
2118578345
773321890
3332070983
847018408
172786581
3690361502
2394303507
583283972
512995137
2194027098
2265174175
3220264992
2207752109
2958061526
3970193387
359431932
3083878617
2763269906
4120022519
3124364696
522075845
3269596174
4008705731
2731935732
1391920497
718844618
4195415631
2194694672
1062256861
966803270
4098392219
3660099564
2018401545
1795601794
3581176231
2322222472
4104881653
3642478974
2437496179
2408077028
417900449
1433210682
1197361151
947496960
3208048141
3623987894
1308202315
4220837084
2820949305
3222708210
1671164247
3266072952
2147965221
580561646
323807267
1256858068
1697355217
577390506
396805551
4100729328
2596087613
239841830
1218614779
497026508
3564435817
3232425570
1612981511
3864990056
1191491669
2098569310
2705718995
4140460228
1765986305
1199004698
778399583
2783373280
303459437
1897223574
2582545067
2616797884
1596160409
3611986130
4259841207
3433139544
2419499909
268677582
2789179779
1689791412
3278984753
2147175562
433407247
132702672
1043709341
380998918
239623003
2047822764
2933048777
742164290
2458030183
2421343560
2465209013
3164331838
2080665651
100821668
2931435617
4246542586
3807463103
2435913664
1087249101
121860214
953884683
1393649820
1592122873
361226674
1179568151
2148645176
2806259173
2379557038
455068387
3686278548
853558929
3586376042
3178525807
1681820080
1951564797
2895505382
596758715
1240367500
1870643753
2264111138
3295128519
238905640
1980083477
677809694
3403452819
1722309764
1416016065
1989559770
3084504607
1062221728
2616588589
1111751510
4279725419
4183135868
1971548761
2181474962
3936893815
3237270808
684181573
986124174
3511010371
2539786100
1150314225
301704778
1801212879
1818567056
330005085
1168419526
3537303067
1672849260
3398692489
2248677634
2041280295
571931912
2581426037
3979193598
589718259
3191094884
2439014689
270197434
2885092735
2973517696
2492301
3855545910
754674379
3812471900
3172218553
4294894450
3301727959
2940395768
2220466853
1368483438
336162211
2066606420
1436137297
2128280362
946135855
1062513008
2128126141
1939463590
3530541947
433896780
3223800553
3132230114
1646654087
3386343656
3020906965
3551083486
104457299
2921205828
1757368705
2179133338
1780542687
2750236512
3589686765
3516686614
1860114475
3779183164
2612013849
1319668818
3667079735
2800999640
898739461
2834050382
448972547
1720955700
2400466865
3264856074
3848675983
3087343952
2758932253
3828187270
1152667867
987480876
2622609225
2452187842
1504648679
1064760520
2251523125
1083259582
3782153651
3554529828
2845534689
3760614522
1227850815
2421897024
301904973
23346166
3709498763
1071235100
3278851961
154903858
1574221207
1073727672
3288852325
3012518958
147443811
889941268
3860326417
3748656362
3744993775
1835960624
4279205245
1628935014
3086779963
288012556
4146828201
1436957602
1746860359
4176304296
3722565269
882747806
236844819
3370877956
4010586689
2602391898
1274727327
2877167392
886526637
2363393750
4228219627
3346902524
845784025
2800758290
2892556535
1314825368
3277083077
2150828814
3983968707
3188528884
465356913
865442250
1051898191
2995314960
2504602589
3490715206
648047515
1665244908
3033301001
710966402
3243082919
2821893256
2494716149
1283885182
3516827763
582952420
2687183521
2130687546
559596287
3863865088
1259872525
2814591414
3153608779
3164965852
850864185
2063476466
1344785495
3792203896
3540970533
3113165294
3290493731
3574640852
3172653265
2034413226
3366846639
2521573616
4189526589
852429094
4143448315
1939371212
88906857
294661474
3306340359
993980520
2419919701
3238254430
1565051347
1926281156
4027503361
3020260122
606562911
3988956896
3982040941
2714397846
2034937259
3754514876
1517280409
3030224850
4276707255
1190472792
2664412805
2791024846
1948322947
1234057908
592058673
3333370762
3993108495
3819987152
1257320605
2802609158
4217063003
10959532
1690560713
3899477570
4282821479
3691652168
3256479157
1724749374
3463756595
1184381348
3721374561
3194404858
1530446271
718558912
1077038541
3870033782
4233415435
1835079580
2343289081
1594255538
2592449303
85776440
3727601893
693149614
3503216099
3875386516
1935837585
2383620202
3414601583
565020848
865040125
1719680742
1914846139
1155920012
2605344041
1747967778
666977991
4035725352
669057045
2929444126
779771027
663595908
881177537
2119920858
2036779295
3262838432
4097551405
4263514710
2037291115
501532028
4102215001
1634775442
819238519
3765924888
1422121797
3240494734
2575454019
1960255092
2658937329
2644938058
705957583
2470158480
3928616285
3336733126
94691611
4140602988
3170374025
638574594
576360999
448617480
3408544373
2770756606
1924247027
2603158884
2336812065
807111098
3716776063
2511242880
1175272077
2346618166
2431653323
634151772
252516793
2132044402
4222499287
3640459256
3525784997
2291391854
2039707811
3063052372
1638857297
530670122
2122456623
928163952
827888573
971715750
3426432635
1221798988
702868969
2470793442
4276784519
949313512
3247289557
4079317726
2087890771
585260868
1160860801
1809782426
2457397215
1097270880
4265539821
1335851030
1328628523
898625852
2707590681
1462342482
1625984311
715488216
837861381
911352910
140136963
1806156340
1175648945
2587600650
3920158095
3370819664
1471375901
1297241990
1211972571
3916542508
2385050185
4245172674
4182325479
1678529480
748902197
3713069502
420831411
1009885476
2438393057
635310970
1326251839
513570368
1902700365
622514934
747249803
2041016092
3181064825
1692937266
4066480279
1298720696
1538816613
488168238
3375291235
1334770708
2696948497
4021115882
945835247
3204155440
936538237
2865752678
1745023291
52439052
3789305513
2358280866
2035192903
4078581672
973285781
1147199646
32621075
1619972868
1792128321
2924511322
1981662879
1111938592
2149778861
67673558
223522283
2592791804
3251570393
4287116562
1844134903
4114563992
1125541061
731906574
728306883
432023028
2463009649
1580105930
3816844367
1283285008
944613085
404483398
2246334107
1012305388
1763091209
1192641410
315793319
2008484744
591735797
2769108862
3697267571
91354340
2562305441
2976800058
377699839
2103322112
2533708813
2152630
1105390411
3165797084
1477839673
1514253810
3177162583
304123768
3886186277
3969882350
2321612323
2108899284
156638161
2146899370
266419119
1617438704
1270680893
1995333670
1748593659
3079463884
3018866537
231830626
2242730759
3218788200
771841621
403574366
968332499
2622686916
2921780737
930064922
3944047967
1557816800
2930233965
1226539926
2257770667
2157283516
1988640665
2219611858
4137073335
3489975128
1425328517
2261753806
762222467
719342004
3178159153
1262426762
2388310799
2780028880
4038632349
3305063174
1096429915
322644396
2659257289
2650412354
3182872167
3581772616
2882519221
1377520958
2538669619
2460616868
170995297
2760664826
1521237183
699635136
1268941005
716217974
62551563
44877468
1597875193
1759571890
1533574679
2531522360
2728739813
3169326766
1206509795
3435086740
875613329
306089834
3687115375
2203617200
836266493
470193638
2946410171
1775853452
1356924969
2429036066
3536249287
4271318824
4199043861
2750217246
1585719187
1374616196
3622876865
3103560666
2015347743
3907106208
2123194157
211298646
1303495531
3681547388
2689480793
3476469906
1504506231
179704600
4098616901
3986750862
4180335171
180890996
3199462641
2200794186
553109967
474881936
2780061789
2981910726
3177106459
1373603180
1059599497
1534306050
146124071
3172973320
2198017397
4198177534
3836279027
1067048036
243101473
2432184506
38271871
1532806528
3825233293
1921655862
1691402443
525800028
332528825
1518727538
2335970519
192093944
2038483109
330454126
1284080547
2289239892
2047884625
2823014698
852187439
1334617968
1860470461
3621292966
3773997435
3720715084
695111913
1328846818
3478857863
3473882856
3147302869
3720194526
1796700755
3173166660
1894733697
2763472282
1677517535
4263298400
2761141229
4231958294
3043978795
1591353404
3756060953
2315688530
3052267575
3037928152
1843122949
3319012174
962452739
3845640500
1331543473
3887697418
2451019919
3087802192
1006689565
4229115526
4239533787
2617483564
466361673
2571303106
3264173031
777892552
631188021
1932306622
522693555
671182884
2388553697
3362896506
3021371967
169456960
1960778317
1701669366
400935819
2792431132
1989350777
3102782258
3415894935
1603143352
418712933
918442542
2734679651
3163458324
4088688145
63357674
1806993391
2898560816
1201759101
2820948326
1593138235
2534512396
1851316649
1121372578
2854891335
285415080
1320189077
2067797918
439454995
3652067844
3252860993
744466266
3043803551
1951110432
2507847853
2244916438
3498825963
2123631612
2516609497
511458322
3927547639
2665210520
3462690757
891877646
1489477571
2783917300
3895217777
446916554
2558142287
1085136656
1482562013
2177090630
3256107419
1432845548
3308045833
824707714
2047064743
3908528776
3496214261
1387263614
1636638323
664847332
848572577
1555629114
3604461823
3987367168
3539896077
1360687030
2411304523
3954895324
1212214841
3454088434
1531150935
1123331704
3988918821
734793710
369953059
886165204
2044550865
2793897130
2638247599
1119889136
3234791485
1252636454
1281808123
3648869068
274719337
628013922
1374942727
1681043048
1347531093
4063511902
3868352467
1666274756
3549092097
1102434586
858742879
3811452128
2248312173
3607665302
1908868011
1851635644
3815547545
3059195346
2498762167
1473276504
3802520709
559912654
2183668355
4172175540
3252657969
2108359050
2866771471
1039359696
1603016349
3767409158
2420448347
2714441900
2349477577
3168984130
2110972263
1823269448
2148635573
4001694782
2258194739
3661092772
1675538785
529403386
2437658559
2110706880
2468262861
1129395574
4278984971
49575324
161187577
2736223922
955734295
627512888
614979301
3097202094
812706787
2096943764
2773159825
3527800426
2653889903
2034206384
2670550269
1026092262
2349273531
2831732364
3225660201
1891396898
1970830535
677250600
490448405
2019177246
184152723
3586935172
1856485825
2524560090
1678032671
2726589600
1793790509
3719053398
736161387
569844604
2833619801
995671954
355552375
800109080
929038661
808973454
2688509251
1228225652
3577196529
848321354
492751
4154236560
1984615261
1983000518
2852435739
1693348972
2166642569
2519952898
3703359527
4181596680
4050118773
1550569982
688669683
2609294180
1258156577
2729498554
3392304767
4064740480
167747725
164739894
1486711755
3218981212
4217561017
39024754
594931671
916798968
2858834853
1659685742
1022070435
3771700820
3468525649
2294427690
88118319
2013439600
1736210877
3177308838
3231059067
3367242316
4005835753
1585438434
2205664135
2101681640
3526253269
57794782
2183677267
1826553156
469326465
2624283802
2393693663
3389949024
4176764653
1199154710
1369020715
1293963068
2267763737
1463787858
2308784951
909949400
424863237
3346141774
1573742595
3276005428
3673456817
454259978
2394051471
1969856080
2170179613
1617954182
303239643
1116835884
1966817353
3604594626
1702981351
2389381576
2703686965
1914986430
2745562803
2269986596
3501322977
937517434
676066623
1121121344
1281445197
844890358
1328379531
3057044764
509016185
1968519730
2575255191
1718560184
733847653
1887422766
1178399075
1812601364
250917137
2344364522
691323631
650741296
1585206909
3373570150
1288947515
3170829836
3433135273
3900248226
2863778375
1118303656
1273614229
1228623518
115169299
608792836
608156481
2236272218
3118972063
831280160
2766039981
2184235990
4122018795
1670986492
3741175001
1942766354
3505650167
993296792
2503903941
214822926
630336195
1385841652
1272320369
3639889610
228581967
2132434448
628788445
2097650502
2335190171
2658429932
4178503945
1486213506
2799752615
3958622600
3423523317
3312364926
287730035
2034995940
2646258593
4041190202
307770367
657630208
788773389
179308214
1434206539
968857820
859296057
1172093938
3654507863
1686424952
359507237
3876882158
388305955
3932970452
1051763153
1559487402
550220207
760489456
2297230141
503385638
1400914427
3379151308
1251706217
3362259554
3655766279
407276904
657327189
3212213342
332999379
3083576516
2419776513
1121450010
2893372255
1891492832
2741581933
3146887574
3941019307
2569135804
3508340121
3133056210
2314563767
3461876056
2011361157
3859516878
575516035
2734188468
1620861489
3455248522
4086313231
2624511440
3345713565
1773728006
2551973723
2622949292
1566527945
3039273794
4019911783
2442674504
1860134581
2886384446
1280154675
222406308
450376801
2674636026
2937533119
388371392
1185343181
2693647478
2655636491
1580737692
3133499897
2108292530
3811718167
2695247160
2486594021
2355823790
979629795
3887489428
4138816145
1042898282
3267715183
4083320240
2878230525
971457510
3076226235
4055121292
426921513
2014098466
3218479047
1575019816
3233478933
2615372318
3822828947
2737150084
682278081
2261967322
3977624095
3747820448
3914646829
3780925270
3288078699
3782890108
1044971097
366397074
325166967
1063735576
1308628037
4176145294
1052766275
538856308
302478065
466567754
2000895951
354885008
2347583069
2219050694
2073469467
536437612
3001842313
1179596034
1315955495
3206052104
1180220277
1001949438
4024143603
2666494564
1892316449
3578101434
3846762879
1248674688
3893023629
3249885750
475403979
4150292572
4122985145
3866951538
1952172759
1251171576
2497179301
3863167598
4206467491
2947032404
2411119441
823957290
2783039279
2696193392
1260416189
1518811558
455440251
4187912524
2850412265
824649186
3409993351
859241704
894479829
3561101278
1906643027
571952196
1984912769
3271265178
3263748319
2503754592
727781869
2706423062
3551511595
4032986684
3342972697
785688658
2348326455
2653051096
1683355909
2871789902
631829251
4123782964
416760753
2756271114
2407075471
4043513168
1472185117
3932740742
945814747
3441131308
3396756297
634160834
2451540455
1949593800
3476738101
1245189822
1452294579
1242893860
2287039969
3828156538
1538093119
3100128064
670007373
4226193398
2187403659
2566421532
3840334713
169197874
202383767
1376535736
3289527141
979189806
1659239523
1308731668
578876433
4153250026
551615983
487228720
2892188029
2107699046
3785241147
1692955916
750133161
3984021410
719676743
2013844648
1638867605
508724638
2012554003
811646980
3253255745
689042778
864991135
1778979616
3729661613
1764680406
750923499
966420988
3435605977
1870154258
3531232503
3125354648
3349454277
579790606
1103672771
264327924
3989558385
153171402
4075920719
4156742928
3483566045
2045211206
2436372379
125655788
884804617
761239682
1231679655
1890330760
1178969333
1833526398
2603332723
3933364708
170735265
3722596922
2030350079
435610368
3675581709
2632031670
1126886475
2529183708
1224389689
842285810
3910088791
1724968056
2393192485
2390293998
1034493731
2390944980
2278548689
322718378
1250094255
270804208
3558270525
1626629414
763735291
2001875148
2460166249
1723681122
3448056839
3424021608
3801503573
4023694174
1904997843
2311189444
339140353
2866159386
115824223
4119438048
920382317
1723254934
2717079979
4041348540
1872324761
25275346
2242300855
597403736
1152123525
1154712782
3185522819
431912628
3383043377
2887176074
409791503
2972081360
1482095773
3498035206
148828763
4074698412
1115714761
4140329538
3272546151
876585032
2822322613
4205605438
2557339443
466056612
1595783009
2485476346
1678683583
3854127808
2520455629
2993054582
2440263435
74961820
2730183929
1754825906
169414423
4171322424
558955749
2824240046
365101539
4243320980
1482921361
3320366186
4186413935
3787556016
2264613629
2185337574
3785091003
882617484
2355949865
381221666
1642050247
2401223720
348539925
2122883358
2569635987
2851792772
905560001
4194830554
3276977439
2407396000
701134893
2275962454
3322102891
167346556
2423808345
3467693458
71172727
702148632
1747724101
3082412686
2225896259
2139314804
2770548209
2934581578
917174991
1693293712
379304285
1274142150
3792997659
1929400940
75537801
3687250946
231669287
4272871432
2983562869
136396798
3910588915
970213732
2950887457
2562074042
59468927
1406108288
2921465485
171239734
1610269131
3051298652
854107577
1996654194
770549207
926776312
1758822821
230013294
905159843
3841766484
3975939665
290651690
3299805743
3114443888
1238392765
524849318
2694898299
1619322956
2329115113
925527266
1454700935
3773094888
352256213
3224260318
3918388051
3435895620
2951831681
2288497306
2945504223
1336279648
1809433837
2042876950
3954306859
950054204
3492026905
2160439122
1828714807
3703830488
2128940037
3775004750
1089502723
1825570356
956696241
4082844426
1147914639
450403408
4012979741
167621510
530114523
731999788
1266517577
4128984514
4167673063
3485061064
3755647797
1801964990
3890646195
1616436516
3845978337
1028960122
4265274175
1543074368
931771213
839724790
1635830923
1052125980
4198678137
3878832178
3545037975
308634552
301123173
72791854
2835023715
1383413780
1582905105
3074095082
45693167
2139587632
1633041533
902383206
3444874555
2127422476
3197551273
3251740322
3670343751
2703602600
3221255573
1787149470
494464531
3992194820
3403530561
2276793434
3529618079
230806048
1909051821
2865297878
633297387
4036466940
2405208793
2172670226
2662117367
203014040
2509680837
3865828878
1567310019
3445907956
4262303601
455744714
4168046671
2594659344
2262266589
3898820934
2217476763
2156022252
2822188809
528834434
295635879
1730185096
1862825973
3124763518
2946301811
1796550884
2817243553
2478897466
3135056383
3052872192
120725517
2007970998
147167051
4072470236
3112802105
48744946
955716439
970525560
2305346341
2449044718
966339107
286620628
2235246545
962638250
3395692463
3677365232
3528251709
2206448678
2323060731
3543572428
410438505
1886294114
3704604423
1872907112
2995432021
4082035294
2947203283
3375645380
2407457281
3920643610
4068823391
1636917728
1884986989
1215815574
1189840043
1704871100
4007775129
4204835538
939796151
1201358680
2030114181
2914483150
81576835
1291879860
754575409
2283189898
3379930895
1813634000
1112436637
2229444358
2458770779
2506286508
1802344393
4056232258
2821665383
1151532872
1545538741
1248471358
452604467
4123608228
1622096481
1840972538
1613899967
3649606080
2983939277
3906665078
2290688523
3853746844
4051513337
3554872242
1571547671
492335928
4227305445
2086531758
1921912035
2896002964
4200716433
3649317738
4067808879
878478256
1635005949
2251813350
3133690555
1635720076
1228117033
3166781986
194334151
2887426856
1230872341
2420758558
3672331155
3662427780
3331637953
1612263386
2528882719
2731848096
1548495661
1083213142
3791023979
2339680380
3480470617
3588674706
2546359671
3741880088
3051633221
3701791118
570754627
1466198388
3196778737
1541476426
3997087183
3606059920
1180052573
1027323078
2373875739
1308836204
2782969993
3332031234
3403290919
2818651912
1675518325
832960254
3300795635
1546983524
944208673
1560464570
3573147519
4268605824
2353346957
1397784630
3549129931
3948531292
3806169273
602148210
2851031
3970145016
1449071781
1229205614
2660872099
1892500308
378358097
2573559082
296240431
2999755632
2475446973
2074470310
17321339
3982972748
3247250665
3767120866
3587544199
1984871144
2704888789
926320094
2581767763
1560013380
4175389569
1555028378
96784095
3914056032
3932059629
1087564566
1235229227
366664764
3520232729
3172120146
3702740023
3793852120
2566921989
3639867214
1604585731
407899444
1803602353
2018060810
1569358991
3806993232
2007935261
791579270
2008928987
1310940460
676374857
3083211970
1214234599
2432380616
50755125
1169392830
128505779
3122179108
393509857
3008910970
3220465215
476492096
2872043085
1154467318
2626451339
2540689948
2389352825
2091568946
2671105943
2541388472
1163876709
1047277102
3363574371
1768212244
4068309521
985947882
2126345199
1044415280
2908041085
1636670822
3220637755
4205794060
2990761385
3582453154
1783667527
2919142056
2531117205
2647978910
2808658195
1292066308
1864287297
288637786
1180741023
213291296
2404484269
3070169302
2426963179
2022754300
1455289817
434395154
3851094775
547774104
789889989
3362051342
679070659
2072211700
2895862385
2131690442
3457749839
1472715536
2065163741
947593286
336326043
4186126572
2206028297
2668045954
2944411303
3209750152
1985432309
475189886
4269427315
3946053604
2801155233
2189140026
2279711999
3946012928
3814413069
186174390
1447838283
1035314652
3034872377
670519538
2039148119
3449629304
901275173
1637215214
3136632099
1646529236
1727163089
1063327914
1349870255
2121802480
3012480061
4121891622
441746171
3440840396
202796649
1434179426
3083231751
4075432552
3339386197
971317598
2117438419
1713541572
840099073
1868983578
525290591
2765431008
2145735021
3503617686
2312089515
3881202620
2130063001
370915794
1359839671
710338136
1155672197
2427941582
2806402691
750687412
3130698545
3522338186
3064619535
3175701200
3042042525
4141970950
3844655195
1944245420
136755913
371062850
1325092199
2999082568
3130056629
188997694
2213707059
2336691108
1334623585
2620172794
1401004991
3801338048
3381100493
3018559862
864734475
4058722716
3607827193
797545138
2380973335
4274754104
1412047589
2021747118
12916707
3872067220
212605841
3908801130
1569722735
3677586096
1794713853
3049933030
4074814907
1751026316
2143696681
3659893026
1828120775
2765193768
2390815253
1093078814
1493769875
605652356
175883713
688281306
391162655
157773984
2967068205
2081725526
3352664683
1441521532
725296985
2608389010
2113583223
1324559896
1730694469
3618361486
3335098691
2546038900
2386476017
2461267786
1308520655
1529780880
1260167005
3357641670
768893723
2701275244
3339510665
1992985090
898708519
2869925384
2356360309
675720702
852586483
4128368484
972553761
2452321210
160719487
977797248
2993974413
218634038
654841803
2278587740
899574713
1562481778
2601868247
1522907640
2373232549
149858158
3836459683
1125765716
1013615697
961793066
1020100655
2083693168
1481917885
3751755430
3965433979
2420491852
2115157993
2638543586
4171378567
3816069608
167749333
2841296094
849572179
3265804612
2165925505
2949906586
1965345247
1378713696
3605998317
1719534102
2642036011
2014382908
4232896537
1404812626
2333257527
2654680536
3802608133
50458190
834900995
3897302068
3762785457
2735935754
2329231247
959945296
557325341
3388694918
4040080859
614550572
2431634505
3670858690
838982375
2818084296
1757301045
1226521534
1708597939
1196718884
1324875489
3057122682
1356456255
3926913088
3001162061
2754501878
3817087627
2468710684
3512632441
981423666
533377687
3511394744
2388126821
1486726446
1902714211
2194691604
250461457
4062823914
1156427503
1228243504
3227525757
1894642790
1770353467
3364667916
935069865
2560240802
2307405383
2392027560
373758869
675293854
3317990419
1032760580
3735799617
898591322
1066117279
1457999904
1726298029
4258342870
494776299
3246782204
1391155417
2829344530
1461020151
3891199384
3290355397
947506190
1391744707
169770996
695541105
2765089482
602852943
522476048
3697563869
3660511046
4040677531
1652565996
4136596745
467987842
3540861351
1765623176
2352094709
58820990
935564659
1523502820
927776673
437405498
2417106943
2846597120
2677048845
3340657334
3686722891
1739216092
1795906873
291690482
1523239255
303909240
3281252645
1833853678
1908228131
1907268052
1559604689
2503835562
2360384943
3925615088
2816261949
662071846
2367548923
1425243596
2642547049
2246385250
241761543
1173227880
1343705173
865556574
2368493267
1351409860
737339393
2885194778
1027950431
2941575136
2507932781
1875774870
446683819
1711973052
1339462041
3287466194
2160254135
3150873944
3629071237
1574136270
1427888515
2834867124
2726784561
4188701834
2416647439
2494880208
3781252509
2524728582
2964304731
2120139692
1219222985
3553804098
1735616615
1855831368
4086215349
2906232638
2203502643
3426804388
1538670689
2407158010
3992788671
4040888256
222278349
2207787126
1115191307
421453980
2204431865
3951827378
1255514135
2365239608
1508423141
213967022
1885872867
2608110996
3208797841
1682897258
3939912815
3326509488
3549043709
2163777510
971319483
960100748
1613027881
3739602978
906265543
1766089000
338707733
18892318
3281709459
2002965636
833538241
3301932506
4111574559
3006672800
1467191597
2855580502
664847723
1499401852
3553528409
2405884562
1725633399
1771687192
2885181509
416204686
586816579
815433588
1144946417
3278036554
99232719
3785955728
1424953949
1554211526
1930841627
1543315308
2550466185
1549160706
4260646695
4158256392
1536427893
1543726334
3813718771
4150965860
3841229089
2821724858
1364909439
4150148992
1353686925
2807803446
175162059
2067999836
1529564857
2461735794
2930456279
1906563320
1041644197
3165986414
3089745315
1273127252
2392051537
1629369130
4129209135
97821040
3358079165
3140785574
312157051
958412108
4033110761
3713810914
1864026759
408320232
2136078805
2258301918
1674591315
3989866564
2023713153
4057212826
2914043103
2051751776
1636556269
1522866454
2537582635
1329805884
2140357401
3032532050
673057335
17880280
2346337541
3475760462
1733238531
3435408180
3344584625
3820550154
2085354127
230758736
466456349
1248082054
986425563
2669361964
3042635593
3476005570
1699739111
78769352
1090657333
3852399294
