3955330851
308321492
3190936785
1272281770
3815398575
4203009264
1897911869
1510511910
2393644283
2800083148
88283241
1652324706
1935318023
848108648
2428323669
3144606558
3883951571
3687556036
1255460609
3464187674
1466615391
1523995360
434166637
1435957398
3329608107
3022112188
3925170329
1238162386
3600300983
1652447320
4165923461
3216618702
1655679107
1962157748
4286518577
2915565450
2005687311
4234087632
4032294045
1479276550
935158363
3838486188
2744673481
3735001666
4129064807
378425416
2958567861
668901950
2467977011
2066294180
1395894113
652381178
3905559999
1105068736
305662413
903779190
3517835019
2148500380
2307865849
50050226
373456663
157025336
2364271845
1255451566
1296789987
460955796
2310374801
1555166314
2061437807
970077360
3589550845
612748006
4197603259
1423924364
1476190505
916990754
4263846599
424047656
3000843285
424857886
3029203091
45389700
3817320385
3353163994
3628475679
2390401696
4206848045
733519446
1039512683
2850632060
1606701401
120323474
2812244599
946642968
3351189317
2379223694
3941395267
1298729588
3454871025
2798344522
909798095
1976978576
3633097053
2496531910
6487323
765198956
3062402441
2144218114
4014763559
1554876424
568622709
478375934
3241363955
2011560292
317253665
1839420858
79092863
2711892608
2416899725
1524439350
732246475
3861303132
1722586553
2576725618
1149703639
1873292280
4167070117
593750382
1726747811
1312449620
155055697
910962218
2658564655
795038832
985223101
2596061350
3769062011
561551436
2673043945
2873728226
1500146055
1052478440
2466640085
1512603358
442649427
3694480196
3295629441
812442266
4176757727
2555556448
448705773
50594838
655646507
1698716988
3831499289
3648053074
3536939319
1795598296
2053635077
1112027214
3634425347
1566944820
1153431217
292320010
1416313231
2708556880
3406964253
1141498758
2639747035
1592598060
1047885385
2253553090
4166456551
1500020680
2816054069
2532965822
225639603
756714788
2805131489
2222055290
3956693823
1266557504
1868997453
2145738486
681262219
3551386396
1794551417
3254089778
1683385495
578819000
3043866213
3174360878
1130592099
3059935252
1435182865
2590255082
2767235311
3271046192
3828296829
3127735910
2764770619
2423362572
201765545
3122712226
3018485831
2192335784
234317205
867167390
3552402963
1678622468
910930241
971656282
3224707743
1344176672
4003381677
1228483030
2492582379
1508329724
3632825049
710639890
921575415
3389812632
487170245
48369166
2525737155
2427064820
3703015281
2406173898
2296301647
1190136848
1822974685
1134524742
3512365723
3699243500
3424591625
3421278082
2684124071
3430889352
2130143221
755125118
2459529075
1988550884
3100748193
2098080058
82352639
4146844160
2231308301
4072105142
995100491
2623842012
1462601529
3319462386
3027272535
3517168504
819182373
503817454
2909903395
531835860
1197283281
179954090
2769131439
2622542832
3608529213
1096281126
1767737339
3851046860
2396437353
485343330
4234491655
2228812648
3228670549
464067166
1532965075
1442706116
1104990721
3591730714
4106797407
1302204896
2870972013
739774358
1496183979
3147691196
1560132505
598467282
1924503223
3846043480
2086929797
3042814926
1332556675
2465609140
3465795633
2189944458
1247090447
3994192848
571432861
827248390
522997083
3389953452
2957346761
3931922754
888971879
900837192
2751331509
878467390
728146483
4025152676
2961517153
691548922
1991088319
476922304
1704475853
3239258742
2525205003
1410019996
2886803449
2936421298
865425943
3973260088
2538766309
194781870
802585827
367734676
2004076689
3373095786
1972192879
590164912
3626837501
2906399206
287228603
612551564
3632497705
1299214882
3785014727
2768327464
120885013
1205078046
3959931795
767944324
2950869697
3064881114
493821983
3901841824
1157700397
2573251926
128507755
2116313212
1384100953
2938242194
3840396663
207306520
624372293
4286253454
3993335363
3490322804
320137457
209862730
3482199503
3734555536
268901469
1792533702
3381454875
190771564
4222136457
996274946
3323431207
3569346312
3551351157
3267897086
1922733299
4110862436
3071109921
447741114
669341567
4077023616
1710369165
3099111478
754310347
3462495836
2858514617
1194802546
2693066967
2748205816
3584689317
196239470
357703587
3838505812
1049573713
3609105706
2905584943
2135774064
1815429821
1004148646
1053736315
286984012
1506610409
2238243810
3528131719
48589544
4278207445
2918233566
2155288147
656775748
152916865
1299515802
2162704095
951611744
1896048621
1054022422
4072835627
1429900348
1506700569
1987962450
2890187831
1327777496
1682116357
1190799182
487880963
1940241716
1660598705
253385226
256504975
541248336
458201373
234535558
3543941851
1143934252
2131269961
3636282562
571289575
2842287816
2328192565
2919609534
3270854579
2711247908
3039456225
2738194042
3209680447
1923834176
2597115469
1734866422
2976311179
2670168604
1390317945
405667634
2046773143
3864343224
2560248165
1678401070
1755611747
2551346964
3043977745
4138569450
2729763823
2557555504
3622707069
3941715302
1429043259
789775116
1131632041
3197572514
4248177479
2118468264
2224339093
62858142
3547146515
1037897220
2521609281
3425268570
636755359
366166304
2749789357
2318352598
758838507
3030415356
3551127001
3816785938
2811001591
2102988440
1179104197
2979726606
1197095875
1770594548
923093617
739259338
3225977679
2060487440
3903378909
4168568902
4277820827
3628001516
3408216585
2620282498
3617429159
1936692872
101071605
2345992830
926333555
3513102308
1402743969
3565735994
