2530807551
2617230080
3737668877
2772270518
722816075
535242716
2637435961
3042845426
560961623
167103608
1757714469
2186337774
2195685155
478530772
3275048145
3684838058
4008660143
4158981360
1377977917
2949137702
2038959355
2779844812
2595522665
467609954
1602063367
2347977832
2181936981
4179923806
2648331731
1677513668
2121547521
3828612890
938194527
2432860896
624905069
2046994582
3087907243
4068013500
2172831897
1184598994
926362551
238061656
1601921669
2711315662
4148533379
774985396
2025489713
1953279882
1544113167
3461823696
756178077
2789451782
3474018907
1974326956
876729545
2849655362
3661068135
3616309320
1952487861
1760318014
2230077235
3631371684
3909818209
2306030586
3225619903
3533845184
1196325325
3366077302
1841157899
914273180
3394546937
3886179506
1289318167
1655059512
1422941413
1712217006
3680068067
1338953876
3542676881
103720042
4099144559
1818387632
2321982205
3606412006
3120449467
3285879948
3219018025
1069210402
372773575
1306305576
3852315669
1236828446
3721914515
18204548
932650945
591784154
1656165663
97964704
1972230189
2564050518
