756178077
2789451782
3474018907
1974326956
876729545
2849655362
3661068135
3616309320
1952487861
1760318014
2230077235
3631371684
3909818209
2306030586
3225619903
3533845184
1196325325
3366077302
1841157899
914273180
3394546937
3886179506
1289318167
1655059512
1422941413
1712217006
3680068067
1338953876
3542676881
103720042
4099144559
1818387632
2321982205
3606412006
3120449467
3285879948
3219018025
1069210402
372773575
1306305576
3852315669
1236828446
3721914515
18204548
932650945
591784154
1656165663
97964704
1972230189
2564050518
8234091
611344764
633454937
4289375634
4029571703
1263456280
2354808645
3462513294
1853020995
3369482868
1134073329
3743418698
10967759
2499706000
548870493
395689414
1688661275
3333370476
3517054345
4072201218
2002214439
282834952
1599925877
675356670
502610419
3814664548
2167429153
1843660218
4263496831
2342019712
1821730445
240175414
2426741195
1892024156
2380400057
3521930866
3675129303
1210211320
1437917605
1968019822
3689546915
3703542868
119629393
2843270698
1977313839
3340993648
849067965
1507618982
1701003899
816040012
1235540457
3020704994
2372753799
2122431464
2000052437
759049950
2795256659
2160491332
2834219137
2173014682
492123103
2162090592
1962747117
1758442518
2861322027
1274514748
1221425689
2107608914
4082129207
353949656
208956421
2441732174
991354371
3405962804
651912881
1802576650
4106758543
1036614736
2393675293
2877395846
3196798939
808472108
1409214025
1357721026
340919527
818327496
3468821301
493333950
3307531443
3603152164
1575639265
3529674618
4147071807
3198308928
1667044173
67702518
1183526027
1652362012
3902545529
4261161010
1254972567
2854896568
405939813
4123957038
2404476771
3474462740
2011076369
2269173738
3393558767
4024984624
2407636093
909977190
3732340027
1875690508
1757946537
1922268834
4091371591
4255290280
328717717
1500880030
3001503251
3738103556
456859969
817036378
1854280351
3654988320
2555195821
1471470038
3371809259
3704518908
1264972505
708456722
526192631
995008408
3968209093
282312206
3354501315
544686580
2604857201
3139435722
4012619855
2423798800
464704221
1070016838
2675860123
368126444
1276677897
2654420866
1072130983
4144850824
4283422709
3726637950
2503696243
2388660452
670636449
3366902074
305236479
595591680
6651917
4153087158
36697931
1600378588
2604857145
3046222322
3671552855
947776376
151530277
3981530350
3226438179
4070071252
4263544785
558272938
139626415
2389771248
2782411069
701996070
1207531515
3306520524
235416425
890269794
944252679
1795107688
1468140117
1142868574
2105090259
3605996228
2537308673
579741210
487174495
2827633120
339607149
2470690710
780526763
179643580
1313549209
792367826
320112311
1303390040
4182799749
838818766
