51600275
3488390788
1361709761
3965573082
2032678943
2827458976
2530341677
252423510
1478981483
3709999228
884083801
3535830162
2411980151
3273160472
1227031109
3800367502
2790723139
2260652404
1402093809
3689920586
2918006223
1694303120
1231942749
1730206918
3826352155
279619948
1674643593
813591298
1213833511
531308296
3522111861
3153662
900869363
466190436
1010877217
3948639418
3395972991
2471799168
3295609229
1528801334
2868933835
1165702748
3992965305
1699853682
1806502103
1181188856
2613173413
3002620014
2897196963
3072043860
