736071321
976591314
1436410295
1273742936
716277893
1014977230
3819744899
1748071604
1689258801
1497922954
2907095567
4051319504
3037545117
4221916678
240855131
4256281772
1424497353
1747966018
2032381287
1292844616
297287605
2290335806
863034675
787608484
2491030881
276466170
582353855
2793189568
1704648653
3106369910
852831499
3941732764
430207737
227766962
2745902359
533754424
3534324453
87640494
1230731235
3769495188
40991633
1749119594
2338091375
4241777328
426019069
3112052966
2923634107
2124245644
2386007849
573008162
3025094855
3666764328
1784173077
2606165790
3770121875
3795084676
1192830401
1363424986
2847214367
3602927776
1738358317
4232084566
2773482091
3076702076
1535412057
2876423058
3169523831
2808614424
1448586565
1028894862
3012555075
135551092
666115057
2179585866
3405435087
2722069136
2151153501
3267718086
325501723
4222685292
4012786569
750545410
2988020775
3023861256
3304756341
1466338814
716165107
2258421604
3326434849
3864613818
1999159935
1225842816
1541917837
2357046
2058516427
163011932
2878852025
386626674
456506327
581605880
3310618533
1065781102
228727459
3789337172
3515870289
276409386
553246767
548635248
3961497021
3375570598
2485000315
3882133068
400826345
958847714
3260714887
4161894888
2000094933
2775227614
850514259
3718453572
3038168705
2817646746
3588827615
3664142432
1259506413
3297370646
4283737387
3530025788
267796505
798334290
1684213559
227546584
993432069
42585678
787084291
1837038644
3374116017
3660116234
3996229519
1932032592
3954408477
2592031110
4072742363
808463404
4101057609
3567172546
1625963239
355784
3802507573
169548734
102073011
2764004132
2191875809
3393576314
3167633727
599314496
3384113485
1697266934
3951985291
2112645404
3669484665
2957588018
1783304855
537952696
3751234661
420840750
3669982563
2792568340
2742230289
19899882
1064963823
1352032816
2576056957
543282278
1571279675
1082892812
3169675433
1750863010
899716679
1645236648
1960737685
2788166302
2654135315
2506722564
1778984769
3717024346
3467643039
2046832672
4167604141
431818710
1673007083
4106016508
2851387609
811482898
717604343
1310973336
3859691205
2984356878
3229267651
2217828340
3249175921
63294154
3450547791
737491472
2621421789
1620236102
1865037979
4277077996
4117812489
966184322
341156263
4029293960
2809757173
912353662
3764516211
1696181988
1918508961
3456116538
1516666879
3996418048
2210653709
905593526
4163456331
2605790428
1740946745
588036082
3484100951
3351390584
2385727781
2544255726
2071175203
4197546452
1356533201
3156434858
4254924207
876413424
644357949
2093632038
765480443
3453115852
1846767977
1770454626
4242627847
3091917160
962645
325531742
2650453715
3309813956
1857046529
3822482458
