730125835
171157148
1582760953
3647655858
3785940503
1852364600
1705288677
3290429102
3372237027
2770477972
1987456145
1946447722
2316388975
729376688
3032730109
3929699814
3011577531
781729676
1003644969
189400610
2862563783
2329151272
983544597
412933150
1051887507
2391399044
2165184193
1673163738
2869175327
3703215520
701546285
4148431190
2477532011
2338772092
3440875609
2981140626
1226658167
1504375576
1744522821
231267726
1584478787
2577075572
3836300529
2497926218
1584671183
702480272
4014981213
3068147910
728837147
2601411948
2211026057
2212857602
1438518567
1556912904
1611298165
2212166398
1963415795
2393160804
1196085025
2812678330
1348230015
3500516736
3253980557
270926902
1627070667
800977500
3326827705
653250930
4225529047
165150456
1977624741
1154102382
771744675
2243290964
3686112593
3790186794
393722159
4203579248
1462757053
200043430
1362428283
1667529548
532672745
2643884002
2845018247
3123453672
223307733
1951238622
1134942803
3600649796
2439821185
2673155482
3846259423
752199008
2369194989
1154117398
4291415595
2276524092
1879724313
3093330514
3216918583
2598894296
3404411653
4292606798
788806915
149598516
1152589233
3243208202
905181327
947715920
2600221981
1461128838
119834331
370311468
466451785
2241124546
1106752487
2632618696
3288762933
246188222
3622177715
3287044132
4002140129
520067706
2156583487
709006656
1077049933
1357466102
1215310731
2679635484
1013740921
3241841458
2258291607
1691543224
2931060069
1907765806
1154893411
3199298324
3568946705
4115440362
3871401967
983918384
4115448701
572006758
2610412603
3180361484
3490331049
1159244194
3871510343
989853352
298310805
330299294
1260383507
2953380356
3116374081
1457358682
3843105183
3185866016
461248685
205165782
2135308523
4910076
3918121433
2025200658
1850343159
4220568216
1960040389
1762711822
1053687747
1048712436
216116849
2618902474
45516623
335462160
750352861
312976454
3370557851
3763756268
3767412233
3243895426
2345409191
107235976
2418761461
3759134334
2729148019
4033586148
438407329
3542541370
2175539455
2561885440
3954304781
1786138550
1420031563
2917255644
2172276281
4060812530
3231965783
790204024
2095149605
1352921070
3628296483
466923220
977452753
804084906
246208175
2474706672
2480562237
3934099238
3043571451
2161914572
1030832745
3146816354
1357665799
2903477864
3838382421
1820599646
3487612883
3599513028
46676225
2081665306
1899216991
665257184
157672813
2069133974
3839976363
687118268
1515586201
477199826
4085282231
191187544
846544005
791115470
3096347267
3860936884
1978990385
2264981898
997971471
1143226064
155678365
2270296582
4084694107
496629932
583765705
3505699906
2180727143
419021384
3241735093
1304749118
2954342707
2950870948
852234593
2514218490
2055215039
2478290112
1496454093
1787630966
3092676875
1845187996
372565753
3273742002
2830612759
3630954040
220673765
2807262638
1929858019
685748884
2769317777
3549156970
1710982511
1826645680
4153982205
3806121190
2171171259
2970070668
414518057
2059291938
2530270407
1880811048
3809674773
3028947742
212357779
3320260996
893721025
3233258202
275324703
3252507808
1269723693
2144870486
3277540971
4117627772
2737765209
2371002258
2921442423
438669848
2425315653
4158641294
2265302339
1804082292
2024607729
2747677514
386131151
279805584
1432761181
316018630
3382122267
2979877996
4081432457
237325826
860170279
342555144
334448757
1837871614
2599068659
1578208100
1632326177
4175345594
1371985535
1393550464
3715301517
518888246
1715981259
3016008028
995901369
4265433202
4254486487
2424970744
1279638437
4219775854
1608642211
831682132
1843585105
3790082090
2204955695
4001597040
2772949437
1224065702
2723703931
299035212
3533018089
3160522466
657466247
2749496808
694532821
3783377118
4231439699
3118062916
3656825473
2525578394
158416351
2756142176
2534915821
3347416598
1836316971
427241276
1691661337
1964605778
3169690423
932288984
3689039365
687469134
1425262595
4202086452
3452559537
3559478538
2349773711
2170191440
4124422173
3539199366
1308979675
1075867692
582787145
2460721090
1852428007
4168610248
84827445
354697150
3185858227
381165348
2388611809
1307525498
2923451711
3464221760
2369039693
358080758
288872075
318614812
4054866041
757013042
1040164503
1194591672
3875340389
2465704238
2845004131
1101855252
2910458129
482478570
3183551215
2778672
3785864829
445151334
2062952251
654173708
2614287529
2050683042
818555463
673502632
2491494293
2838179486
1498134547
2921615620
966597441
793292378
1661738143
2795844640
1617021869
3223104470
4125844459
147856124
470233
1032200978
4272183799
862544280
556657349
3895840782
2367195843
2125276148
3993727345
3119132362
1365000783
1575697936
2404773085
2775284550
1132629147
753093612
1106266377
944222594
3257480615
2229315976
3512087029
3662581118
868534643
3046535908
1657279393
2798488378
4138505215
3183182848
1027021325
2609637046
736534859
3748034780
4193333561
2575735794
2830351703
2888412536
1242367269
1936484078
450589731
619658708
1016463825
98157482
733483439
1234503152
2977452861
357887526
771924475
877175244
1697441129
1846141538
2724131079
2627956072
3240453205
2168872030
2661780179
1585874116
1559772161
2092292122
3824794463
1622590432
3696007277
2539491734
797019819
4147693244
2508613017
274236626
302370999
2641160536
758271877
458452430
1513360771
2750105524
305250865
3066611850
3719074063
773832144
2259085725
670880006
751724379
2611341228
2711663049
2562294594
2101566567
962928968
1971766965
315267902
3612081203
3597436580
1195742305
3577320698
1372295871
2559505344
2184857293
3209276534
3910413323
750716060
3571370489
1295244722
1014141975
791352632
2721434085
1654842542
1048205027
1729708436
3019289233
3740220778
2752626799
847472048
3648630781
3072009190
2654854331
1030954380
3747851817
294556706
716076999
1629340968
202529045
2677230110
118103443
1187018884
214441153
814793178
318380575
708580256
4288161069
990394198
2901834091
3631297148
101867097
3612386962
1439827831
3311153432
2360308805
1746062222
2802208835
3589352308
855429873
3968148042
1740611535
968359312
8955485
3093817030
1286144539
1881686892
1385028233
230757634
2927117095
1438996744
2925534069
3562563838
1127870195
3573176932
1687672097
1794334394
2791133567
2528519040
2969449357
1313944118
998274763
3469168732
3275301561
300343154
3086756567
4294458616
3694612133
3864732270
1596979619
1407911252
1817977681
2848093994
3180212015
3803546992
3731606717
1033574822
1852299131
104683852
2067216105
2659780066
947437191
2505301224
2450001365
4191287262
2368958547
2727488580
3519856001
3164171162
919419103
452272992
2130997741
1490853142
3238667307
1614372412
4067104537
1009682514
3905486391
3136764120
2355452165
875817294
508515075
1082052404
153920433
1021262858
3864358543
2289302864
3787137821
1953283206
2782026971
1311399724
628605769
2971559618
612887015
3653325000
4171378741
4105696958
3528368563
3439324708
2742998497
3116034170
2602684479
2951811904
3728924749
3596777462
3588981131
1497324572
3317709689
1902092594
2584773015
240198840
2765198181
1146429486
2277268579
4146366740
2122732561
672362730
3471662575
1105945904
84846973
2794770278
21008955
308761868
1768390569
247019426
4202546503
419804328
801538709
1170367902
3957555987
1841012740
4106624577
1385157978
1446188959
178385696
3478224557
1587200726
2122092267
38881788
3142619097
2830248466
2846536951
1308491928
957611461
2776024846
718214595
3478401780
226571377
1234638282
271449423
3792944400
3472777181
969626182
4211767195
2574007020
2870897673
1553037442
1848791207
2233010312
2433549557
162088062
2672432243
2587705828
2897909409
3545248314
2530807551
2617230080
3737668877
2772270518
722816075
535242716
2637435961
3042845426
560961623
167103608
1757714469
2186337774
2195685155
478530772
3275048145
3684838058
4008660143
4158981360
1377977917
2949137702
2038959355
2779844812
2595522665
467609954
1602063367
2347977832
2181936981
4179923806
2648331731
1677513668
2121547521
3828612890
938194527
2432860896
624905069
2046994582
3087907243
4068013500
2172831897
1184598994
926362551
238061656
1601921669
2711315662
4148533379
774985396
2025489713
1953279882
1544113167
3461823696
756178077
2789451782
3474018907
1974326956
876729545
2849655362
3661068135
3616309320
1952487861
1760318014
2230077235
3631371684
3909818209
2306030586
3225619903
3533845184
1196325325
3366077302
1841157899
914273180
3394546937
3886179506
1289318167
1655059512
1422941413
1712217006
3680068067
1338953876
3542676881
103720042
4099144559
1818387632
2321982205
3606412006
3120449467
3285879948
3219018025
1069210402
372773575
1306305576
3852315669
1236828446
3721914515
18204548
932650945
591784154
1656165663
97964704
1972230189
2564050518
8234091
611344764
633454937
4289375634
4029571703
1263456280
2354808645
3462513294
1853020995
3369482868
1134073329
3743418698
10967759
2499706000
548870493
395689414
1688661275
3333370476
3517054345
4072201218
2002214439
282834952
1599925877
675356670
502610419
3814664548
2167429153
1843660218
4263496831
2342019712
1821730445
240175414
2426741195
1892024156
2380400057
3521930866
3675129303
1210211320
1437917605
1968019822
3689546915
3703542868
119629393
2843270698
1977313839
3340993648
849067965
1507618982
1701003899
816040012
1235540457
3020704994
2372753799
2122431464
2000052437
759049950
2795256659
2160491332
2834219137
2173014682
492123103
2162090592
1962747117
1758442518
2861322027
1274514748
1221425689
2107608914
4082129207
353949656
208956421
2441732174
991354371
3405962804
651912881
1802576650
4106758543
1036614736
2393675293
2877395846
3196798939
808472108
1409214025
1357721026
340919527
818327496
3468821301
493333950
3307531443
3603152164
1575639265
3529674618
4147071807
3198308928
1667044173
67702518
1183526027
1652362012
3902545529
4261161010
1254972567
2854896568
405939813
4123957038
2404476771
3474462740
2011076369
2269173738
3393558767
4024984624
2407636093
909977190
3732340027
1875690508
1757946537
1922268834
4091371591
4255290280
328717717
1500880030
3001503251
3738103556
456859969
817036378
1854280351
3654988320
2555195821
1471470038
3371809259
3704518908
1264972505
708456722
526192631
995008408
3968209093
282312206
3354501315
544686580
2604857201
3139435722
4012619855
2423798800
464704221
1070016838
2675860123
368126444
1276677897
2654420866
1072130983
4144850824
4283422709
3726637950
2503696243
2388660452
670636449
3366902074
305236479
595591680
6651917
4153087158
36697931
1600378588
2604857145
3046222322
3671552855
947776376
151530277
3981530350
3226438179
4070071252
4263544785
558272938
139626415
2389771248
2782411069
701996070
1207531515
3306520524
235416425
890269794
944252679
1795107688
1468140117
1142868574
2105090259
3605996228
2537308673
579741210
487174495
2827633120
339607149
2470690710
780526763
179643580
1313549209
792367826
320112311
1303390040
4182799749
838818766
