1593254907
3464444876
89044841
2339212386
1881838343
75933544
986404437
1864345182
2150386899
2844810948
1666469377
1083097626
490315103
3472965088
212912749
3663731606
329158827
1300095164
157595545
2303635154
1698820791
520528728
740082053
2561095630
3555807107
2899550644
3822736433
3364106890
3396137743
1827715024
1692375965
1774836486
808708443
3952705964
3394995145
2615291202
1947205223
475355976
1557510325
3896042814
3647061555
2396217508
3915032161
930578170
3559683263
3817237952
3580328141
3699455606
4293013003
2617319068
1536564217
825165746
4243568151
588369720
487144421
13348526
1091082467
2828966804
4086842513
3159336810
2788369007
759259056
2965070333
878521830
1150574267
3651385228
892829737
1425817122
3808172487
2107309864
227166997
521573406
170975123
3540275844
2132160193
3685985242
2264661023
3764424096
2987284269
1156890966
3874847595
2536524924
1679994969
550555794
1007692151
2316299032
1340859973
2307954062
853905987
1452508532
890725617
3758787658
1203896783
518190992
760436829
597618886
2792391707
789962092
3120213129
737394434
13034791
2857341704
3061910901
7385854
1743892723
3684381796
463398689
1232816314
4102042495
2257034624
1060988301
2540878902
3375397067
1401121372
4246893753
4218161522
3162197207
871954168
4099719333
766372974
3034594211
1512726356
3312432465
1038934314
2213646639
550338416
4248796861
2303140774
3424672123
4268225356
415041769
1912647650
1028153479
1617630952
3444703189
352272862
872165971
168822340
2181877633
4177941914
2274433759
1391697248
2777457645
1941120790
317400619
1634891836
1286433049
1077457490
1141448759
1019540184
1173605125
2212213582
3192952067
1390094644
2377725361
1009690122
3684290703
3455645520
3474445597
3540895366
2549866203
3591502124
1570149705
1415254210
878218215
2581957320
3549766197
2172272830
2611504051
3151677476
1098377185
3196899962
1460056639
2124188992
2576618061
2507014646
2625471371
3447027228
3302722937
1248774962
3297878935
4234927800
2353595749
3201428014
848207459
3692946196
1124853265
2634537706
2073214959
2103271216
3715390333
2326452582
1482363963
3230396172
3768537513
3694846370
2916050759
2360798888
1457681557
110735262
3092137235
1249081860
3036164161
3393634138
632879519
4269436192
1542172845
3562753238
2856292587
537158652
600105433
1363563538
1542248183
115718808
452227013
2907214094
3773978563
2372570356
1719649905
2125496266
1018453839
1106425616
4008514013
1440111686
3348494747
1145951468
1173306889
4007142018
2642735783
2866233992
4040292085
18189950
2403718771
189930468
61188257
2825657402
1652551935
2206547200
3106635533
607324086
3968421451
1570193884
1937860153
1744260338
1408416343
740984440
1368263205
3120015342
2228470051
4198049492
