4134795791
622203600
2215066269
1327951366
3330269275
4041149612
1464177353
2092888130
3757565287
2351306312
2012297141
2755156030
1747752243
2680834980
445027681
2397872634
1544633279
1617856704
1257428941
2741963126
1997006091
2396350876
2571102969
843614898
7167255
2952612408
453016293
2423513518
2347053027
419186324
2910581649
4221143658
2019928431
714881712
614105341
67879142
3120813499
3635856012
3532721961
4169302306
981434567
1498495528
2488093205
2409072414
3700373139
2541272452
1319214529
3405926106
3991683871
3319670944
2284926509
3499365462
2485039723
758257532
2350645081
888394642
2148094071
306243096
1097508165
4095363214
4097157443
1338945652
2738525169
328068938
3923773647
3363472
2242508637
2858353606
3770907419
1387685996
327400329
3403907586
2779106343
1756057096
816548981
2318607870
463702003
3595378532
2907297313
560163770
3560700543
593148032
4122461325
3833827126
35467211
1735570780
2871739321
2337836146
313521111
3727651320
1361248165
131669870
4200845987
251857492
4220675153
3865691178
4290451503
3839056496
2848824765
4091066022
2434191483
3512073804
3124074473
2769941218
1900201863
3626783208
2728656597
2093167838
1187088723
499085636
3650567809
1783101594
1507353055
1440495712
2619245293
3740629526
224091435
772752188
4236621849
346994002
1580812087
2411785688
1707182597
3261621838
1976019971
1443976244
2140890289
979699978
449763215
3547615824
530412573
2922436998
2371212763
1124959276
2998838345
341693378
422474471
30164424
1271832885
3959403454
1799436979
726119204
1117902561
3655857530
1972992319
4133136448
268267853
3684816118
1848720011
3984572700
3527629945
2351844914
880626327
3740096952
2799584357
3061849390
700003683
544312852
3295515921
834125290
1207125743
2198747696
28408445
3273616486
64523067
307558924
892788905
2179409058
1161875015
2072193448
2579723157
4171276958
2189073427
3093161220
595697473
8086106
3394715807
1506674720
1911328685
306225110
1224132587
2386308860
3397136601
2299483922
2471755255
3215766936
1209085637
316163086
3314577091
1704703988
723580273
1251599050
1073768015
1721307664
4137791709
945581894
2398548123
631529452
3317058825
854451586
3377584551
390659464
102397429
1599996286
1908780403
2054817508
2202965921
3392814906
2800334847
2435733504
1854135821
3599358646
772015435
1958513884
3477615929
2122960882
2761253207
1643577720
2297579813
2720586478
3836041251
419942868
3771565521
1598257066
1741567407
2903300592
822482749
799007270
889783803
3748902348
877980009
1219106402
2772014343
3809853800
376154197
2028982366
175795923
588519620
891338753
2136771610
103341919
1769183200
1046174829
2553644438
431026859
2172181180
381643161
3151345874
3189339319
834944344
3038352261
3408519630
240120195
707648436
3733669425
2783739018
3493115151
1096913360
1870048669
3869361414
1751567195
507181996
2636821961
3226711874
80740455
685864264
1548683957
973999934
166780979
1604590244
3624933473
3290056954
2397877951
1804978112
2785741517
3808141430
1951764491
283711644
586796537
1814761906
1639462935
3607914808
606014949
2425575598
3051895523
2223363476
3916576401
2966221162
906749039
3398384048
4236997629
3071940582
124272827
1014116748
1750053417
1931659298
1072503751
1856248104
1969003797
863026718
427884947
3651275908
3610550465
2561373658
2483895839
3700221856
4130007341
1586768726
306830699
4219815548
3255788121
2529286802
1028238199
902268184
966441029
2434613134
986068035
260554612
2459588337
1847383626
36422607
2878198160
2933680733
381737670
1550149147
277960556
1239146121
374294786
3664308007
1985326344
187457397
2446318846
3464680179
914746980
1772509473
1497895610
341996927
3176200064
189986701
3468109366
870701771
2512741468
236463801
517084018
715509463
1844285688
1696895653
125802094
3896630691
2930481492
924559185
672410410
1231835951
55925104
3909193917
2538474918
498482043
3977276748
1105672937
990984674
2216387207
1039020264
3545649621
501443550
2857260115
398966852
2457682305
3190300570
3133431007
3403282272
1310406125
320639254
2239858731
2954981948
1831607065
3281239122
799318583
3681979608
575970565
3396492622
4122162947
1097425716
927665
2229989386
3433403023
2900218192
2576541469
3866734726
1840431323
2691134252
2626275145
1319148226
417107431
4284851400
2406642741
1013148350
440108467
450855460
550590945
3682835578
3725259839
2116020032
3004933197
662465526
527754635
2534502428
2439200633
540988722
2115904919
375027896
4173518693
1286444078
2255634531
2738429204
3800684561
2262377706
4172251631
1059010864
992505213
3455828838
3669161531
1963878668
4057695145
2587192226
2693032263
817105064
219727509
3993491870
2007131923
3645191172
2948244033
563251546
2165193631
203081504
3136045741
596555478
2249716459
319643132
2027262937
2886426130
1944738039
4069610648
2080850373
2632530702
2849438147
2878523124
2678503537
2350303690
3865190735
219255056
3562677213
864831046
1594809243
830295788
636776457
1124576386
1324020903
2211536008
635521269
3481843838
131790963
3899708900
2790333089
1552737850
1386623743
1707251456
1915031821
990605750
2848108619
1754086364
1838880825
3123795698
2598452311
2148737144
1270471717
1709003246
1530487587
770597076
3296512209
1323032234
1519743151
632084720
4156557885
417544486
1629384955
405546188
1760332905
1246715234
2213031943
3870662760
3211000661
429786974
4231870931
3654969284
934068993
3031085850
2913655391
940529376
1901989741
3182075030
3872202155
1476987324
97242265
2045296594
2832912311
181918808
326280837
3997292750
2180086915
4190366388
2854488369
3848299402
3324080143
1407783120
3287425181
2612567046
3006903899
3885165228
920377545
2370076226
3411286887
2203636808
3409501621
2701116990
1914776371
989456804
1659214689
2921590778
2566140351
3958965952
3710860749
388249462
93272843
502843292
595570937
4134115506
2142180119
450332728
2328469733
416206766
4049028579
3666568340
1974761873
3252443242
1172184943
515782832
3817367293
4123291366
2478353339
3660161164
1473926441
3307147042
3708204743
3216177192
1190653973
3597006110
1927203987
2504481668
4078150593
691051738
3344578847
2792859296
1714461741
3476046422
979437675
1926526332
4107191641
384557458
758515319
1946821656
1968622405
1681667726
1757593411
2545733236
407247345
2995240266
2728623823
3374600336
2367348061
2092872134
2901627163
2791851628
3758096777
2266435586
2631402023
1035734024
1010381429
3330839550
4090371571
1849343332
2135874593
1644739002
2545217663
1216558720
1224354445
2307308854
630883787
2333348700
4090563001
2661784178
3947342295
375894008
2729584037
3946974574
2475419811
4107282516
1324411473
3785003562
1363775023
1376999536
2202108861
2724160678
356623995
2126961740
795139561
1147437282
446692743
3681292264
3230966997
438280926
3594985299
1196166980
1789871233
4041492122
349984735
1863562848
1310976237
98543638
3549672235
388997436
3869146649
752141138
532413751
1038625752
4000559109
1687704654
151699971
2973594164
2731338417
3578582794
1923632527
1954762832
345266717
4099835782
1325116379
297624108
4062243401
1245667778
2453055719
2998600648
4121052981
367206846
3886141619
2649968932
3830242529
3388687226
4121456447
1931552320
3393574733
536019702
3164901515
1134501660
3746505337
1017863218
1550516375
1652791224
1077111397
586615598
1284983651
2289871892
1760697105
1876331498
3549936879
2808887344
464216189
477370982
1215914299
2311313420
541861545
3252662946
1802765383
429975464
150608277
2592805022
3778425363
3953689348
3879707969
1032171610
2633053855
1772324384
2650273197
3480800726
3307544043
3101330684
1006302937
627270930
1596765175
942797720
2341033157
353776142
3448341699
839243252
3262675825
4017074378
3975142479
499519504
4280194781
3763871046
1544734363
2370977260
4261319433
2961011586
976228263
2719333256
875830261
617574270
1750877043
2783159524
983539105
4156263738
428781055
596825600
902972429
673777846
1030576971
2606361308
2797206329
439672306
299439959
2934652792
3490541349
3316500718
3879300643
1632694228
2625113041
3998238122
3817384879
3330856944
2978348349
566399014
1344265211
1054905292
458239849
4149257314
3192048391
437354344
3169341013
3446160990
241960147
1042069188
1904526849
13949466
643355999
770119136
2322383469
1505473430
3788851371
2341812412
363081625
710395602
2319985335
4071062360
425179525
1534447566
3774809987
3319134644
2953366577
1655720586
2285513487
1286377424
2977534877
3731583750
1459134811
1021761964
1415117769
1402029378
3817092711
2341221192
4105089205
1225620798
1354593843
566999204
3943112289
3171522298
707243199
3516417472
543125709
2951270006
3669288459
2785310364
3402732537
1090789298
173141527
1801365304
2130719717
2569422510
3996274915
185398164
2185411729
2663890794
1474058863
388577200
160520701
806012390
250943163
2715619212
3509647401
1584879138
3251392967
1014880040
958350101
3900124190
2561185683
3127421572
3527321281
3968975834
936588319
329147808
138563373
2456312150
3160683371
2199889020
1415194713
628222098
4291715447
3171468056
614391365
3715575182
774588995
3631078772
1681775857
1355719754
2068265423
1224134544
1348816989
1280870598
2188196891
70989164
99624073
2369443586
2633178407
2933811976
4090627445
2556250878
998598899
1835764836
507731745
2879742138
238250879
3035723136
3735903629
2230473782
2268803275
928957020
2354441401
2061050226
76907735
3349008120
969652389
589333614
2890003363
3513825108
1930571089
2197616938
3344091439
3238877040
2827843261
2232204198
666440059
1987660620
2997780713
823379938
3838875783
2695229160
2589915093
3782728158
2058086995
2622250564
2452440961
1920757146
404771551
847869280
3426261997
658423574
2811354667
1396297788
2564612377
3228682834
3732887607
2803223256
4196320005
14306126
1607355651
2509078836
2547494321
2609561098
3168209039
442814288
3231829277
1205821062
3778057947
2265927980
3817082185
2000300226
893174759
197944008
2925402677
3900627134
2205424563
2760056868
3172229089
357493370
1819404863
3311297856
2239498829
889559542
4123016075
3811102236
3959883129
1366549298
2137250711
3009984184
2905603429
2841412142
740841059
3225172756
2275827217
1555034858
2292971503
2884974384
3543815037
512258406
4247505979
1081427724
4035496361
1759902114
1443864391
642369192
3177671829
1848264606
1865809171
3750220292
4195395649
3293894490
3456119199
1651000608
1259317421
2248074454
3055438059
1873001468
1139562969
1696033810
85659383
2156827288
2794940357
3948882190
3769110467
3908363508
3281403505
3835992010
61445967
2293665552
2800683485
2931815494
906146203
690171116
2111092233
3947838082
992029351
1645615752
1628630773
3476170366
1128894067
2731701220
1882857633
197538874
2879596799
3130987776
3918231309
232955830
2567177803
4246903260
2862931513
244606194
3111973463
3732889208
1173160485
832192494
950368547
2737798868
2562674385
2912988330
2997348015
2141247216
2388127805
3124619046
2987214587
1133576908
2071974505
3215846242
71919111
1831427688
1056481621
72250718
4043755475
1071318468
313051393
3554345242
540201055
989517024
3112662381
3697855126
3133764523
203253692
1984467609
1025691090
308381111
3644004952
4140354693
2193999566
3682112131
2120485044
540643121
2380018058
3330205199
464260816
1745684125
515525126
61049947
238471340
631381705
2201619522
4250947943
830181960
145785781
2721526846
1439023411
68781988
2691998049
1623932410
4068943807
208897216
2677777357
491349366
2747699467
2567710108
1223653113
3153766066
2980104471
3097609784
818071269
2174336430
1551457251
101352084
1058865041
3079612010
470193519
2748331696
2661698813
3589086438
689799611
2207022732
72588073
2938871074
2654858439
3573855784
2077398549
3651429150
987652755
956692868
2763368897
1389292250
2507681567
335619232
207618605
406614102
1213423211
476500860
280071001
844361618
1695726711
12804632
2004021573
1825449102
989844803
3248155764
2793512945
3102837578
1008137423
453332624
683393885
4119748550
2362648347
436872300
3953936265
2562366978
2327459879
3116157448
1643567221
2001601022
1437119475
605576036
1988354593
2786985914
668853887
4070290560
4234973325
821685046
147315659
2326098268
128372665
593930354
646930391
1905257976
1517374373
521861998
3798204067
881673812
3548344401
2084266026
1535640623
1078154864
2296736189
2941653670
85752955
3290937932
4223935465
1897860834
2460824455
2107362792
2427800277
3823898846
1199355219
113814852
955730561
3002111130
1955614175
87766112
4166602477
3879327254
2977696043
1413480252
3018277913
3999977810
468628279
117402072
1968559621
255345230
2851985411
3730411572
254701745
1201972490
1529987983
2390904400
3451600925
1358706054
3562111451
4032643116
2696097865
1167126466
2985221863
4204380616
3919965493
607555518
2645714611
512683812
3676824289
763269498
4066862399
1691853888
348011853
3602133238
2059921035
1705934108
3884640377
3466095154
2533930647
4178171320
1874366565
1339947310
3575996771
980929044
1856413969
3177535978
3354145519
1018836528
2446673533
1144572006
2831824699
2300753420
2459004073
4282925218
274152007
1185850792
1516289941
3638918814
3517040659
2766348548
405646145
637533786
3292212383
3865642016
4063452077
3072392150
151221227
661187324
3232349401
3676795666
364210679
3148296600
4247878341
2411995150
2469567171
3227513844
3539992945
3686104778
3666825807
1038290448
4224416989
247712582
2631834779
4109376492
3581335817
1669136770
29246887
3016915336
3699229173
1051778430
1218632051
3476898532
1998627745
145546042
3101926399
451367936
3176180237
1547187894
1820766539
2112309468
2841362745
122678258
1103940951
4275010936
3713570085
430094062
4286415907
3817475540
3914502609
4241298346
2012422575
1089787376
3191202621
1381318182
921088507
373125580
3111875945
325530210
100401415
3489480040
1972696149
777038942
1410177747
3474281668
1259916289
2646419482
1262013279
1330287584
783165549
3048333718
564764331
3382810300
1471739289
575263954
4045856951
2927278424
3687178117
3560029646
559816067
325982132
716591665
3605272714
821010703
2967965136
397179293
3433373958
1765439323
1266857900
3669443017
2352927554
3370675303
1697050952
926832309
477948734
825887795
3521336996
3006145633
157869306
2719130303
2357904320
2330187469
3477470326
281295883
3876574364
3453573625
3612159410
630957079
4070630712
3490798053
1109996718
3962332899
3145994644
3695395473
2083687786
1113378927
3031643568
3536273405
1466659814
2452745403
1865936268
557989417
658236450
576423879
2034734376
1058138389
435001886
159395219
18827396
2591599809
3420983770
2420714015
2543838112
2726933805
3500967766
2385414507
782893692
1507126873
2912024210
218306423
792330520
2647852101
2185304974
1061183555
1128528756
252797681
1525707338
2501029839
793759120
1176385117
3898619590
2082804251
3621065580
3241437833
429286658
372069159
1314334984
3064441717
3545938174
4063756019
2185308772
3088082209
3245518522
2494849407
4051825536
3526869901
4254958134
1514178251
1961369692
2512630457
139472754
20265687
71175416
883089061
1328640622
3857844643
237360468
2688070481
1029031722
3186179887
3216332144
1414094013
2436589990
1567352699
1473390924
983942889
1954960866
3560296071
1649257704
3549928917
2440841182
3971579987
1992358980
2400013697
574667674
3660335327
3609785184
42336749
3050368278
2706519083
172109372
1740482329
650106962
2282360375
1302661336
2417551621
4289870158
2543411971
2074189620
953234353
1234865162
4256726671
3235630416
1809888029
2142571654
3630066907
1034366764
1504596809
625194690
3092052455
1864573128
3615080501
956974782
3864834483
4229348900
1854367201
2190096506
931717183
1099752256
2819387469
1962854390
4223373707
3140496412
31116153
605614386
1398378903
593949880
3083674469
2256236590
4153306211
3878639892
1307763729
32948458
1096314351
1237005616
2273065341
4253359974
4216627771
1405887756
912658345
4110845858
1246418247
1791984808
266736277
1253881246
3094975251
733638660
1905700417
3532072282
799156127
3852845856
3278048941
3537834710
1842650859
3492420092
3795001305
4153637394
1090241783
3648770200
3210186181
1917130510
2502501827
2823226100
548783217
1151493578
564202831
759926032
766767069
1885577798
1084655515
3770223340
887421961
2298923138
1040670887
2269829256
3597964533
3813381246
677913715
455348708
2136155809
1584366138
4048559871
879465216
3777092877
2200554934
1744133195
229111772
3537806393
1952936690
1523099735
4292582520
3327141925
3989253614
3955330851
308321492
3190936785
1272281770
3815398575
4203009264
1897911869
1510511910
2393644283
2800083148
88283241
1652324706
1935318023
848108648
2428323669
3144606558
3883951571
3687556036
1255460609
3464187674
1466615391
1523995360
434166637
1435957398
3329608107
3022112188
3925170329
1238162386
3600300983
1652447320
4165923461
3216618702
1655679107
1962157748
4286518577
2915565450
2005687311
4234087632
4032294045
1479276550
935158363
3838486188
2744673481
3735001666
4129064807
378425416
2958567861
668901950
2467977011
2066294180
1395894113
652381178
3905559999
1105068736
305662413
903779190
3517835019
2148500380
2307865849
50050226
373456663
157025336
2364271845
1255451566
1296789987
460955796
2310374801
1555166314
2061437807
970077360
3589550845
612748006
4197603259
1423924364
1476190505
916990754
4263846599
424047656
3000843285
424857886
3029203091
45389700
3817320385
3353163994
3628475679
2390401696
4206848045
733519446
1039512683
2850632060
1606701401
120323474
2812244599
946642968
3351189317
2379223694
3941395267
1298729588
3454871025
2798344522
909798095
1976978576
3633097053
2496531910
6487323
765198956
3062402441
2144218114
4014763559
1554876424
568622709
478375934
3241363955
2011560292
317253665
1839420858
79092863
2711892608
2416899725
1524439350
732246475
3861303132
1722586553
2576725618
1149703639
1873292280
4167070117
593750382
1726747811
1312449620
155055697
910962218
2658564655
795038832
985223101
2596061350
3769062011
561551436
2673043945
2873728226
1500146055
1052478440
2466640085
1512603358
442649427
3694480196
3295629441
812442266
4176757727
2555556448
448705773
50594838
655646507
1698716988
3831499289
3648053074
3536939319
1795598296
2053635077
1112027214
3634425347
1566944820
1153431217
292320010
1416313231
2708556880
3406964253
1141498758
2639747035
1592598060
1047885385
2253553090
4166456551
1500020680
2816054069
2532965822
225639603
756714788
2805131489
2222055290
3956693823
1266557504
1868997453
2145738486
681262219
3551386396
1794551417
3254089778
1683385495
578819000
3043866213
3174360878
1130592099
3059935252
1435182865
2590255082
2767235311
3271046192
3828296829
3127735910
2764770619
2423362572
201765545
3122712226
3018485831
2192335784
234317205
867167390
3552402963
1678622468
910930241
971656282
3224707743
1344176672
4003381677
1228483030
2492582379
1508329724
3632825049
710639890
921575415
3389812632
487170245
48369166
2525737155
2427064820
3703015281
2406173898
2296301647
1190136848
1822974685
1134524742
3512365723
3699243500
3424591625
3421278082
2684124071
3430889352
2130143221
755125118
2459529075
1988550884
3100748193
2098080058
82352639
4146844160
2231308301
4072105142
995100491
2623842012
1462601529
3319462386
3027272535
3517168504
819182373
503817454
2909903395
531835860
1197283281
179954090
2769131439
2622542832
3608529213
1096281126
1767737339
3851046860
2396437353
485343330
4234491655
2228812648
3228670549
464067166
1532965075
1442706116
1104990721
3591730714
4106797407
1302204896
2870972013
739774358
1496183979
3147691196
1560132505
598467282
1924503223
3846043480
2086929797
3042814926
1332556675
2465609140
3465795633
2189944458
1247090447
3994192848
571432861
827248390
522997083
3389953452
2957346761
3931922754
888971879
900837192
2751331509
878467390
728146483
4025152676
2961517153
691548922
1991088319
476922304
1704475853
3239258742
2525205003
1410019996
2886803449
2936421298
865425943
3973260088
2538766309
194781870
802585827
367734676
2004076689
3373095786
1972192879
590164912
3626837501
2906399206
287228603
612551564
3632497705
1299214882
3785014727
2768327464
120885013
1205078046
3959931795
767944324
2950869697
3064881114
493821983
3901841824
1157700397
2573251926
128507755
2116313212
1384100953
2938242194
3840396663
207306520
624372293
4286253454
3993335363
3490322804
320137457
209862730
3482199503
3734555536
268901469
1792533702
3381454875
190771564
4222136457
996274946
3323431207
3569346312
3551351157
3267897086
1922733299
4110862436
3071109921
447741114
669341567
4077023616
1710369165
3099111478
754310347
3462495836
2858514617
1194802546
2693066967
2748205816
3584689317
196239470
357703587
3838505812
1049573713
3609105706
2905584943
2135774064
1815429821
1004148646
1053736315
286984012
1506610409
2238243810
3528131719
48589544
4278207445
2918233566
2155288147
656775748
152916865
1299515802
2162704095
951611744
1896048621
1054022422
4072835627
1429900348
1506700569
1987962450
2890187831
1327777496
1682116357
1190799182
487880963
1940241716
1660598705
253385226
256504975
541248336
458201373
234535558
3543941851
1143934252
2131269961
3636282562
571289575
2842287816
2328192565
2919609534
3270854579
2711247908
3039456225
2738194042
3209680447
1923834176
2597115469
1734866422
2976311179
2670168604
1390317945
405667634
2046773143
3864343224
2560248165
1678401070
1755611747
2551346964
3043977745
4138569450
2729763823
2557555504
3622707069
3941715302
1429043259
789775116
1131632041
3197572514
4248177479
2118468264
2224339093
62858142
3547146515
1037897220
2521609281
3425268570
636755359
366166304
2749789357
2318352598
758838507
3030415356
3551127001
3816785938
2811001591
2102988440
1179104197
2979726606
1197095875
1770594548
923093617
739259338
3225977679
2060487440
3903378909
4168568902
4277820827
3628001516
3408216585
2620282498
3617429159
1936692872
101071605
2345992830
926333555
3513102308
1402743969
3565735994
2746029311
1395134720
3639100173
450952118
2526458443
438130140
1716021817
1806336242
4274282071
1680333432
1289965093
442768366
4102923555
4219583188
3033815761
2843363498
1826411183
374919920
538426429
2017674022
1996157691
3257581260
2251710057
2998601570
1360777735
3068189288
884075861
3204403550
1604975571
766263748
1613812993
613129498
3545414751
396480736
308953453
2838832790
2312249259
3491111868
3771866777
535226834
1971253687
649696856
2550470789
622699214
2543238787
1567900852
3354696497
3307457930
1498010127
1979845328
3704803997
3356337670
3481745499
3947791532
817801929
527771714
898153831
2995850824
1110429621
2985693246
2854153523
539542436
4213353825
2154420730
4223472575
205029568
3036966861
3773022582
256195851
1392697756
1700725497
1265418930
764687639
2365997624
524620517
4102003118
1137543139
2597895828
3581807505
826589802
3798434159
1623470768
158472445
1636727014
2264346043
3458349708
3537250089
3683957026
2092718279
209203752
1813504533
359743262
1609404051
1918055812
797554113
140216026
264510239
2514755744
2974731821
2309278806
2605189739
2606468988
1644631897
359926674
1960585335
2600853016
3862641989
1195507854
4169793859
3139905652
243837937
4229244746
286122191
1503087248
479039325
3665673158
2275595035
1629347948
3230978953
3159472642
1250862119
2794341896
4227998837
908647934
3060654067
3919812452
3565022753
949527482
2923418239
3583815808
2212584589
2268088118
238192587
496512348
2430753721
2167719026
3308178391
2427480568
4236220325
2015156078
2703501987
3252126292
1881963601
2412575786
2585063471
2675135088
415053245
3834867366
669132923
381253196
2584915945
1927555810
4007108487
2664122856
1200002773
4241812702
3472351571
1200744772
2367116929
3914936474
570964447
2824482912
894704365
3644731926
3025974571
3392191292
4161327129
1843850578
3294895927
3925730776
2108301829
2110266958
351536131
2925644852
3280043185
2997109002
3730091919
760236624
2358840349
1300730246
705506779
3714907180
1265089609
2357464002
3849276135
1327971784
2956802357
3995954110
3068367539
1234578212
3362647777
1322593658
1643467071
2803146816
1514080589
2609286390
1176408715
228407580
3918689401
2529330738
1146364567
1592152504
2438126693
3942372654
391220579
2084439572
2644487441
2261972458
3936689903
3123065392
2461602429
4279379046
3162235707
531657228
212596905
1919507618
3593315911
1301946792
2747141013
720001694
1737028627
2837994756
3248076609
4182022746
283056287
650379296
322578349
96557014
3889176555
3495274236
60246233
2466221842
1121375735
3814829464
1796327109
4000316430
1469368003
585379828
1604259185
2324765386
2011053647
3102542352
3518318813
4276823878
2038843547
3288061932
1643603209
1774984578
2498408871
1813771656
2611023349
1875097982
3326084467
465600228
2142416801
3571414842
2107478015
945836032
215840269
1806078646
701062475
1993475292
808406329
3587573746
3921951063
2808609144
1249829157
1390187246
1897246755
2513193428
915906001
2551623594
3940027823
1486672368
2082844477
1858771494
1736728059
751250892
459407721
2481213026
561933575
3097803112
494813269
359762014
2757805779
1389793476
3587233793
702399514
2735257439
2833354720
2143351917
1022246294
140659371
3783938748
2775744921
2927489234
2398375095
384906584
2066885509
2130287054
3945548163
3295564724
463560241
3852186762
1416269071
2217576912
1352811933
2355657990
4174259035
948597676
1426312649
3991531330
2814433383
2100063560
3136135861
279693118
3208853555
4225929892
1661743201
2625077498
670600895
20955072
813474509
89151606
3958564875
1828098204
3849905657
1211058610
3024031767
3656737080
1422108133
1971261614
959484643
2588036500
3553906321
89663850
1903017071
3801559472
2579696637
2977746918
196843707
1102948748
1995754025
1360330786
2139747271
1068175656
294073621
4062869022
3225377171
3227288708
2457647297
753184218
1598363167
2255675296
1873314093
1820648278
2832414059
4052663932
3193600601
2854359698
125600631
3563879704
986402885
3575969678
3128593475
4274009972
4031278833
3850636874
2864290767
3604072848
773849693
1405063878
3936665115
517525356
894236297
1922924802
749846311
3256395016
3403872117
3869611262
1017981683
1169974884
2604298529
928860858
1204178303
963833728
433885069
910417462
2136683211
3284851804
1244610233
3079555954
1652860631
642681080
2632002213
3634581102
3126998435
3579842900
3457531729
3495387946
354822959
2144686448
1884367037
82363814
1273074555
575923532
2418299625
3820712418
1594899079
40708328
2627267029
3067421662
3051662419
762984516
2153601409
1947817882
2354328799
3610767200
2544946669
1111836950
467853355
3022187068
4010750745
799798354
3408886327
731088088
4137497861
1454511438
1883213571
4254718772
2522103729
1812604938
1904962191
3097086288
1324252957
1924163718
1372199131
447146796
3549617993
296145602
4068304359
983604424
1212222517
3346080446
2570968499
353237540
285045217
4149269626
2210843711
3636059968
3720166477
2353079286
2529312139
252635164
1595037561
2914192690
1934949783
2083745976
3482808165
3255389230
4285175907
1390777620
1042018321
3134479594
750868975
404173104
1150289277
1724808038
2327203387
1380573452
2544933801
1167565730
4006691143
3769303208
2608029333
422678942
1074839315
2515512324
3895638593
825999706
821433247
1928380192
1822022317
737111766
1951484651
2634470908
2555423705
2832963090
3100455159
3961932952
3144145349
694219534
2000376259
2897952500
2256851057
451805642
1604319567
4047866128
1473100765
3338337862
