4043191195
2410989292
3231025161
2764432514
2279853223
2793690248
1875370229
1221488766
4021637235
1167543780
1830105761
3994164794
1119488767
2530512640
1356769549
1426598326
2766669899
2726474716
3840028729
1952288498
628102231
2338592888
1504080933
930154990
3540630307
3734165716
4238794961
1183782570
3472836783
1394397424
457155133
2498621734
3942238459
358587596
2119804009
812225890
495781895
2049218664
2866189141
2399125342
3649278419
3044859844
3535592193
1443621658
334148191
4049424096
589539181
1464030358
2229171627
3757736380
3672040601
1064368082
1863690167
2783237208
1441480325
854692046
4197307523
3085198004
4187627825
1408211850
3954657295
143984848
2910697629
3999224838
1258360411
2713871020
1293217993
3317347906
1000665959
2240007240
1043822005
3229449790
450069299
1930977700
406958945
3982567418
2875197887
3951230656
134272461
2656628598
3700200203
2447785884
1549715705
357421234
2006313751
3282075704
1741568229
4271540142
3221200355
69721236
2725679505
3041366122
3533698927
2561028272
3105881853
218572518
1332478907
1867847820
4108283177
502351650
2583924423
781840424
662865941
1308601630
3170706579
132240260
146521025
2487866586
3153203487
2856165024
2953720877
2986408534
3762970731
1891495292
2541346137
3710654866
1288232567
2827951128
1390895941
421785230
3822524227
2329233012
3897831921
953087306
1284593359
1179142288
1958638941
1184721350
2727520539
881835628
2312182153
3460646914
478206503
392102920
1884277365
1144933374
3042473459
4182848868
994243617
2264789434
2759379071
243609216
1474544269
905147702
812637643
2969144156
105390521
1514394226
679903703
1420339192
3872308645
2638595438
286015651
258252884
2286617169
146655786
3462620719
275992688
2733710269
215620774
1523383931
602559564
1812067817
1206827234
3539260807
499845096
775371989
1274108638
3846010707
3370026820
317676673
1572175514
1875652575
3042029152
3357114605
3924320278
3646229291
51452220
1860277785
734853970
1889981751
65348568
4280043525
1102580814
3740736003
1364060724
192086705
2873888522
2028873103
2988394576
2454712861
3983884166
4201841627
3957119532
1200226889
3626342850
4181164263
1540750280
2194726709
2849036734
436480179
4093757732
3201889505
212368250
3569633087
4154138176
1430744909
2845293302
1397876875
2474415900
3814603385
3439301682
3070351511
775720888
2204631653
1496498990
3505365859
201925652
3336844049
45204458
420058351
2722377776
494073981
2452017766
1876736315
3068088332
344014505
2820795042
4146125895
662167464
2612310421
1049938078
218401299
4096981764
974634305
3826182234
909708959
3931733536
3758460333
1824097750
2193520107
179569916
3252031193
2501090578
3111095287
2275863448
1732897989
3530418702
1447943363
4144909812
3686175601
1294395594
663598159
333056016
2867998429
3232159046
358751899
728348140
385854217
3172707202
1619584935
313045896
2994385909
2264213374
1670814579
1055530212
1271117217
2418066746
2734851583
1585761792
3572227085
1191559350
3086136139
2368692956
3026260793
3074495986
1640492887
1849208
2858026789
941719790
3395929635
3319097300
922887121
618888618
3377628079
4124626928
761632061
1521305638
2975544315
1811155916
3743237993
4165655650
4115112711
3948967784
213575253
2611607134
2937216211
1168060100
2264194561
420876826
3589844319
3776253408
747788909
1748265878
2940641451
3144069308
2971092889
1119878866
3319988919
3281285976
1479561605
2969929678
1956339587
668365236
2447303729
2149548682
3476030223
4080568272
593832861
1576151814
1981806939
385241516
1223824329
384269634
2704608871
3147246408
4228729013
829109566
1825558067
1976184996
1254307425
3810971386
905151679
3137486272
1804667085
469599862
2433891851
2983325340
4195396601
583554994
664323607
973578040
2288307173
4291952302
2285545699
3364449172
1902433425
2970810218
3053335151
1928409008
2542334461
3828186598
34107067
1189644172
2090209321
2989067810
2083072455
3376729896
3725187861
2565923870
103214995
954409604
3259416257
2928344026
3586853919
4047789472
2726291245
3390640470
4054682475
149494908
493174873
512893074
4106303863
124631832
1586460229
2201937294
614441539
1332106612
648803569
1710611530
2794787279
2549794704
543746141
588726470
1600951323
2453843308
3995155593
1061752578
3388732711
2522964744
474520949
3203597054
3496984819
4100064356
3835131681
2541394106
1951875967
1154706816
1844901261
4131327030
3513813195
3575921244
4113368249
3646249330
3342097623
197052152
172511397
906247278
1428310947
1608855380
3469493585
2835362090
1976344879
1095585648
3768389309
1818719142
77883771
192725836
1571526889
259915746
4203049095
3773097704
744591317
740921822
218251859
163501636
1959616385
372090266
2087725791
849833312
4136514541
1076328214
2628990507
2801485884
2810181913
3528065618
1690972215
1660076760
3341245189
2933523278
286958851
2575169844
1390265777
3765040650
2759647375
165726032
2260559133
769005190
3557289691
1091488044
3612157257
1342202050
2845678567
2730973896
2414654005
88903870
3912659891
3597768740
33585121
4275839610
82690623
4088945984
4041056845
1670009334
734892939
2330347036
2792758649
1688738610
3210392471
1694609080
3703870821
544750126
1004580451
2544415508
1744336401
3463129834
1602080751
1219309360
1298262909
4045089126
468657211
1030799116
3005079977
168309154
2669442887
302038696
3565290645
185859998
2120504595
3019000324
3880304705
2176716634
3500673439
2097036576
2642231469
941595862
3273105643
157103100
2955375065
3349652498
4106086135
2783152792
2662858693
1503060238
2764859331
4057816308
2402571889
2436616138
2141679439
279611152
4213350877
1542368326
2528250267
2266670316
2503331337
583889538
3470394023
2693337736
2478409461
2587352702
3521373811
4156091364
1270757537
722168890
1316421887
2138115328
3372551949
2980009910
317283915
651694556
3467376185
243309810
1321978455
4119877240
1822005797
3303929838
120967459
999552724
363423441
2735989930
2312224431
818990832
3801581629
805871398
1789435643
545553100
1840048745
1535648610
1487814151
4233647720
1932212565
2876255582
3574409171
4080893380
578347265
3808180506
2570233951
1745407200
3423407469
3754001046
932891563
1674502076
1478208153
678102482
1130126775
1610617432
2986435717
1765113550
175434371
71598260
342861617
3660278154
2933177871
873989840
3797458589
1260454406
707454043
2284208300
2023438025
1366312002
2289117543
258378312
611261365
3547655230
1698175283
4093116324
714127713
3989337594
2008219583
1606253760
2334997453
3997048182
3112429835
3166281116
4002320121
3768508082
1950851351
757775928
3867631333
3911546286
1105310691
3613850260
1889474449
1757044330
3414715759
1635266224
1694360829
2800735462
3549485499
3094869644
1041806121
2109592866
3589981383
4289441320
1696411157
1123949342
1270659731
1130393988
4011704769
3953664730
1557137183
1267145888
1996331565
617424982
2365372011
2853194620
2149360473
3730057106
2942669943
3775420952
2378402117
2205539470
752102723
1014195316
3679434737
3707290442
1757727951
3152627344
1629444957
1496127430
3509747483
670145644
2453495689
900257282
3844280359
790610440
4274876533
3334715902
1039338483
653185892
3342334497
3637723066
1734459007
3428691072
2350262413
3878069046
308097995
541780316
1188947897
2764234866
4002297815
999351800
927851429
316584814
916739747
3068247636
3516500049
555653162
3143752751
40062576
1498743229
2475739814
4184331387
3372954188
2501983209
2859026146
2244086663
1002096104
3340231381
3346909406
3711110483
3759875396
3589759617
226610330
1648371167
1060711520
1393485549
3036843542
368927019
2413918012
3370802201
2468546898
1469680439
951869912
2126409221
236452430
3064606723
3324643380
2626980017
2070142218
2755107727
2950579792
1547098141
2748509574
2391333339
171751468
3000780873
3912705986
3014637287
4285839816
2677310773
1239697342
3067395763
2891802404
175373025
1038862714
3292740927
3172047936
3766474061
706275574
3493150347
3846960412
3629777017
3836518962
1012895383
277007800
195897445
2279190830
4030576995
3854844436
1364769041
2382402026
2954758895
4216466992
73195133
4088103014
1055756091
3590204940
2743501993
3679090850
2529432135
2420481448
1977309077
4004460190
1144004627
3308099844
533054273
2051618394
2957182111
450821152
3573609389
4263621590
3848063979
2298635004
2470761689
2962729746
448283127
920398232
2444366533
786159630
313979587
2368236532
3506313585
1462548170
401418831
3619096080
2019497181
148013894
619574427
2462553068
1798828297
1171995010
2195135911
1076195720
1132747253
4069954942
3936170355
1610857188
2634333089
785519418
4111956991
3919137792
1563050509
81063606
1707870539
1602011356
1673713977
3927712754
2625348951
1539339640
3496291621
1305898734
963501091
802063828
3365710289
824200106
3229415855
4093955568
1792375613
2231367206
3336702459
588310988
1510509929
3391187554
4156610823
2634823016
237472853
777151582
4218680019
2924989636
3578323969
599679002
228107103
1983417312
831766637
770349462
3453679275
3375566524
4293660057
1618087122
2541861047
1797763416
2472441733
3414259150
1807381891
1026461620
2974575153
3524481162
983922959
3140715984
441979293
636213510
388091739
3847368620
202398153
3847555906
2706981991
1894902088
3881627317
379233086
3020710963
3718368932
3886693473
2101746938
547257023
3384064960
2530569933
2233119862
98669579
2728217756
1775792633
3201394098
228752407
2366233912
2989879781
714402990
2633285347
549489044
3492108945
1279116650
3275663471
1413164464
1367267325
3310234598
1946502331
3020121484
1768379945
4037942306
1467506631
3251539240
3971776789
3156693534
1035896211
391757956
3208692929
3147909594
16843295
2835733408
1569148205
840777558
1647829355
1144224380
4020242009
2356293266
750120823
626981144
277060677
2311639950
2893330499
1107063668
910129905
232237642
1126205391
2719204752
1726074461
1491005126
2816764443
3852241772
2787476105
560241922
502672167
3516539144
1205748597
3417338110
2917291763
2163712612
321158433
3137857210
764950911
2502159232
3795934093
2024421942
2738216651
2188220508
727370425
747399026
1318326999
3558802680
2648667813
2748656238
1704092067
73026900
3232942929
3776511786
1327699759
1135955312
1025045693
4065730982
3910614907
1284874572
1113775849
2293272034
615163527
508339432
777663957
2381184990
97507411
1005810756
1718445441
3014783898
3510378719
3406228320
228301293
3094979862
4113796139
2915280444
52477721
3730313298
4178896439
1967259864
1440841989
3480351054
2141567747
3344045876
412568497
3963208714
673076879
2484585808
1119636253
3211510918
3656762587
929474348
171404105
332000962
3345863143
1641945288
3788003381
3885498046
853477811
1707423268
137592289
970420346
3267672127
1135008576
1412302925
1833140214
4035504523
2460853276
2835997561
3171756338
3725617559
549448888
1075952485
4283901998
2651243619
3864776980
3003448337
2977036522
3135915503
2855480624
1919144317
165140326
2295855675
1887935756
364586921
2347286434
2383916359
2454092968
2948639381
1499884958
241691411
400877572
328123969
1034968410
2232024991
3019619104
3062933165
784321238
2576217835
2040762876
2603497433
3219370514
3680410871
714131608
1882727877
3258765070
1343061443
3102702324
3507739761
251239882
2690573647
1493140752
1386711005
928143942
1880481691
1047560940
3372618761
2521104514
746600615
3783118984
4057672949
1133694
1573026931
1741326820
1872182945
192199226
1189345023
2365426432
3243996429
2963703222
1620751435
656240604
2745547833
3121851122
4208427095
581735544
96256037
1121641966
286385955
2458195156
2145119441
1057534634
492057775
796183792
4129254973
3381873958
1980200187
1670994124
3559927913
3021386082
2189390855
3179025512
229629781
2488310622
3527851475
1726880708
3479496449
1264355098
3811221087
4221848288
2368107373
3266293910
570892715
3683859900
3632820377
1523913682
1918047159
3574288472
742886021
1206480078
1215037571
3264519860
2557816113
3621205898
581055503
2022376656
4217603229
1582477318
3976510043
511319724
860978377
1117114946
2616024935
3493414984
1960231349
1792825918
156020531
583507364
2987376481
27247610
3770021311
3907517120
3196690893
1351830390
640368395
1400699804
2616087801
761261234
2745784087
1235549240
460358885
874537902
1232325091
2492864660
3220675985
3416075370
1294001007
993668272
2366360317
2940764902
2472914875
696964236
780269865
2063229730
2963405511
4289555496
2766656533
1953270046
2351714451
2765033348
1655687105
2390126810
1918762271
4190149280
2250047533
1644779094
559877227
3344083324
2616158553
2565617042
481446519
3295778840
382709573
104319630
1400980291
1342276212
1736130033
1754435914
3853009615
981091472
1638941021
2452407750
2474792219
3141761644
1507435913
1920754690
611665447
1842380808
662378101
1035544574
3493700083
4068241764
4166844449
2920844730
1996141695
2401643136
2692255373
449433910
872057291
3951839068
3533942201
3769757298
2537942487
3312002040
1845299621
1491575150
2448190627
944692308
3424128593
1492084266
3775943215
4114828400
3152603069
4172773542
2209524347
2249986124
2507178473
441701602
2269069703
2023392232
2452130005
4017764062
920167251
222806852
1445947521
2025724570
2036603871
3322980960
1446268141
3129785366
3931485995
4037137724
2250449433
602478418
4181475639
142843864
2089849861
1659365454
470631939
2364941876
4142272177
2733353738
3761312143
2794275920
1783479837
4037057414
1716432859
3096221228
224300617
1069069762
2497178855
3120789448
2257070901
1315419582
223696051
4071163172
725549281
1654593402
2960274239
2004359744
2078817101
2634684150
1019778187
2198557468
1216726649
1573498930
1416447127
2243496888
2854375013
4142964526
4114337635
2305777684
3170713361
2831114218
803373295
1162882096
3346449533
2745183846
2846778683
4245490700
968608425
2346911394
890718279
134437800
2989620629
3141117086
2366354963
2618832644
4070820161
1005814874
4277992095
945060384
1915509165
972677590
2410357227
3410018556
4158888665
1703655698
3870357495
1895917464
1783249093
2209990158
214960323
1697810932
3212156785
681739466
3371999311
2223244304
3120298717
1466839366
673827483
2048225772
3735041801
2215298946
2077578151
1955737480
3468558325
849871742
3679700851
4279064804
4084580769
821256506
4091310591
1503513088
630761485
622075062
3008716619
1840914140
3193216825
3999740402
434068311
978629496
1017140005
335240430
1042412067
1404543956
1801924561
1020074410
1347907503
3542141936
3027591485
1841472550
672718843
3525167052
203674473
2305292386
2833911559
1302852456
2713989717
1298846302
159746259
218131140
1087171073
3386289690
3387464031
3897297376
247801453
235980694
3827256491
2330946748
300995481
2274630354
2211475127
2376789848
2898042245
1315791822
1351191427
2222370228
4192858161
1534533258
382398223
1545503696
3044734877
1683326726
1540597083
597560748
509517769
3643971906
674069095
490514248
4242314421
1077547326
351861299
3010030756
3116450401
3939855098
1744400575
2908174784
843699405
3232227958
3395349003
3210259100
3033544697
2622124978
3864801815
1392253752
1379342309
1976031918
4150187235
585607060
1880481937
1457034090
422518383
108342192
1201978877
3571374566
3786545851
151929740
3177749545
2359470626
2440533447
2840087336
3181324053
3687694366
3875937171
3686817412
157993665
3559364570
1625749535
766990752
549368621
613510486
2054305643
594401404
3037383769
1942109330
794469751
2923443992
3500655173
1757593998
3522809411
1451397492
2667774193
1562998858
6028751
1964819344
2173351005
1964416198
1141653531
2565237100
3713648777
2565876482
2829082919
4089634568
3450071413
2363350782
1426386163
1803370596
2799797025
570766522
4085854079
2858707328
4139499917
1032153142
1957377227
1269233244
1824035001
825455986
2023999703
4285481720
3618020517
2719357038
1806858147
1119841108
600396113
4171353386
556371247
118311792
96787133
380948390
2033849723
1704886092
3192530153
3478330338
1568660615
983851752
579001301
1545760222
541945427
1142428228
3577572225
3433447834
179836639
542533984
1557725165
725340950
2774786603
1216087100
2180089113
3554025042
135240759
3800121048
583771909
947511118
1004589315
118895924
1736495537
259625482
2087701647
3611214672
48967965
2809229958
3818101467
2108589356
3964776777
3707993282
3421374439
4158969544
3184786997
3998444734
4130840499
1124652068
2744550369
675462778
1028369983
1216698688
2276355661
694988278
1693728651
2791637532
3872237945
920794930
1333141399
795749048
2041504101
3735426606
2782714467
3204378388
2671870481
3823683306
