3465086543
3007918608
676548829
606179142
851021979
2722529260
3534875913
3178562946
3371071911
436018568
234886645
3821478270
769412467
2875205348
3485349793
3315949370
974804991
174487552
320699917
135723702
216966475
3798379740
1235998009
123269106
1037697367
573776248
1623189797
626653934
1088682019
1542844884
1202005457
569808810
3383154095
2496461296
2726803261
955580966
3105596923
2686834124
371231081
2176923234
3794154759
3805929832
1478576213
3437817950
2967539411
436877508
4032847873
4216826906
2158591839
2176563168
1455750253
2337449366
753636011
1999829692
3656583577
3610564818
682497207
1930452312
2058826629
1105920462
685674883
4146854836
2821908017
1294965898
761091343
3425808848
2294828445
1434903814
1959357275
2868714412
1002853833
1878710082
2802622567
766874952
1070901941
2778148670
1118273587
2762619556
3927947361
2292541690
415061695
720234432
2588191437
3752378486
1675636747
380844188
385707513
3793367474
3315390487
2707982648
1066184165
1122269358
919001827
1670641044
4259960465
77599082
3062137967
7297456
632099837
3549378534
1142612155
491016588
2881180201
1633282082
1870248903
2156411176
1655848213
4270448158
2357698963
4105710724
672415937
1841731034
1429069343
1257572256
775194925
2899397462
2250538347
2573166204
3470983769
792787602
3263056759
2436080920
316168261
3338559374
3388265539
2292572020
3655464689
914355786
3455345615
2491281808
1338903133
684063430
1902642715
3446896492
437747337
186018050
3209004839
2638859528
1783758709
75037950
601453299
2947288676
3780507937
116601530
886248831
3804829568
4012677005
3062122038
3557849803
1404011612
465290937
2715890546
4180307671
1651093752
1681011365
149993070
767589795
1239005524
2570274641
755452714
2290414383
2807396720
1774399677
3873648038
3003702139
235048268
2264062697
4268251618
1179124359
2180141288
206303701
2149354462
2314531923
1996349508
419225985
207830938
1652882655
2942441312
1170527725
3698962710
4194052139
370905660
1671412505
4180859986
1870217783
1896000728
2939305221
3748887886
2575423235
2259125044
1693829041
2389577738
2802725519
334360912
1646561053
3147747462
727015643
2909377324
1046832969
2827467458
3763940839
1752810696
171447349
3593243326
741483955
3894780452
2652961249
2454633594
890999871
699926336
647316557
443124726
272598411
756781084
1487331193
3496867122
1463993751
1425447096
2070968165
3175003182
814800995
445070612
843151377
1558988010
2523406831
1899977008
3012169085
1890640742
1755682363
4129327372
3632735145
1387039650
2505115975
3336054952
833513109
123795870
1676216083
2627425284
198853185
149793114
2943277983
2260920096
305521325
2282477270
2603782891
1629978108
4176032729
2664070674
241105143
3795678360
1552212421
2970245902
38115779
3706775284
3257817201
4139379146
1869267279
306295056
1686881245
3956368966
1699838875
2929684204
963645449
571395202
2567410855
1325759624
1548151029
2960251006
1987156083
701953508
3376462497
1014498874
2153173759
3078272768
356430093
1494782390
2335002699
4139211740
2390669369
3078649586
514186327
684671096
4060576805
1703834094
167248675
2707194068
2715052241
370081450
4142796975
99416304
130132541
783833382
2276528379
425608396
2436377705
400981346
1263849479
4009345128
1872337749
169289566
2502154707
558925764
158098177
1428542234
44792415
1758951136
3360141165
3712466070
1015528875
2923637180
2944363673
1237835730
1039101879
1956904024
3884992133
562231502
788536451
927074996
709601585
3508765578
2647265295
389624016
3150168221
1461566470
2719766107
4107602604
1542944969
292265538
940620647
3500995656
1564376501
3909674558
3713518387
276826532
3413457761
3610185722
1027920319
64038592
1340661197
2152814454
2006571787
3292719004
1040404729
1624815794
1309913879
1303619640
4105650405
3349147566
1152771555
1780057236
2158762385
2586802282
2161557359
3441318064
724174589
2662960870
4075506619
2071707788
1640363305
3352702754
387143367
1511462952
583897109
3187610910
1483041939
2161998724
3664987073
2731261146
3808090399
2908735136
1555708973
3387777622
1891346539
4046361980
1747084633
3823829394
1558881911
2012627992
3709102917
3600635534
175202115
22736500
2517481969
1063968074
1760304847
1788113040
2358017373
1531171270
611709211
1674208876
3065749897
3495833602
3426001447
758131720
3386823285
2511451134
4221877747
4158709092
3447618593
4097038778
1386582143
1182488192
726911629
1574165814
3359974859
1769878364
2817829305
2520169074
2756463063
4083404792
1883227557
1764961646
730499235
3229501524
663259729
3943543338
3403820591
4002642032
2726503357
4269048998
1293174395
3761830988
3136323049
2621153506
1733074311
670052328
1745503445
416858846
2825764691
4144115524
128902273
1671390874
2535258079
1813763680
2219673837
4223453206
2324583211
3718889788
3281133081
385082194
2316344631
4227091416
2312196101
907637838
1062822403
1727762996
3191114417
592443146
3348163983
336818256
3148216861
369338246
4011740123
2671739436
444369481
2024178114
607340775
1682908104
518514485
2351710654
739799219
4223234340
3088874721
3846595450
1731792703
2000242240
3158275917
2137006838
804204683
2049523484
3440558713
3780803634
2685378711
161462200
291572325
2416454446
3375754083
2957691924
2938747665
3395922922
735075567
1376540720
2995585149
1269381734
4176216379
3411408908
3447178921
2396443298
1791009863
944048040
470792597
3496226974
1073533459
2139005700
3655288129
3378565210
634508959
2093721120
3015808429
3765824982
2629811691
3883183356
579770073
1285719314
2753647607
3495826328
4203148485
1706512910
947397827
1407448564
461380465
512938186
1886944335
3681955856
3989845725
1696415046
3302319771
183786988
402273033
3825505154
3469520807
902421384
2568600565
1647873918
2306007923
4157195492
873414049
3156651322
3787410943
1305146880
3614172173
850798774
559414091
1241778908
1847434041
2349071858
2149431127
1076322168
1155206949
1105127662
3900182051
88018900
4031753169
3120784810
3126938543
2672359408
1611111741
1142403110
422738939
2157097932
2317078377
1499972706
271543047
718643048
3684560469
1516330590
2580718803
3591558852
1506043393
3318741530
1440314719
1999582688
534143597
2782450582
2047862955
1112496316
2782384025
2931222226
1239206583
2230557528
4227160453
1261891534
546154371
1943280052
3870321713
2465426058
3663907599
1216131024
2278241181
3864040198
677069147
3400071596
4294220745
2889377090
448845415
559960904
892620981
1838587198
4000585267
2278676644
2853617249
1251260154
3908586687
1106273728
295243981
2241195638
3477046795
3972961948
198521849
2683518898
1127648791
112903992
929944549
1148675758
336654563
1260065684
2210028689
4221230954
1297414767
1040799664
1874000381
1702880742
2426910395
61812620
2711394345
1974367778
106492359
1600255784
57991957
3968879646
4038014867
1988020868
1344161473
179102682
2918437919
3003549088
3175870253
967145814
3040793451
3791242364
774752345
653330578
3657630071
1769267992
450657861
2354597262
3797543491
848035188
411401457
2721170506
1007671759
2733043600
2924933213
4150110406
1550834715
3256702316
3811296393
721549058
382713127
1725074184
2952242549
3288754942
4124838131
126987364
1123221281
575701178
1671695231
2338952576
3213294989
1170175030
744870091
910746204
3875114169
3873980786
2820285655
2367287032
3587791013
496084078
2529203107
3449739092
3257519441
2431654186
2070636847
1443723120
1716459197
3986807718
34320763
409693004
2226790633
493545442
3153934471
4121562856
2958333909
2091973086
1062373971
2625797700
1168959361
163024282
1960899295
1209111904
1088568301
1234951958
2701950507
2050224188
1548779801
1594944082
1934882871
2376198872
2751226629
2396744526
681372931
3150684468
1774144945
772660746
2352982159
4067749712
1177775389
3053747846
1674786523
2500948268
2455743817
2049001666
2444846055
98599624
2250488373
994572478
4201298867
2462662692
3882090465
2501511802
4169304639
569804096
4126517837
15907318
3951745931
3123899932
4892025
3936551730
763919255
3271874232
3437075813
317563438
2068248163
2559204116
3294494225
1002640106
2607060975
3474282288
2291921789
3661468006
3491654715
1116169996
1681156521
1247615394
1608269639
3446531752
3204254869
3229837214
1081908499
1138618884
2200979521
4105172826
2975912351
235955488
525945005
1132201174
1345906923
2126371836
2432694745
3235286034
4103057143
3241849496
2752841669
2021673230
1578545091
4216521972
1394466417
3628578762
2175940431
4276530960
4095781341
332870
21320091
2806336748
2656065033
1935039106
440257191
3192535688
4101541621
1763395198
383790707
87593956
1076478113
3031520314
240371967
3176609024
2309297933
82821046
2137957963
3427580380
411598393
4108551410
306287191
1480294008
2302321189
709582830
2355370275
2006818516
1662447313
2111032490
3288368815
1356920560
3680079933
3910338342
497018619
3317899980
818639465
3057978210
3770025479
2255322728
3425583445
768054622
1861054419
676406724
292055297
3176538394
708014175
2630022368
2372998509
1426451094
2508460971
592938940
3975951001
1979837906
4235601335
2482977368
3890637957
788981454
2911318659
2632067252
224472881
43995530
2468840975
1341927120
484353693
1931438598
3079023707
477685932
1472052937
2959158338
4280086887
265269832
4155909045
2738902078
637296947
4204767140
3053732193
1389780474
3419916223
3578504384
257246157
1601602934
449917195
2153137564
2960332537
258590386
1426417943
3162367544
934307557
694869422
1423440867
4137198228
924098449
2564965994
3422500207
1127241392
591916285
2548186342
3444580795
2782830220
2604612393
3672292642
3981085895
2154354216
883439125
4198335262
90505875
3315341700
3105180097
359271130
1712901919
1273578656
2146017837
1811517526
61734507
1539371900
1359293273
1750273938
3922156663
1437565464
4231041349
1479492750
28210499
205065332
2437496817
3470043978
4150236367
762670736
3844957021
1829994438
3377841947
3630974060
3479693193
2332147202
1326897191
976284168
1285322869
4285997566
3263124467
3468589924
1907589665
21571514
399410815
2710819968
3687198861
3729197878
2960292811
2853146972
147484601
66439282
3029598167
529272312
3305040805
2517375854
526556835
1631282772
2568425553
2393800746
1243653167
3452139120
3844540861
611005094
2179931259
2795100748
340771817
4059442914
4099527559
3676302824
355134165
463810782
4272117075
1467927876
49736321
1856746650
2882596319
860050528
2877484781
907474454
3983976747
3686407996
1574626329
1099559250
3678622519
369854936
766735877
1505321550
88897539
1964486708
2543194289
514311434
2769970063
2668785232
835510301
195122566
963912155
2128568364
3591295049
486019010
3639312103
1026417096
1877708085
1400876990
1193871027
2639597348
1542947553
298430842
2566391103
435143744
62381389
253841654
4078077579
3711474972
575572089
1548192306
2947372695
1898313144
3722850405
3052345646
4140040547
3276139028
2715697425
553155050
2502218479
3629798960
1706485373
2356013158
2654787387
1270142476
3434941609
4114571426
614718023
1985136040
1249271701
1203674782
359163923
3652796676
936201025
4208664154
35376287
714155040
2231172013
555621334
1704858603
386075388
1950178521
1801884434
2947156471
2765312408
2301565637
1499807758
589380291
3275625460
2567414129
2480447178
1394078287
1821584912
2809994461
747170630
3399564443
1938963436
4235360521
1074012546
727377319
3632699784
2657313269
890895742
3468261747
1109615332
495993761
2518154042
3054781439
4129256448
1542081037
1069897398
1433489739
1838246108
3183436089
1646201842
2232511831
1628151160
4012258597
2396247790
2780570659
3900190164
707408337
3514839978
3284910511
179631600
2847376189
2376752678
1157190139
3639579084
3041334633
2659078754
1827184903
4055981416
1900713045
4098477150
3295951571
134968516
1616407553
2880981018
800680799
3381834720
1092077677
1523515798
1055145643
1096529596
3035403673
262730962
96174263
2445728088
3680731013
1022549454
2246884739
2725001140
3462263345
2418489482
2014855439
498576848
2868779421
1837777158
4288485211
3661944748
2471682505
2380657474
2502233191
2348486984
3569612469
4194700094
871410739
1491695268
524141665
1609827578
2514698943
2917327808
2031974093
2113084534
172940299
1859777692
1541208569
524045746
864044055
1593640248
629078501
3866776750
3070953187
1553084820
3401245329
3792022890
2899669103
3432207792
1978195965
2782958566
1491373243
1376390540
2125323817
1735590946
2078812103
2905322792
3865544981
1460058654
1183239571
1580558468
1163414721
855847386
3144272415
1745355680
3566425389
3504973654
201927019
1317282428
11046489
403773074
1010284407
749084952
2970657861
2854370190
409927747
2120358772
811139825
894669386
1255886799
4198493584
1628427869
744838854
455586331
2528588652
2876246665
1616741634
621409063
2538293512
3486337909
3087259902
294559475
1030179428
2311062817
18730682
522518911
2029654912
2953929613
2540347958
74131147
3033677916
1030181561
1566527346
2042223319
2595892472
1840283301
1117950574
1970317731
1800664404
3696251729
1414063914
3875659567
1169519984
1326120125
315656614
2092861307
2059684172
2578540265
2312992226
3227676295
3360804072
3331145173
1706387422
2522882131
402070596
1871506817
41671578
3958171871
498144096
4096762349
825101590
533517355
4064038460
4163979033
777975890
1910418999
2234591448
1458997509
112417102
2238186243
2195701556
2008601521
1696443402
3256950415
166456656
2926727965
2262445190
536939739
1286164268
361362249
3509245634
2848561639
4197925064
205479989
1154705086
3260240307
190635556
1171719649
3411368058
4170809407
1327825728
361107533
434890742
4135989643
3543813148
1662937977
2789740850
3598594455
67310776
1954202469
3909914670
3953986659
545093908
2007663633
3926515946
3373338095
1574655280
2044582269
3527032678
323437115
3604890892
923905961
4286424994
1763145031
586392744
4001084053
3591755166
1858089747
823169028
666259009
1273120090
3355625375
3259884320
346861229
3915133654
2364489451
2688825852
4232495065
3159530002
2238735607
1797779608
3654626757
2019964686
932693443
2611290868
490562673
3242558922
2494147919
343649552
937791453
1521009222
3504940955
1608198892
1650498569
3121473666
2988703911
1954478216
3336189173
909423742
1627309171
2659856868
4232234657
3495600698
2298527487
3894653696
2117827853
1396108726
1398799435
500307932
2378318905
1136038642
2290960471
1251458168
2795358245
3749203438
3833605923
1204731092
1971942609
621320874
1774386351
3167024368
4213274173
2715661606
1061076219
2853699788
1200535657
2182322530
1690778631
1557216360
4210222933
501744478
1248265683
1698808772
1989439233
16150298
376137311
3986584288
1791654765
657725590
640706987
2354832828
766048409
3953916882
363649975
1850374232
107778693
3841643726
1505642627
1953646260
1504097585
2878021514
959773711
2712612048
1646890141
1167136774
2963276379
4094477996
3803448521
3032922690
2363041639
2246209608
4234004917
3790062142
3360749363
2460960164
365119329
3790449658
4145724863
3149275840
2129766861
1359721334
1303938827
2824446876
1041423609
1063965874
2393317143
3728221240
819563749
3953511342
3937014243
1829224596
1856841105
1191515242
2681711471
3392296112
2543178493
4286245606
3815045051
4163992716
2078834985
2338278178
1647428295
3584726056
1219681301
1928065310
1679071379
810203012
619139009
3547879642
1575404831
4150444704
3947431981
3631595094
2119193707
2856538492
1830285657
2787843474
2169770615
3730358296
1769781061
4063310478
3600517955
2030512756
632604145
1169062218
3867347663
4182142096
1375619421
2773691846
31825179
3976077932
2806263177
454380546
1219038759
1847699464
1770659445
1571590142
2466900467
1133255012
3138947105
2446226874
698842239
27021952
1818793613
3777640758
3629109707
1183903580
3033544121
1663358578
2810951127
4003744760
4293792165
2471823726
1223341219
3689448532
3151337041
1371491882
34544175
2917364848
3556437949
684843174
2725900923
2229975116
1155467753
1428208866
3491170695
2906631144
4101738709
3403783902
3062426451
3454757700
3144609921
891814554
3845448671
4149924448
1256740077
2866881558
3893296939
2914680124
1532209689
2509242194
3878029623
3407005656
1338350597
97079374
1492094467
3575893556
975673009
1903137546
2471745935
587295824
3961767453
2544829318
3346659291
4000267820
2161186377
112827842
3025384679
754753480
2334077749
2135104958
468294835
3437276452
3573713121
834469754
3345414975
2979414592
1533035341
2438102774
2783304843
2352479004
4072296057
950310962
1375407255
1805398968
3231405669
474351406
