614585355
199265436
3452088825
1731634610
843496471
450960696
3919852005
682503342
3552378595
4067150228
4049050257
1095435626
3161122927
3707399600
3065321469
3331288038
3285550267
4212565388
4041315881
3345177634
3056377799
2725629224
951763221
630231582
3348546963
2161442948
1979909313
2835253722
1983726111
3734313888
1766690093
145653590
1729634667
488028796
3198830169
1702325906
2306486135
1289107736
3574717509
1921127310
2371680323
2001187700
647084785
1199893066
2020394959
4168287632
4248309341
2562731718
3855919643
72338284
3770663561
3501841666
1019898663
870408456
3908862837
1203351806
3923416819
3054690916
3775315233
2500142778
1727297919
2152934272
3878132621
3051059766
2654346955
2599475292
4119136953
2251401074
4084749015
1698055416
2139993765
3341707886
10133923
1833274708
270863185
2942713642
3499054895
934579568
2492413117
3235340710
623345531
317251916
3223133929
1621478882
329180807
3526616296
3029890517
1821851614
65542227
212776004
3681527169
3394188186
3736625375
1003891552
2611075565
2890589462
4132686891
3588679228
1483407129
144527442
4128843319
1073299672
3836723461
2104176974
3838704387
870143796
1462340529
2670134282
95065743
4122412368
3948055325
1821181062
606471387
1968826156
1527884617
1683959490
2525106663
929388744
3710294069
2028027582
51857843
2720036388
3025518049
3709120634
3026253887
169220928
4216604749
1739898870
130623883
2591089692
427041657
133327154
1127524759
4111936696
202373989
2280679470
3712943203
646385940
1891056657
2566863082
76973551
1232235824
4229566845
3852015462
4045945403
4128955660
3384108969
2770206626
1296821575
1500363944
2956913301
3981421982
3233819411
2413832196
2261845569
3180174682
1791377311
2685074208
114747053
2144406230
3605935851
822530556
3065542617
2070475282
3097681143
3632793752
155608517
1970671374
2037759427
2629483252
2649103473
2066144714
1714103631
98485520
1300088797
2444466758
109453211
3684942572
1881166857
3357163650
3956570279
1782911112
2272881909
3868888190
37403763
3949316580
972652193
3086088762
817903359
1856817920
1254208781
2824324534
3558536267
1579200476
4199545913
909699826
1614528599
2051265656
4226482213
1890854382
882517795
3924841684
3956157649
2144727722
1866495151
3119779056
4061507133
4069821734
1251456251
3899431116
4268388457
1317794146
1374925831
3621999720
3362660181
494525278
2027879891
3324599236
2162632449
1954137882
3777420895
2733869792
3752637293
2969628822
3685179819
1647738300
4199723161
3885650898
1876382647
2789380184
261474949
1080208590
1981038723
1570758324
864513329
1027897226
279868431
2963948752
2289681565
2784227334
263518811
1525505708
1890303177
2511016514
2340527975
1279297608
3837067701
3869612606
3255103283
765648292
3669098337
4150068218
47330751
634862272
1781522893
2240056182
904625931
4190124956
416847097
449129650
1229821719
1685863480
2078196965
1194959790
2436631011
1128355988
438951313
2779409514
3880592239
4042878128
994183933
1703527142
339079099
3986560140
251410729
3601834786
3495312071
2908007464
1508250645
852871454
1728352403
726290308
2456946625
2698227930
3365551391
2622479008
451100717
765105750
2537507947
1563814268
66693465
921793938
2054589047
4176009240
2220748613
2213612174
3312026435
3796681332
281902577
121622858
1005880015
1037665424
3238429021
118359494
2188547355
3606493804
1836311945
651273218
2219410983
488095752
2979616373
2395105278
3711295987
3298275684
3208593441
756403642
290911359
1733651072
2925448845
3439006006
536529355
1091536732
3050171833
2136419954
3173658071
3816842232
2024491429
2436948334
1039445155
2117737556
1418350161
205301290
58495535
373460080
1549739965
2084092070
4039305851
3379515468
1814741481
2001278178
926122375
4186031080
2170996949
589526750
2247156563
4211278660
1144105089
3025885850
1742756831
2749360736
1832553709
2740845590
1551234859
3586463036
1953325593
321804114
4148199735
3761954776
3026113541
2782996558
305497603
1451320884
4000861873
3134778122
3736949135
3039593552
3689152029
3535920006
1635708891
4085241388
926469705
2504914370
2766941415
3700078536
1793485621
3031496126
2928514227
3422831908
3496034529
2866567034
51278655
719804992
739146573
209409782
1158206603
3352204060
3522168441
3987664946
982615191
3876604856
2668662373
2492063534
1166282595
2795151380
3014622993
1967955946
445563119
294612016
2586641533
878800486
1123984699
4288695308
1186335401
706234018
3041626183
2620038056
464534933
2753750174
2422470163
823359236
3739617601
3771778138
3317250719
2439232032
1265801645
2148213206
1040933355
1067712764
2892880601
3859872018
3304404983
737716120
2891479237
3421701646
3342354627
2784872948
1162338161
4191143114
2949177423
3731047440
2110929629
3872354630
1872366235
340308460
1589278473
3135244162
2083099559
1247375240
1297891317
3996205950
1355548531
531142884
3067609505
2188419386
1052291583
676137472
3086936077
2445630646
399875915
3787284188
771678009
2945217010
4430679
518779768
1540264741
1456774382
1923756579
2283987924
274296785
1654282666
1128509359
2325744624
4184580413
1271129126
766058491
3555788748
2405307241
2833070178
962481927
890188648
3313660501
731124318
18729171
2302388932
1800350209
401862170
2833570143
4238035424
3930809965
4049733526
247434411
3465718972
3434812313
3646511826
2186587831
1809985368
957013381
3689325518
254921603
2088889780
1308373041
635723402
634859279
1094566864
194066333
3774269190
797173083
1561415084
884531145
826792258
1489091175
3863209800
1438307509
2432913726
2662414899
1531227300
3680731745
2240981754
3944067263
3611720128
3874493645
1788420726
3407948299
2728127132
1253734393
3467621298
218133015
4208155448
3685046245
2648775342
1344738531
2928863124
55058577
367383402
1415274095
3912526768
1054539261
1075845606
2474793659
1243710348
4142062633
1834478114
1915475399
602901288
3684525845
4013359134
316562323
2134613636
2989296321
193255386
2552444959
1028037024
1048900397
3844255062
1632794475
1985026172
3054832729
3603397778
2384389495
4021778200
3879076421
2071724430
3571584579
1171116404
22364401
1624684618
2007514575
628884368
2850092125
519560390
3824975899
2979637612
3388213385
1380281090
1232380199
4027195144
1086466421
3001491198
855452915
3667427428
1724105505
1174566074
4008013695
1871948160
228721037
1689692214
1370191051
3727308380
1759695033
349746546
529008855
2860942072
190110885
4017051758
683325347
1705683796
3845886289
2431585578
3835022639
1426885488
4013628093
1328943014
390747515
636600140
3993265385
2974309346
3463715975
2290852584
2059475925
3838553566
3227889235
1322472004
1010805633
759398810
3660863199
1797630304
4242489325
151851798
2290360875
3936306236
154912025
2283494994
118742071
3342368472
60417797
275980110
3272151299
765556020
403902897
2355548682
2616986767
2464023376
1031893277
3197284998
2411977435
3047277868
4012634441
932756674
486688743
1735136968
2335325749
698133694
1752162227
3110343716
1102627809
360709754
4041731647
3908344128
1087680077
232648182
1580498827
673727004
2302142841
197621554
3063570327
499477176
2543657317
2436847150
119872099
3106549524
3472081425
2507540202
1253243887
3051907888
1330378621
1992672614
465637435
3944856332
2776804777
1852738978
2096571207
1118010024
2142081173
3255966622
3295920403
4089628164
1380387905
2934958938
1977103775
1576565024
2585414829
3403757782
2534706411
2671587324
653213145
1460994066
3421737719
3257222808
2599848901
3230399758
1147589571
532470004
183870065
1247062986
1234344783
1361298192
1798483421
2642888774
4120507803
3437863148
891329033
3137457794
1646964391
204066440
1909134069
2330196606
1506366067
3546769380
352486561
97208378
1474112767
4213786880
1430788877
3016684470
1669089867
3562409436
1819918905
4248566002
284653143
72356472
3980273189
2299597806
3055959331
1959883476
2570105553
2772091050
2641554095
3012037360
1674417213
1955543846
3282471675
3715200716
236828265
1586134882
1819601415
4059501160
2267202901
4241115486
2580059091
701102532
4244843777
2185893146
835638367
2910783712
1257642349
1482628758
1606662059
3354057660
804222617
1836343762
2071857591
1883098712
2047602821
1904646862
2210092675
3353345204
314372913
4234167690
4146850319
3893183184
2545199773
1502977542
2554253403
456211628
3968991945
1983946818
1739445607
1577272904
4048332725
746391614
3788080435
3294788516
1231095137
3903083002
1250241471
502380736
3753658317
1682553206
2487407883
4134771100
2473089785
4076223154
761220375
3454433848
955771621
2628030894
3229491171
610301588
3702678417
33372778
3012925807
3047910064
4051693821
3327291622
4055549371
10547852
3633676073
4217123106
1269657799
4131809832
3990927893
3400808222
2065966739
1823010180
87297473
1494351578
2497196831
2977519776
70428205
2672215126
1968284267
1483229052
83652441
3036251026
1953710199
557979160
765072709
3374512270
1808177475
2445992052
673776625
3293159242
3683121359
2673509008
3888605021
1350415302
3128060699
2218301548
641739657
3272946178
1011596327
2629336584
3329686645
606590462
2603644915
3893710692
127157793
1338710970
2946493055
2299390080
888222861
3977133878
3813154763
1648420188
1053012921
3065396338
3398558679
2856886776
1737125797
1371131758
1894564515
328677972
4063810641
2910680106
601557039
3826420336
2099449277
2848941734
1220395131
410005068
1974077417
2124653282
2304817031
1867612648
3500633813
563078366
1665562963
4162822468
4086935169
2768742554
3853799903
2175232096
2056254189
1297623574
712920363
74806076
1188440089
3613680978
3583194935
3841072600
39909893
757143118
2806553603
2839381044
66704561
2211494154
3982935951
2127266384
1076552733
2684324230
1593099739
2881467436
3001750601
3141501890
2932105959
3356063176
1846153525
1201955774
3770559155
1514136356
945571553
2365564282
770533695
876468288
1772544333
3688662262
55323275
2877157660
1867238521
3527147058
1733245591
2302052792
632665189
3994078510
3526501731
1312144916
4068738321
1769696746
1157838575
645753392
1266084477
482745446
728726331
2829003276
370888873
3793802402
1414446663
1020811688
204923797
3072152222
217025555
3354268932
284430145
2548765274
723726495
4123605024
583925677
3495120854
2450110443
1070751484
1446813913
1047856914
2107502071
2332943768
86023877
3275813902
2701221571
4193773556
519005553
3702887114
3817363023
1310736912
1168056541
635117382
1216733339
4119236588
592624905
947885442
1305987495
2679516552
616949237
749908350
3442646387
4137826020
2222524321
2986471226
741189631
3611396096
1386040845
2121566902
1729033547
636140764
3854607673
2403827698
1113018711
443560312
3761879333
2003405550
2936948771
2684092884
3058955729
3082233770
768484783
615254512
1631291197
3707146790
3163551227
4109231564
2863225193
3751003746
2604107015
4271567208
1028593749
18645086
4074725075
2547271876
1711484929
595344410
736415583
2778646496
833408109
1442330006
2125718187
1044318908
1408227737
334194898
190014647
2740284760
43582341
1900188110
2209407363
800721844
2982786609
817376394
883729679
2501427664
1558453661
2144367878
4192582491
2236427180
3359057353
3566561090
1749413991
2742986056
3882515125
689094462
994955315
1492929188
1420462177
2425485562
3508577983
3923310528
2224323277
3801501814
1095794699
3846654108
585252345
4153983410
1516906519
3451230520
3285614053
3011774638
2453744355
2494170516
3597182609
3656425834
3036402799
1180592560
2201019389
1746978790
3739168955
18637196
3826524713
4038883362
215681991
341395752
3232763157
894266910
1339421075
3818011780
3146191041
4185597402
1857629727
3907524512
2615957805
3423001430
2201800043
4084954748
548393561
1099401874
3715341175
2106111256
2273978437
3706056590
974595139
3057905524
3041445617
2711127626
395555791
2608136592
2864306781
195005126
3050591771
1054050156
2992131721
3913349378
214882087
321051912
1924648821
1384418558
3318727411
3708690020
3518023969
3127886522
59139455
2747541376
1414293389
3590444598
2228275915
3176371292
1735431865
3572482930
1850195671
3536240888
3175875237
673203822
3330985379
2013251924
2877429585
3521633066
1900823343
3008661872
907477181
4228169126
891104123
2431294796
857451241
1331358178
402215559
2647875816
3004809685
1232083934
512967763
3873960004
2587865473
2343030682
979389663
3613730656
374121965
3762241814
4066670635
323461692
1564248857
1896442962
314479159
694664408
3769896197
1810566478
1861494531
3109393204
3794573233
286695434
2197652111
1760887120
333469469
3876085894
2131865819
3319374636
2994091849
2420263618
171081191
3999454408
1131275317
2127043262
3346560435
2660741668
3830172129
2170244218
1780409407
4240643904
3599045709
3866565622
3830437259
1104125980
3022761849
2970387762
4239398295
425961656
2035959653
452871214
1454059619
1438469396
1314932753
1633473770
3112137199
1397647664
3199065469
2523034470
571074107
672700684
3363828649
4113505186
3948042567
2060007592
4048303765
4081355166
433542931
2643813380
1257050689
197278042
2509908895
1221981984
361607853
6383318
3739935467
291737084
1784021977
204541458
2314488055
1991410840
450277829
1142024974
2366106051
615446260
2973050993
552761802
766120271
3310928144
1024955357
4023055942
408800155
2115993324
1498472457
2740542594
4012958887
4110322824
2521610485
1134389374
1527244915
2035877348
893094561
4145321530
1806312191
2895496960
3757998349
1639326134
3532496971
3329977308
3386083385
3585017586
1147350103
1363955832
1690389541
2447245806
224547619
4188180692
2546153681
168791722
2757058735
3456895216
565541437
4110018854
3362087163
174478540
2499869801
2616790370
1973821447
1257951336
403139413
2827663198
3160549843
3277494212
3595514625
1804231450
1193724511
3573188320
3463413613
1512918166
462425515
563034556
1757166745
1019113426
3788816311
4113108056
45225605
1260030158
3205655683
2752518836
1528985905
854332298
2388221967
945832144
2334101661
3282521094
75015771
2338658988
4155001033
3158715970
176819047
2796946504
1746161077
4140070462
1530796851
152181156
759171937
3982204922
786964927
721172160
91794893
1434380150
2185898763
1595340700
690495737
1284982962
1143014167
3930110008
2889945317
1384087470
1970288099
4017067156
543877521
230688874
143527791
2337106096
602789629
2508922598
183475131
999542924
1230947625
3178807074
1706337991
1848125480
2215338005
2667750686
1089715347
3556215684
86381505
1556106458
3586533663
3549615776
900860973
3680694870
991164523
931833212
959395161
3966865810
2032137847
4102771736
621165381
650438286
4023627587
2738421364
3635710449
1757637962
3687542479
164331664
582503773
3227345350
2250391835
3513415276
2654761353
885571586
1795027495
1128872968
1971626613
2919056382
1658523123
2843929956
4112075809
4126173626
2593710207
2947966592
2612238989
2408672566
3863311819
3747758940
317290937
3750054514
3131677143
335601656
1016698277
3802316142
3650410659
2196002900
1092049489
1848525354
2095676975
3000141936
1243018173
3050706086
2355664507
2137066572
1448693225
2473472226
708701575
68239336
1377309909
3429651166
2722893651
187449156
1613870209
1361311386
2285389791
1549723232
1399021
834820118
2419499819
118870332
2087644697
3305796434
1855319351
2224643032
3465748485
1020331086
3389764099
1307157044
3802880689
2755168010
213925263
1096450128
3902917149
61683590
2686098395
4092564012
499997257
648090050
3746339047
3396875208
995997493
1057477054
3432956083
1986756900
1971801313
1653797754
1434214207
847533632
3077523277
2645406454
2973728907
3676131100
2279051897
406391858
649916567
3192702904
3263879781
2282208046
1150303075
3217087508
310938385
3977919466
1478995183
744187952
3639660669
1402653286
2945470779
1502480396
3970995881
395928226
4060214343
3967162280
1592625557
3867656350
2603295251
1689826052
808588609
2054512730
1698506399
1193195040
2723767725
3406527958
767036907
66108668
2470143705
810095890
2700518391
1964188568
202949829
3003048462
3095033027
2413954548
4056345457
2265669834
3623341135
2798469136
2174486237
1800850758
354530971
1454665196
119210761
1804542850
4130733991
4228049800
4133456885
1067720574
3007918963
1267455204
1464470945
1157840186
3327303167
1797654016
762033165
3449010358
1442335563
2785549020
1219652409
1081249266
3340437335
2565107576
2866077477
1215199470
2166513187
1908744148
1837005777
205780394
2970131375
2678589424
3577441597
748240934
2535902203
232440780
4247035753
62542946
2881534727
3340152680
1196146261
1662316126
2790323411
2623334084
2112304641
3396635162
865387871
731006432
1363030637
3573441430
3864541355
1641769148
2656346009
1475180242
2936150711
1438165848
2857838981
1863221198
3856660355
350366132
1053244465
1929116298
3023182607
3252928464
1382482845
2501518086
1744277851
494471596
2867162057
2639459650
4269418087
1470718792
2739544245
93465918
4053427763
3299076260
52530785
1862354682
333159615
3512432064
2456346829
755203702
120575499
1407362716
3594126329
1643237298
2592333335
327669560
574071781
3918984878
436945123
615588756
3938004113
225144682
1582058095
1954047920
62310909
3197203942
636225211
2684829580
947218473
3515942434
104481223
4088596264
1743958805
2010373150
4269639571
769186436
303109825
4074861530
2046764063
1635358112
25411373
1029376342
1289167723
345363580
2121963609
632789138
4151857527
1984557848
906907205
381672846
1023162947
1219104116
3261877489
2311738442
3626969551
3663593360
2143469661
3736549574
3680250907
738026860
434934921
363628290
114887975
489397000
4275926389
2794584830
575822067
1030995044
2714619681
1917653178
618093439
2632230272
992398733
2310865974
3081117899
3094147676
1898863801
1182191986
1605858519
1576468216
359868581
4047582318
1510663075
608495444
3807944017
4065372458
4138907951
3532425072
3911378621
1195600806
4271899003
3553852236
258142441
3135076322
1882097799
2450202344
3718408149
444893662
2658196051
1424789060
1970255745
1702632858
2134655711
9741664
1743391725
2984341270
3019165227
3487563836
3563933977
1130854994
2568570935
3867605720
4227740421
265485134
1754217731
1459204404
896933297
2906025482
984545423
4160487248
4000267549
1710100102
1913620187
637632812
619740489
3998996674
3725767655
1279890120
2245626421
4167272638
2687568819
3518713892
470732769
2695273082
2684738111
3313603904
1013283405
1904232950
437988235
1734802972
441415033
2009174834
2507525015
1743906488
826764645
2771202606
1273054819
2084596500
1862061585
2092147434
3506169839
2711906096
3393176445
3295617382
2214771771
754939660
2997696937
3110054306
408784711
2178873000
2233130133
15136670
1089137939
223871492
4039317569
1409582938
1242309023
3768808736
4180744365
2689701078
779172075
125430780
15518169
448601106
1923415799
1982841496
149346245
2147997966
3545825219
730928372
279228017
2130724810
2456913743
3799891728
1126988253
142517318
4006715803
1866816748
1555113481
18934402
317135527
2764262024
1962827509
2428950142
2247523955
1564124132
446992545
198042682
3961985279
49431808
1793386253
839733174
2706306635
3029387740
2455588409
1066538226
2055135831
3778580088
3799282213
186314734
3125700899
4167282388
1736818385
777280682
65525423
2306868976
2882363453
4090795814
3637786363
4014682828
320094825
2262276962
3985069575
1659801192
4212920661
2696619358
1621868499
316356036
2362128641
2956636442
2704195679
2573599968
3927500141
913013398
2399953835
4012087228
616104601
3581443538
584807863
3036957272
696794245
1293842126
2820244099
1915762868
2360868657
1625809290
1446434319
564346576
3803870877
1680407046
3563224155
730396844
300846793
3887840322
4095099239
2790834760
3373003701
3313230910
2925703475
2075244452
105845089
2239950330
804984767
3438720192
1533350861
3643020662
2147582219
3014284700
1511515897
2812827314
227719447
965408312
1438267109
3905580462
806505443
611234452
1699966865
1223874154
1714849135
4057949872
1384889597
1395903718
3755241915
511094412
3780643625
2634370338
2657868999
2499405352
2623931925
801182494
947081875
3778423172
306715073
736008922
191110943
2191283360
794915373
1643061334
1753632363
2057110396
546437977
1566154642
142388343
4072968728
3936510277
483841166
3515925827
2526485620
2725253105
1957509962
3166627023
4247551632
4057543517
3601665990
1703024411
1049384044
1432926089
4226567682
2422220839
2429155848
1052919925
2890052094
3023414259
2296417124
130961953
2676340666
1380046463
1531896960
1655046285
881105718
2834484171
947102044
2990489529
2042910834
225529815
2695437816
2010692517
3288050542
4159499939
1277261396
3240484945
3461287978
2393371695
42108528
1127930301
541901478
1002663035
2118249036
2386072553
900251362
2580226951
935394792
2243476181
2746794206
3271664979
3022576964
167361153
951075994
3479977439
3020317792
2110439149
3499918870
228522283
1571172156
2503455769
1545634130
1112056631
1060149720
2566211077
1425076814
4202612739
3297099828
177004721
2618316042
3167335311
2094628432
1430827037
2110449030
2767221211
1276080172
4158627913
1467129794
3062157031
1675030984
1390501173
450576318
4063188659
2693209892
132272865
2878751098
4189803839
2780484672
2506599757
3522093302
3470972555
3601640732
2610124921
1067850290
4175079063
106104248
4119855205
3798903086
480137571
2067528212
2478641425
2150173162
3556516591
2737399344
3264919165
1491040358
1331767099
2456610316
1249238185
1250029730
241510983
721671592
2480156565
2992778910
3138828307
2272481540
3164609345
141536858
4094106783
90453024
1242876845
4029918166
2434163691
201267964
3815386329
999105298
2935970295
1778934168
1094773445
455921678
2376305347
3887866868
1036939633
2026974922
219628111
1751793168
2982735069
927103814
1433242779
3084012524
2316519689
3557732738
4114888103
3745491336
1109996021
2802158974
2198849907
2657448676
2940933025
3144977210
2368181247
1677362176
3362396685
4280477366
1687265611
3793058012
3604230457
1124965362
244235607
440970616
1000342821
1239639790
1759933475
2105425364
3050897873
3762340778
1290998191
2073298416
3580580669
3131829798
1030595067
2662834636
114287977
2505106018
3942248711
243428712
1668834389
3514653790
2607975123
383091908
855325697
2363283482
1073003359
242598880
3372193901
4000616854
3316420267
3110586044
736716185
627016914
3982545079
51112280
2957332357
1430941134
3049196931
2885306292
1962197553
1823459466
610767119
1201585616
1813637533
2698236166
4189677403
2777999276
1556328905
192971586
2606652519
2193891656
156878517
2793511742
1100414003
507217572
1724421217
2699072762
860263103
231601088
2423080653
3386944630
2629774347
1852703900
3837905401
2377833906
1296929815
1279923512
1992870373
3222922414
1736791779
3735568788
3225006737
810958186
3494690927
4085409200
1080864765
3279037414
3903380667
2799836556
1946594857
2413138978
3729356743
1107084584
1365596437
919226910
2664766867
3725555844
902503617
2008531418
972364319
653988768
4014679341
3105830742
1042381163
1503670908
1333091929
56075922
1546454903
1509634328
1925346373
2835991438
1569804355
2097163124
2831143665
2574000714
964337615
1647771024
2835064413
406775494
3566469659
4179051372
2159073929
1468536066
3079881511
2384746760
1697848181
789539070
3364155123
2076793444
1461376289
3986316986
3537391999
3673498496
1110520717
4293407286
1781233355
1333153884
102507193
3916291954
1943481047
3424075000
2479509157
3402769006
1664809379
3933865300
194978641
1915320106
4106825519
850691440
2287914173
2968656294
4090681211
1856788812
47855337
1943012834
1460911751
3845315816
2052787669
3624466398
3221123155
417410116
1305460097
985688986
684210399
1723081568
1907847661
4260601110
1295328299
2691194428
4006483737
2134214738
438566455
2123774168
3581434117
2083187022
802837251
2257440564
2448401329
3771087882
1125150351
3220372816
1294869277
3141778566
3904724187
1444503340
3332031305
3521472194
413329895
18895048
3530895413
376370878
1922671027
3536776740
1761727969
4083279994
312266815
3274707776
4067811405
788101110
2140569995
418274332
1000553337
3756433714
15434135
2305828024
1063555941
2949390382
1724341347
2897447188
2965984273
1736077546
287858159
552232240
4060195197
2162937702
3249246779
2044089612
3825893289
989869986
2216215879
3622089896
3139011221
1794729374
3115221779
3272253444
3284737601
129422682
321787807
2774594336
3305406125
716292822
94867179
25184764
1790152665
45689362
101037303
1084031128
3844537797
4100835086
2539263427
3026399988
2839819377
3833468362
4159241551
680705296
4252065757
1738691142
4176836507
542849772
3208735753
1415084162
1296912551
2608334984
2380268789
4066395262
1519719539
4278993380
1161664161
3287757370
1498681087
2118042368
1979403533
2765389238
1338002507
513157084
1175917625
3135578866
860526679
873778296
3864500261
1959255534
1022000931
4044672212
2289583313
2450074282
1009405103
1709442288
2182432317
4045358374
1962085627
203428044
139954281
2670078306
1410894855
3117567080
2959128405
1700500318
111498707
2555106244
2692169473
3495624474
3219568223
2059502304
502418285
1830398102
976796075
2963797436
3823487129
3080883154
3197250487
802130008
1854825093
4153566414
3201341571
2990560948
662537521
106147722
3468971023
601242832
512056477
3139086342
2281460315
2073876140
3143947465
2023836226
2756867943
3706421320
2486409653
413356606
1530349363
2621527460
1418598241
823802874
3451784639
2212573888
1635875277
1866023798
224974603
1949152156
2788666617
2217305266
162819863
1002779704
3043187941
3750058926
1885626851
1130221716
728495505
865444970
1284438895
1767990448
4250510077
2135718630
4033431483
692685964
545345833
436329250
1976767175
3938165800
3069226005
4243554590
3785549971
342148996
2895781825
1181542618
3048346911
1050006176
1900075053
3001765462
2108204139
2711576956
992264537
2276568466
2726912631
2616053784
4268656453
727237262
2432555843
3957668468
89888241
1745291594
4267858639
4185750672
3576306013
325893574
3633442075
1268658796
3418684809
2558516226
745692711
87734280
2721050229
2667061246
255867379
103688548
3216201761
3431663034
1452985471
198664832
164128397
1541916982
2874155467
3983867740
2630157753
91448946
1122567639
3493944312
2571624869
1975818606
1274348707
4014904404
4066666065
1306517034
3642124847
1394771056
3901669309
1764978854
3603841659
2501036108
2638731753
3847441634
1476942215
2321595368
3951648981
661991134
1164393299
1930787652
1894891649
3685520026
995111903
144564832
1940923629
2850468886
582438699
2284227900
288389657
480677714
3500890423
2495076312
3783748613
4118863950
3097615875
2366758452
4221462193
3948421898
2105747855
2974317648
102733341
2388169606
3983951835
874466860
3240224329
3451137474
3027043559
338014152
882180917
1528737214
3513773235
1486011684
1869437153
3892940666
2594851647
232870464
2207257421
4171239158
3694537867
506202908
712973945
3364038706
1571314839
3779675064
1053107813
2101712686
3663488867
10950676
4129396497
2728908778
947951855
182936624
2289343613
2895390310
2330066235
3543909388
2943034025
4208623266
695754823
2021757864
720033173
2595003550
3971108371
2954751748
910041409
3252288602
1468076703
2962862624
2583703981
3217807830
1009039851
3623713020
3335058137
3762368786
666374135
3924664216
614011077
2076884494
2692522179
2173059572
2198206321
839318730
48674895
318192656
1445319389
161360198
2305385115
2564827628
742100745
4059971458
3405933479
3379324808
2283984885
3805739902
3162922867
1865355492
209459617
2505431354
11307519
1103036928
2744680461
2468484278
316340043
1511184092
270923577
387492338
