4130801395
459575908
3259804961
1395807930
3227511167
3379026816
190090125
3821251126
639667915
3665332316
1871248057
3120879474
1783743191
14742776
2572723877
1646041710
1976766883
3452124500
984021841
228552490
311871279
2025143664
1471685821
1770754470
829288315
3004993868
2866613993
906296802
2257868423
1665832168
1289709013
3687935966
2298251347
3814220868
2385352065
4220806042
2690371807
532863840
2898708973
2999653654
234241067
2982581820
3538349849
310935634
3693778487
3514560728
2322772229
66150734
3770575619
3149072180
2435021745
2524460042
2649360015
3884954960
3111353117
1943614598
2384753883
669357868
1145674569
4124466882
649036263
2488535240
3747973173
431189694
2632169907
3592562212
881569249
1299308666
977037375
886754112
3044096077
3536646134
3408107915
2124977180
275256185
871733554
1954421143
2826034360
2043341669
101619758
4227298403
3249848596
3056151569
4117260522
1326314991
2552438064
2436039037
3615311718
3571362363
654216460
761616297
1051537314
3601947975
2922671272
1484118677
3417955742
189045523
221894660
3497981505
956484954
282701727
3181882144
636212909
3682679510
1644209899
2308342268
2787403737
360981010
287591671
3652892824
2063160773
4146872078
1456876995
926968564
3939503217
145231306
3201996111
1567061264
1703851997
4197435974
2146733979
4141839084
3393733641
3049353346
1248979111
3806576776
296246517
245152894
2574724211
2652338660
1226796705
176106042
1393272575
723614464
2328798477
2157966774
1122329675
2533908444
1580461113
2322340594
3153408087
4115563640
2912284709
33707502
1823643427
1875772628
1009786065
175055530
841475247
3327442160
1226743357
1571339558
1975395579
1509968076
3406454889
3695911266
1640571911
2690253928
1888816981
2601782110
4174605779
2587036612
1367676673
1780414234
3685371487
2856336096
4239500141
2447450262
1244254635
3883281852
1320067225
1105560530
2865284023
3341107288
1027127941
3980975310
2766450819
3134557876
2204196145
2432018314
2580407311
501413072
3665474717
2678071302
143878747
2396589740
734244041
260194882
680464231
2425305160
3872649653
3319253566
3333513011
251956644
1757933409
1545221114
831366591
603712192
539808205
4210867062
3223711499
928508828
3651962105
3341311154
1064765207
1463217208
1635366117
465032110
1388607971
1674512532
1702612369
2389941354
2460259183
1795824816
1144716029
2043540198
4140588987
1340195980
881600809
2292110114
3600526023
2574998568
4059890709
2141190430
2355691667
100925316
3657430977
1084809434
2274209055
1028426400
634925101
3282749014
1496431723
3206912380
2907019609
2171381138
131594871
3917187096
1576066885
2349283982
3047813955
2989650548
1402433009
1361117514
1703146191
1891775632
1022849373
3253351878
1791034651
3549588076
2038158729
1557713922
3485922855
3709235208
464012917
1428461566
3209843187
2225693028
3158650913
3556965818
3162662015
1462377088
3393961613
262357302
900020683
861353820
3281116601
3018481266
3183713751
4260041720
2184591781
3639546222
4176288931
3916942420
2328641105
2201343530
121897519
2919447664
122165181
1772939430
4207499899
3429040204
3668619753
2103985378
2749952391
3109581800
4184717525
1864214238
3234157395
2355934020
4071594113
778078874
1531169759
2391579232
1444904173
513682454
3789055787
3294938428
1655263769
2111407954
1192358199
1350406104
702661637
958879822
870708739
1226249780
338837169
719985418
415023503
1573205072
1908731421
2127432582
2839371739
1758168620
2217786953
3078956482
249142503
3359205320
753228597
2453874110
3726247091
449180964
743911649
3287910266
2594825023
3161197120
2649451341
1280542454
1445151883
516309788
480507513
3664912434
3046831255
3643472824
3163258469
2137526062
1777106787
210259988
3303108369
2859847658
3871748335
1996495920
3607491709
721788518
3832878395
1396964364
3995466409
3026679458
4168153159
3752938408
1671900565
525145246
1353213459
690824964
3830708545
1694889050
1569499807
1975544352
38242733
276517334
4141732331
1794355452
3482962649
2699831570
1194764279
3421198232
2915788997
443102734
2321070275
1799584244
1039257457
3222336714
1782075471
2896950288
497232605
3020661062
2261285531
2990825964
3701630729
4182194050
1955005351
297279368
1464545269
317944702
1036547955
2904180964
1639838113
1035850042
851714559
193051136
1875630093
4274883766
2489323339
1298468572
2778910521
2222957042
1706888023
2562106232
2100921125
350407918
1887609379
2562757588
3967508433
2247330218
1206591407
1841347568
3090452797
2073564198
3599732731
675592140
1606288233
3881592930
3270754055
2890261352
3446235733
99500638
3067230419
2550487748
3081574913
3596164634
1428703583
2326264288
1594906221
3338811286
1795292331
3868351676
349635481
342133458
2802196151
3951353688
3060649349
361550798
3821157251
3296173492
160833585
1918209674
3501629199
3845551056
2773624733
4284675846
2250397019
3552378284
3549482953
3151956290
1334782567
961713992
2543436981
754286910
3105729075
3613809828
3308876385
319806202
2878415039
3156945344
3568108749
886133366
589011467
3539180188
3746457593
3151160242
3437879831
2890795832
4043327461
1595886254
2540668131
434149268
2589593745
1466893162
24301167
4194638768
1871965693
3643034086
3017329339
1327838092
3761425449
2416384546
2989573575
2127969064
2473875221
1489055774
771935123
1421168260
897252033
874121178
3369510943
620972448
1631183661
804445526
3506759531
721471612
320928857
3254955154
3309327735
4278855448
3498635845
3495047566
719486531
3228795252
1876898033
1668802634
2197269967
1327805328
764535901
3197373638
3926585371
2968869228
2042361993
1493998338
2930905383
2127089416
2861635957
4127805182
3940130035
4117377124
2139730721
3585057978
3956334463
103307648
558821773
3156138038
4111852747
2201085532
174506169
1244390770
2850126039
1135686392
77581477
3822946414
695412643
3685243732
658342225
547896618
2854042927
1133329264
2179205821
2171223974
521192827
2342874956
3762574569
3894905826
887721095
1998738152
3532131285
226876894
2969181779
2600272452
3866991489
4027101594
4283942623
1553095008
3179556845
4178395926
2074513963
3959354428
1798812953
1401327186
3232058423
372977368
1222432517
2960740174
175735043
2331452724
697106865
1966604810
2008775823
4063671120
2602721565
257876614
3041020635
3987567916
2682511689
3935300802
1622128615
3789211336
217132597
1139727550
767315891
585483300
2037298145
3613208186
2588106303
3778627904
1785830989
578166262
3171872651
4057985564
665573753
3108677426
2070138775
1319115448
1691881829
3906831918
827165283
3923238676
2883957265
2740926186
2561305583
840506160
870639485
1915352422
2063040571
1636133644
2427624873
3917331874
2044498759
1961503400
1734639765
3657190302
4202180883
1721529860
326433857
1004870490
4285244831
152381728
3903798445
2417060054
2108095723
2639060988
2111516121
850407442
2012545783
14153368
740916165
3686935822
3980870595
264407284
2942276209
1230363594
1707215695
2519495440
2462293469
3481499718
2861065627
3987034348
3603466761
1244200578
4098367143
575176328
4219077365
2892376702
2626011763
999888868
1537766561
702052410
497589503
85850368
2228554509
3046581174
3989224011
1925037532
4158501433
1391405298
2150688343
2094711416
2120816165
1944011758
2042539299
271524564
17998545
1632891050
3822738095
1835580144
2320925757
1763928870
3930913531
344270540
3795691113
1305063266
1875532295
401457768
4006196565
870611294
2235368403
1934862788
3307281665
158287130
2412921951
3259742432
393939309
582962838
2848335787
1923779516
1808492185
2302644690
2314172855
1319140952
1194254469
938265294
4262184579
4204113076
974578481
1100051850
3284883983
3267752656
2033556125
2629946886
1285374043
3567053996
1865020105
295161922
3090892135
3218208328
1928042421
2234464318
301331763
3678677924
2398549345
2665579002
2629868479
3918948544
87635917
2202134902
3120383243
428558748
4223421177
551119538
3070803223
1042360888
2115164901
1252180398
2374406115
3664651924
3213120401
2621860458
1651313007
1564220080
1241047293
3826688230
1339110843
2825167500
2242211625
2395693346
3312640199
3219986984
3312953877
1358849822
2349373075
1021484420
3292659137
174534362
927703839
3757443232
1051170349
2664887382
2462323307
1607989116
365453145
1089778578
1431613559
1330955800
648873285
1790519438
663161155
3073413236
3262313457
2141900618
3365365967
3217240720
1933072221
3571049414
3728792347
2253670508
2043157385
2593939970
3142134823
4197920264
805694581
3825862142
684517363
1571225444
1008350753
3359132602
4266351231
3328350336
1079911565
1496739638
343052235
3121124700
1946657721
3972623474
3735770071
3258143224
1351966629
4075290478
3076862627
2488592980
1073398865
1442227242
2871162927
693320304
4153146813
549688998
1313091707
3773029964
3953784809
3863139042
3918931847
2359833064
137256661
654972126
161147219
4278800708
2576850561
2962020506
1016578527
2043943008
318038765
2987940374
2338372907
412427068
479336473
59741522
4175734583
313839064
392423941
3655812686
343477251
1901278260
20169905
3848399114
1793472399
2497983056
1703662621
2508962182
1647523291
2794153004
3345155145
4277580738
3425817319
3510117832
2944991541
2662765502
1003133619
3733033764
1272067809
4154250618
3909671231
2470611008
1258541389
3308565750
2951125643
3891634460
1635761273
1082076722
1977133719
4174461368
2729485413
2993618222
35296611
1235447316
2604004625
1344577002
347776751
3111000624
3620723325
485117030
1214638907
1103288844
1158365353
1307575458
183774791
1574898088
2477642645
1808237214
3098803219
3045573892
2380398401
765477466
2792792223
1738926112
153284525
3393421270
2791057387
279056124
3773337817
986724114
1398758903
1753257368
638815941
2872517646
799133379
347969524
1863931249
343327434
1635239503
166261264
4109373661
3164032838
2603896987
2567061484
3904548105
409388418
2041919911
76864904
775214581
1257562494
1705971059
965994212
1725888417
1053761338
3283687423
133576704
4192878093
352107190
4279854411
4145179868
2229572921
1706733554
3142631767
2444943736
3777276197
2398599918
946255907
3323572692
2851464657
210786218
3052770735
3041704432
4018435901
2521481766
1626760699
247567820
2190035305
2140337762
407696647
3545342312
79038549
2499194974
336842451
471726276
2850103297
1935764506
1000882015
1093367776
1441905773
353920406
3061207723
2076097212
2206976409
276207826
59036855
3765968216
528216965
3295199694
2747355523
1294973876
1155769905
1856593034
587994383
2794549712
2250575261
3887899910
201599835
2172181420
781129161
2158794562
311648359
336418120
2831772341
1048899390
2168078387
178125476
4127225953
1871653114
3038516927
2621286336
3788597965
1447985270
885714955
4213110940
1593191929
1715204530
2916325399
4239411512
951152101
1312962734
3842611939
2507650452
83531409
3438924138
1704150127
2226067888
57267197
178583526
2058723515
1268781452
1424233001
4109084706
3227548615
1287649576
3087465749
3629620766
1450860947
2928405636
3059024065
865097178
2196545055
1579468704
3995158829
2153188182
1315913067
1303062140
3845898841
1849866898
1746209655
3394987288
2422020165
3409715086
1536660547
2255069044
2069018353
364492362
3865256911
2996679056
1038797405
1958460102
4150445595
1135556460
2845851273
2441619714
2777433895
1063357704
3691429749
2401680638
690762483
2908737124
569817377
463270586
2750535039
2279135104
1467570061
1458177590
1136343755
3353035868
812943033
197325682
203501271
1769042168
2518086309
1980659310
1388527011
58554708
84150097
2468416298
3126047535
1330985328
2554327229
3082349990
946051963
3156102476
752589545
3887733218
1911472775
3924431080
3395334613
732580830
2057811027
2828116036
1006477697
3756851098
3271802079
3595687776
2255590893
3116331286
3238455339
975655484
2797107993
4260666450
2681209399
904555736
3312909573
628178254
31758083
3962258228
3408299953
3949449226
2721903247
902672720
16860957
2169802886
1611669723
2204455724
716056393
1689877186
23064039
2253489352
1152177205
312101566
3091522995
1033462308
3548494305
2495118458
922375231
3263678272
1872888909
2760854518
3735700875
4043788316
4196376441
3759125810
1425638807
3351140536
2786408293
1276933166
2354290787
468385044
3268556817
549848298
183951855
4244576560
4073115005
2605097830
4240463419
3824961804
992994217
1371425698
1538771271
2324687016
411248277
1152301470
995870483
99554308
2207973953
2855758170
44931999
2171774752
2476909229
789681878
553472747
3035839996
683799513
692862482
2306193655
4075107480
3414794693
4173863694
23615939
1781835508
2904496241
2440276426
223969615
4158746896
1948812253
3947308614
147602331
2757439212
1115213833
3556805762
3033420967
2828876936
528197877
1587517566
1229215859
2534061540
3009510049
3970025018
3572863743
67794688
4278939917
2365477302
2019037259
3395492828
2092398649
753022706
3340541015
3344367736
3580640293
3593220590
1551549219
2860531924
388311249
4155031210
1849479343
896317680
398355005
1930303782
3935031547
117048524
1889594473
3971497314
1820037127
3463544936
1060002645
2569332574
324442579
2187610052
2515346177
2217710362
145373791
4148639456
1249144685
235764886
1091730859
4056869308
2350394521
436838354
3284545463
2433465432
1867843205
721467598
2229460099
2890255028
1509714225
1771914122
2658717711
2157506768
4229988509
1347648518
1951864411
3394292396
1103116489
2031967810
244808551
637842504
1764965813
3371607614
3068824371
1433651620
710277985
4112044026
2762183103
3290490560
2591399373
502732662
1132763915
1739499420
956043513
4227496114
1632269079
3623577656
1356595429
3657281454
1308141027
989676692
2596067729
1502165098
3135602543
1616779440
3420899069
3167702758
3833990075
685211788
2112795945
845672226
1392121543
357488680
2602717205
1590482206
1029188755
2578529156
1001653185
529890522
1538890015
2408548000
2678520877
1148396118
3020318827
3833222524
2977637721
3119301010
2910938743
1612579864
1033448261
1641748110
1997807427
505327220
3397286385
2510593354
2354765519
397684880
3181985117
238653894
3849367835
3641058924
960782729
2916085762
494625319
1044900872
3734213237
1734308862
2616688115
3566509412
1629436961
1071487418
2361675903
982193792
2527103629
624532790
854582731
2628383580
1873635769
387480178
3796044247
694915064
86279589
3713068398
2878163107
421660756
2790869585
1210544682
2276519471
2777888880
2483020733
3058320550
2372863611
223657036
3554229737
1552769250
2113101191
2129129448
1226769621
2338751198
3022028627
2274750276
4256146561
3995674266
1117501407
1644926560
1207585005
2147649558
3432583979
1085636924
967499289
2998248274
1701272887
1876691928
2199261189
51852366
2193367555
3950989876
3076868785
4148803338
3451891087
3304271952
2642590237
1119446918
1591282651
1950040620
4190456393
2346205634
2956593383
4045857736
4233930549
261751230
1395339443
808268068
1081949409
514859898
873975615
1594426944
139212621
814080758
4183421067
4246011676
562791033
133970994
3368444055
2875684792
2667956837
635824942
2147003235
1353616404
1387952913
2235788266
727653615
3972798512
3033120893
1564408422
1208402235
942782476
2736817833
1692963490
472343623
3942434728
635730325
3568431262
846172691
1204970244
614466881
564826202
3289421471
1182492192
3090044333
779857366
2643099115
2051042556
2238142169
1847870738
3392672759
2416300952
1284224197
880087566
312140995
2602484
2574310257
810324170
426196047
1343614992
1080882909
3415407942
2739938971
4289732076
335737609
3975566210
1435725735
4267809672
4283333621
1466322814
4148536179
1140688100
1898970529
2739957050
22941183
3915036160
3292046349
2375805110
159562571
3702508252
257317689
409320946
1402238807
229580664
2336214821
3111954670
2516241955
2908934100
2023779281
2459772330
3165653935
3720919024
855924029
1869443110
923614203
3979244492
3699674985
87655522
475409159
4182597480
3459427925
2960072286
855991507
2519111364
3108316673
2883172890
2799187295
3567187424
620962413
2107544470
4187662507
3302693052
3044052889
368617170
2058586807
1348164440
1723472261
3686051790
1366321027
131586484
2841717809
2725063306
3859909391
1088188368
187167645
1183208198
899023195
2669984172
3636288457
1793729858
1548195431
3854046024
3827896501
2491702590
1661392435
2881853604
1542946401
2675865338
458689727
1363158464
1596313805
1245425270
2519352843
1329223324
3117282297
1377107890
2171424279
3221391160
4136801253
1574250158
2018750691
3137262484
2966101137
2985598826
308525679
3762886576
3547314685
1788192230
1027765947
806023052
818239529
3074438690
759148999
161068840
2664014613
1415449630
4037146515
3998386820
2220820161
1047962586
1907528735
1681278368
2201530157
1529559382
1938396011
340100220
2860943449
2482161810
3583623543
10265368
1583431237
2660633998
704424515
1850719604
3757456625
1869317194
1786681807
3741757328
578007133
290678982
1483381787
911807852
1488225417
1601419010
3541466407
3874114312
1739351413
3702795006
825149683
3276106852
697548577
2767863994
1757596543
3464058240
768851341
874853430
2450559179
678732380
1639075001
2127167858
286319831
4062293752
3451787429
2561631342
1908626339
3309475668
1408929105
3842627882
3275368751
470628208
449566397
2356648870
4251349371
3297192780
279109865
3032262626
3181639815
1000460008
3026802645
3057564126
1711622739
2350267972
246261633
1262570906
1801433823
218191200
2274294765
1960943382
1578581547
473935932
90784025
2446502482
4188715063
2961812184
2151752453
3805883214
1191161091
1599037748
4126150065
2030542346
2641258639
844410704
1796222237
1236942470
244184795
1762472236
1688759625
3830646978
2294293479
28852936
110656053
95795390
3162340275
2789015588
3267674081
92523130
2422295103
1489388864
1157786189
3642259958
2952108939
4229869084
130246009
675595058
2168404887
2479658680
3179437413
2949341742
2366223971
3622705940
2062466577
3986477802
636704751
2027231024
1306047357
3537064294
3661179963
778249996
2900175273
4151237026
4232249159
1864738472
3956395157
2345740190
1307532563
1798418948
2700150849
66697050
2594148767
2797610272
2797996205
948028630
3422791915
1351195644
651737561
2035829778
3316018935
803369624
3642345413
3460172046
322531267
3331769588
1678679665
1627486154
899741519
42364688
2310891997
3447379014
448795035
2600537324
2371425801
3544717954
201624231
4125227656
4255993589
2773026430
531820147
812405732
3494543521
3537572922
4176644351
2816931072
2037503757
2262138806
1654220363
502823388
1824603705
2554676466
280515159
1422081656
849306149
2833850350
2498156835
3200343764
4268207825
1299025066
1364149935
2657138416
1901482045
4217947942
4135233275
2975785676
4130615913
957795170
3621570055
1139097192
3787653461
1255495006
589311955
1197794756
1139353857
1516232986
3325177951
3375543520
362665325
3553340054
2416890795
3840100284
798290585
1950592466
3628918199
241629784
900410501
1183098574
3110728323
1340467380
1662119729
2300121482
2849392143
3613126352
3812320925
978659846
4290833499
4025788588
596016841
3323128898
2879631719
1126658632
1235936181
288232510
898572595
4254295972
3135570273
3737132538
3375794111
865821888
1608647629
1260143990
3703304459
2713847196
292280057
3633022642
3191613719
2764416568
1507141349
1237884334
337296355
92037780
1998938001
1178338922
470676847
4100986544
1241820413
2214067430
887808443
1362779788
2640837417
4084497698
4281420999
429954600
4076664341
688603934
542622355
2624575876
3226864065
3394266
1960283935
3424191648
3369493037
880758870
1022934635
3440161660
6155097
1817497490
2422086775
2614575640
582308165
4050453646
609301827
1727843444
3954835441
319712074
818828495
4170526352
2622104413
3993583558
5277467
1269302380
938518409
376667650
1985845287
692627976
2807117941
1596252670
2563904499
1769093988
2874425889
3136481210
3891086975
866358400
1293086861
4088187702
287128523
1530614108
914567097
3000469618
1217052631
3012808184
535014309
405396334
1432706723
4158596692
1038602321
3653779498
485450799
2730702448
1554237885
2856383142
944364667
3518339660
322470889
1615326946
3774911367
269987304
1010805461
473100510
1079383379
2786233668
2667031169
1731556506
3981422047
3342013536
1966059245
140293654
629238059
3167084348
972268569
189509970
211424055
3891481048
3975689733
884417102
4272896003
932933684
3066482865
3768681738
3242795919
1844588112
2578030621
106370438
523166171
1373315116
2606207049
3727282114
988954343
2818941384
2472561973
1693282238
2755380915
2412302116
2321040097
3107156346
4225156415
2680128576
1438948685
239538422
2994554507
3726925084
3704047737
2968078898
778311319
1894626744
831189093
1506597166
1669775715
2712250900
1802436881
3385997802
2863895279
2434405936
3992168061
1812179046
1666684731
3062928908
2288372905
2035359906
2886376007
118130088
2588614549
3658243742
1037772819
1611464964
680397633
3240418906
911903903
2453726240
2406071213
3173243862
1550373867
667863804
1024859353
3135787794
734054903
3262845336
2704530117
908263438
3007576771
2910966772
1022910833
2475843274
302428751
4281527824
2149178589
1627302726
521927835
1716386796
3732617481
4143309186
2283906471
2132695432
1251484149
3091709310
1921792371
1280778980
11600801
3946953530
1806894079
800011264
1320618509
3903526582
865866059
2117937372
3304595769
478202866
2928160087
2358467960
4220187941
342988526
155116579
3466325460
3631935953
2551837610
3692724655
1731507696
45368125
2264931878
3637776891
1133203916
3987723625
4165997154
1326407943
2654543208
2849985621
3629616222
2477193939
2250192068
1708731393
4290906138
381168479
3305272288
1279559789
2157232534
3027173035
1105688252
713381273
2766845138
2358395063
3140393304
203964293
3681590734
1825537411
1953494964
3071193649
2376136842
2579955983
873950672
3025852829
2613051654
2195183451
2898302892
1377542601
4204245826
2896940135
777179464
3384325813
2935212862
3733154867
987575972
1998488673
584959226
1581384383
1530045376
3433707213
2425937014
3342441483
1329968284
1876277753
4284353970
3350660119
1984218424
2862856677
232264878
3511535331
175501716
499884689
2254400874
2279878767
2362643888
1604689917
2029409254
2071940283
2087046540
4090928681
1459930146
2026825671
895710504
3351005461
1288993310
2088340883
2483628164
530123969
3570201050
354978335
3073885088
2692748589
1081042774
3226724715
4275036796
3808513625
3004356242
2379118455
567140632
3130352709
3395287950
370262083
4163230580
499761905
4035793482
2403995599
1415556496
1529648733
341513926
2367844891
150139756
116968073
1120879874
3075519271
4116908296
3447851893
1588697342
2195807987
3072002660
375440673
4056387258
3125002623
1510593408
610149261
3553649206
1612048075
620626012
505418425
591466354
951098071
1572990200
731201189
3418378862
108226979
2700588372
2485195601
2523047722
1154522927
699741552
2307374269
2141604262
3994634107
618662220
194651881
3475977698
2550738567
3964243176
279051733
759375838
4078100563
3314211908
3733826945
2986711962
2020321503
2158023520
1088184813
2859715862
3537343531
306712124
122291993
2401286226
1312124471
102295768
4181412101
1756436814
1506460419
1684242228
703173553
2652335114
3914325647
1741401424
1498354461
3901746310
1086049499
514133804
3453137737
3915159234
1993365991
3557753032
3535020085
2638292670
3127251379
3704659492
3342321121
2847873146
645414975
603243328
1788006477
1074898934
2968580491
2468744220
3499567993
300536114
2150953367
852153528
723485541
2481606702
3010448483
2648783124
1413170193
2313396458
1772080623
630920496
3306854781
2563768166
2472673851
3233416460
1706717097
1519347618
3682481479
2729141416
1632662165
795055518
2989683475
375672836
3950448193
3375105370
1195476895
4177371936
2719575725
744616662
4273602283
4027578876
4162813913
2731825682
2894537975
936358040
3571051973
3693344526
2730132931
2766725876
1412310129
939476426
1587047759
907767056
1401049053
4129194566
1617160091
1368845036
929651721
3355420802
2045427879
2316744840
370078965
6452350
2681308275
2277372388
845383329
1552179770
161447679
1890808576
1946696973
589082038
747289675
3984447452
1207632953
353915634
3708029015
2770304120
369264677
1813384686
2734878499
3438443732
920270033
3802290858
219266223
675591408
387855933
2184410406
2384035067
2478031052
4076304489
3001375074
837680135
4165532776
1451730773
3371549534
882492883
1112900548
1326788353
201338650
1214916191
3087938272
4176952173
4093237398
381364651
3420956092
3594631321
401456082
1199807415
1186084952
439440005
175674574
463538307
1702233780
3579278641
537190282
1709423631
1192160464
2928037021
3670464518
1859830363
3314058924
2491204809
2021161538
257943399
2537173064
2488437173
3721757246
233027379
1403192740
3231975265
3688328186
2323217855
3087393472
3581831629
2326885238
94586635
1204118428
84647161
915182770
1306386199
612361272
419319013
436439982
1609355747
3119218836
3569214865
3797865578
98986863
2574390448
1146262269
3113265894
3237984187
2710387852
1678852393
1374751522
1243120327
1289901096
1292344341
800698654
3037157523
3307108228
3525840833
742529242
44401951
361923232
976603181
4009459286
2912621675
2576290172
2188423513
3626818962
2112541303
2189459480
1442936645
2574185102
2940095299
298510964
2787476977
2011707722
905038543
3798346896
2400913757
4098420166
2933939483
1580851820
4123848073
1418136578
1173343783
993617928
171892341
1264209918
2673650163
2621430116
2595833889
3111663034
2412133503
833360512
3820312205
1150286134
788173259
1975299932
1216935353
1074173554
2441246167
3769371640
550687141
594725230
887977123
2961982548
2259048017
2329480746
3940407855
2699244656
3514281917
2091360422
3470045819
2919659596
700959209
1903328482
2461911431
3224857576
1636847829
1500471006
775662419
3665767236
4251955329
2612118170
3165889503
692752992
445977837
3408323606
370786091
214318396
2641127961
2370944850
1853671735
4210722776
3574225925
4006023246
139611651
3584527924
2136495793
560550666
3313670543
266415184
3657467421
1617216390
590657499
3211460140
739890761
1978359234
3965351143
1976852424
4103336757
514907582
2935774387
2102684964
2841856225
1193721722
3225795391
3580232256
3010265933
3732422390
1532009611
186891036
322113145
3141949490
649186455
3378770872
3661633125
3458451246
751097699
3163867156
1699972881
2647721962
314050799
643306544
55413885
3375912550
442002747
1021277196
1960514217
187281058
983420999
839402408
1893844373
4225158302
1526119955
2117574404
430707009
2349804634
2102690463
3405144608
248848813
4131129814
1660365291
2571970812
2280973017
2702991634
4160323575
2145406872
2752250053
809561614
2442989763
2630611444
3652183921
3192401098
3411421263
2537548816
871809757
4242168134
2392314523
1289476588
3357769481
3060100994
2438978471
113973128
2417084405
3986238334
1468190579
3533750500
2506230177
2527267130
2193095167
1525920256
426078221
2787787958
4251281227
1538950876
633988921
4060862962
1277944663
2389154680
2986744613
534152430
305330723
2848263124
1233483729
2634465706
2486499247
3515921392
3734251837
1560464422
3326797819
2446864332
906697577
3637944418
813209351
1108663144
398195285
2360343134
3052966099
1812452036
798831105
4011480602
189276511
2455106016
1270214253
2650468246
1727222955
1927533756
1657412505
1028440786
3105945271
2700203864
2412144005
1134332878
1977521027
318248372
3991681073
2957297290
3190585103
4352976
29212573
1734979334
1942596955
709653932
447342537
2947891522
2210398823
1843236680
3648543925
231946558
1940914739
937743524
3346369121
2041385722
4259117247
974463424
2858327245
2842036854
1207497227
2067862172
17661945
3994491826
11581975
2675376952
3571769317
3729457838
1878514915
64819092
3422300305
3392813930
1175758447
172823472
671843837
3049718246
3043762875
2964368268
504882217
1413042722
588127687
1344090920
3000954645
1102768158
2046894995
531613316
134419137
1989361626
3981344799
3609805216
3321330477
2955122006
3033415531
2370453628
246158425
1268966546
280178039
2918129432
620333637
3466193294
2681656899
2750151028
3033352433
421470282
3569714639
2460527504
1746238557
4258448582
361383963
998035820
879562889
3147485954
3527076135
3939223304
2374480245
2501838590
2655253747
148940900
1750977313
2181356730
410302335
2861191552
3138947469
3052113974
768294091
1031233116
3854424249
2032672114
50352343
743582456
798778533
2403418222
2429779875
379376468
1165465937
657159466
3205961007
4165809008
1685299901
289732518
2323389819
1562961740
2646699241
3071394786
2166252679
2078362344
1594532821
280466910
2714793555
3572464196
731755393
2486823322
1780981471
2972733792
844744685
3665165078
2672290347
2621467708
744148249
1977534034
493888567
3063424728
2959437573
922289998
3125139715
2070388020
3876788657
3667343882
98653327
1446161232
1270741277
3721763462
1989780187
606924076
3861707081
4090897602
1267765223
2102771400
687851061
1497142462
838772659
1632910372
1624951777
23750266
2034185791
2752725312
1616066125
1501222390
1637631883
907897372
3566924153
486465330
3520767895
616108728
1861003621
2021211694
2139480675
3989067540
3468151313
1973055210
1442595823
2203128624
3633086333
1832693094
2822428731
453042956
3855070633
4213175714
2036951879
2770412200
4177467541
2942698398
3894839571
2273766916
3811382337
2043564890
2291367327
4163576096
94164141
2326929622
958420203
327571452
479610329
633366546
3189234423
2326589080
1053430725
2725897486
803969987
2234188020
4252871281
2523730890
138404687
312503056
1366767069
3845271622
1505213851
1209845996
3232342537
841430658
2122380967
3845879432
3902839541
4025213566
1235229299
486510564
1504480417
161329210
2264691967
3731878144
1859035917
3788757942
1445728843
3102946780
2388970041
593191154
2885664343
946584184
4287999525
2679307246
114230563
1427348180
1081916113
927410346
562311855
1394127600
2299927613
2272142118
828920571
771268300
3874143849
3659786082
4205785607
1805433448
494685525
2475045214
3351469011
4080411076
930166017
420511002
257039455
1138340064
1954586989
4002940566
1427603371
651953084
1998489
2231880146
2439664055
3119347288
2632415365
4141646542
730340995
1828070580
818740017
2925571466
1386295823
1337060048
3724620445
2980611590
1101305947
3406587052
346229449
273549378
3117161831
2721902152
3374985141
2934763582
3219672371
3617760164
3146976609
1818147322
1751937983
3512754368
2068500429
1555472758
1044028683
3652764060
2480628473
2516427442
2419037463
3609862712
240612069
3400432046
2976835555
3628768916
864447377
2918294122
4168016239
3479442096
986740989
3717814502
147099067
2580552332
1374324521
3453851938
3014637767
789844520
692208149
4074250014
2070343315
2478642564
4046067137
599811802
2233695007
3959160992
1942302253
4092046422
2246929003
3389091708
3081992025
2104814482
4129785975
2484715032
1467850053
3655393422
2547736899
2659780724
2042694641
1144129354
465912015
1428630160
370929501
2700647366
1897935643
2428223596
4074320777
3893008898
204604455
4095354376
2270987381
2885664254
798441459
3976034148
2941144609
3144516538
72299135
3030683776
3666328717
2548246326
210233291
1814957404
633256889
1051042930
1026173911
817121784
2280781733
2133571438
3391457955
3274269268
9755729
3680099370
1903972399
536031856
1920701885
2910736038
3507456123
575100492
2542211049
269290210
321585031
256322024
957413077
3273379038
4258349395
2765867332
2568468097
194908314
818387423
139595872
3089791725
1214321174
509744427
2964757308
3826593817
3100101970
185564983
686933464
3142353413
2974219854
530932739
1168354356
2434391217
966861066
1517031311
717236816
3733416989
3504501126
3941240283
1022024748
738991177
3541887938
1148365543
3667074504
2683803957
3169078206
4084003507
2026900260
496914145
1217006970
23376191
2147254336
2705680717
555314422
1943270027
68360476
1154405497
2803066418
833585815
885666232
421870693
48936238
1538452835
560981524
3228044561
2168444394
3815538415
746983984
1960276605
4108125286
3976807227
1260278284
3900725417
2591177890
1205929543
3958768040
698903445
3121691294
163730451
575814916
2012878657
40467034
419330207
1889263648
3060828077
1506031574
825589739
1320912636
3858999513
2696965906
2934060535
1211469208
3574867653
2731465742
765863619
1309020148
4019678577
812513994
3310722639
2554128912
3691227357
522585926
1908648091
861517804
1358677257
2873425282
4048425383
359126408
1337683445
2002426238
640247155
1457151716
2940407713
628381498
3329028095
3945279488
2755909133
1176072886
3873357131
4113032412
2982915385
419882994
2894043479
2469124472
783368485
1537962734
819400739
3202230740
1270873553
560172970
1694461359
2631709168
1185156925
1903524390
2138160635
1477774796
899047785
650980962
1083297031
1692440936
2546507861
1299736670
435824339
3353374916
2526099457
4192379930
76027743
3164172256
2740409453
1439767958
2435295915
3620745916
3728662937
1595855058
2153753783
2175079768
1905560453
2486729166
3969755523
1668297652
3455696433
2321061002
3544313103
626878928
1934665117
696474886
2288747355
2546488236
2993171913
172150594
1636055143
609766728
2473067189
824354622
2727122995
584872612
3439104097
602693882
2049437375
1843896256
2017657549
346241142
2556971019
1395421340
3983885817
2655005106
2891608087
3147383096
4116055525
1328410798
3562140387
657730964
995929745
4253354346
3438615663
3635876272
2896260093
2701635558
1795750075
1290504588
797518377
786292770
2885505991
3653693736
3761345813
3004257822
1765325203
289825924
3181189313
2747895258
2049209887
1141555104
1939792173
709346134
3505952107
1068801660
2911296089
3718443666
3729253239
620780824
495824965
725866382
1196158019
4053931892
620809969
1763765834
3136355279
434219408
3375260253
1304064710
1906449947
1308012396
1628526217
1238786306
2748653351
1193575688
666720117
4294735102
56003315
949372516
2676674849
3585223354
55946623
1073401728
1912795021
1517731382
2066780875
4058037340
948674233
8334194
4026533591
3721554168
1507035813
1664233070
2430834083
2788290900
3892191057
392446762
2987232047
131412336
730826941
3243484582
1385100155
3982607692
1192801001
3965997538
4175665799
1785268456
530794965
3768320990
4064152659
977541188
1977465217
1910388634
3230897375
514838368
3691458029
2229807382
1130905643
975751740
4103836441
3322729554
3881490999
1107780824
633312517
3450926414
3899715331
609991476
2909577137
2928085002
1931659919
2106173776
3260866333
2844477574
807893211
4188326700
766984009
2210378434
2264974823
2106358984
2306567221
3114795710
2739355059
3016219172
263049697
2357572730
146156607
1495383872
2789448781
2773746678
1106746763
1694812188
2479798137
3380866354
4130364823
3919007928
149540709
3715640366
1900804195
1201108244
1784958993
817970410
1795733999
301404464
137258365
3491322726
2562960955
3174547724
2902784937
1495303074
1443144007
4136034472
853393045
2346217886
1875517203
1050250244
135469633
2514526554
3734336415
608739104
1364212397
3547483862
4214663915
988591612
339545049
2182903314
2052624631
2826579096
2531932613
2705314574
986493379
3881639668
3757912177
4232765898
2996263247
404056336
60562397
448126534
2260439963
4271023852
2837047305
2445198466
2579967143
2270180488
4116857077
4091891838
2636034163
1882271204
3324351137
1512504890
4043926271
1897688832
3922004237
1123748278
1602054219
5805020
3221131321
1125019378
4255872087
2393372792
1868092453
3284134382
1078663971
3609508052
2605662417
3411801770
245803183
2665263344
1195246141
2333659430
1617373435
2981068
1376650345
785544546
2988468231
501250152
3064001365
713465694
1553789395
3657875396
2096970497
26266394
2599031391
3969199840
138020717
1134965910
3408123307
1975542204
757810329
999413714
906037175
3893933144
1036885637
2343596238
1763652739
3865461428
4117922097
3022814090
4027492367
1900341456
4054587549
1056584710
4162743899
2155889324
603541705
227776066
719868775
3828329544
1748096437
74735166
3416056627
160580004
733090657
274073594
3809438143
4289388224
3511104973
1093390198
109179659
3617333148
1037773049
1994305714
87116567
1019502648
3118504165
3687409582
2292252131
3768171668
327086481
687108202
1940346735
373690544
2910740221
1880229606
2352571323
3120756876
3874737449
3879348002
3153522375
1077268520
128772117
4066807070
4084630675
2286662532
2640059329
1722725594
2085712159
3478486688
4119106605
3276003926
1173340267
3731082620
539376985
3693934994
2031369847
1352858648
2804532037
851627662
1579710275
2369201780
3867972081
4159427914
1648932559
3503827088
2974602589
1947748806
3339716891
1663934060
2937420169
1358833666
1227110951
3555386376
2661952117
18164734
3380729331
3685422436
1762874401
1087558074
3314034815
1015877248
2978620045
1839617334
700792267
3197070172
1311015353
783594098
3414286807
598509560
3577814437
2874451310
2500698275
2947973204
733176401
1263184426
818595375
2683514992
3215948733
3167026342
3204079227
2927113292
3698742761
3155663074
3796383111
2101798888
1119984853
3644340958
790026067
2234017604
4059020417
922377882
3381366751
3830025824
3455049965
737302
3193596715
680982844
2381182489
229497682
1649554743
4057531352
532588549
4231457870
3299375619
126863924
1812685489
2840129290
361871
1049569360
658395677
3620740998
4132463579
1247459884
456024649
1975417282
3275415783
1447156680
361447221
3213343166
4052584627
37464356
1728664801
1029528442
1060349759
528678464
2672676685
1445632758
2080852107
1223849756
4053441145
4098913330
3478993047
857763768
1849320037
2015470382
1884357475
1346044948
4239168273
4095648746
2630939887
597954608
3264305277
1861333606
1533679931
1632448524
1666555561
2804599458
1406417991
3033776040
1151275413
2495326366
3393055251
3428637444
3279428929
2754857050
2304274079
53567008
104590765
1740400086
1193530859
3357140220
3611455193
970226962
3497716727
2608515992
3024899269
231524878
123681987
1093676532
4272878449
1778632906
2147816527
2183784464
4164980445
1205974342
1218412187
2579994092
4177791753
1435798402
669796263
720671624
160764917
3582723966
1585445747
1493433572
3461617057
397780282
3067209215
1615638016
1867660301
1215865014
1879577419
3397731036
3908924217
292681202
1334005591
450893688
4052510501
1206935790
3844810275
2380744660
1596621777
2771410346
3464094639
1226354672
3135501629
1146628134
2219348987
373418956
1817290601
1647557730
4284154631
2258392936
2852472405
2595280478
1068219603
430509764
448085505
2686120474
2188905823
3284987360
3542661741
672615318
3003908267
4037841084
484681625
2321604306
1649304247
3712504664
831697285
1296328654
1359789955
3856159156
3610723377
2614911626
1493656335
594044880
2299759517
1645021958
1086151003
1966354860
2572579785
2319473986
3321392743
3519220552
2005379253
2564953406
3944295987
2076446884
129209953
2711334650
1394795711
1990860224
3059181773
1381000822
948411915
1460129436
3037531129
2413377458
1253320215
1252753208
2348231653
3766541998
2119960803
4101720980
3958191249
2688538474
2625999471
2014384048
1835487741
3132644838
475385531
3507906444
2821353513
1727163938
2476509639
1382068008
3484695317
551011358
3391115155
3905749636
3227983553
3698318298
1001024543
2111585696
695617325
786166102
2496850795
2517564540
1066508377
3910336658
1988925815
117545752
609343045
1616758158
2356216387
1632122228
3999552753
1620229194
3251401167
1779083152
4269230173
2215780550
560591899
3227553132
216374409
1837231874
2887734567
2322416392
472055157
524935934
840507635
3325813860
1005049633
1825536186
4209419135
2589674880
3374142861
1097985078
3360024779
3258587740
2525586617
960903538
2142223575
4064454392
708489381
3348307054
2258873251
3484880724
4222920017
3876393258
2645819695
3628937072
1591439037
265442214
3327248763
1435149132
2275408105
4012302306
2136526983
937477864
3530289109
485519838
1683726931
1971893828
1028505473
3404891546
4222585567
1226788192
3185873901
701126422
1060673067
1812015164
3758905625
4289389138
737513527
677815000
3645487877
2899895118
1682703619
3745503540
4243989937
2582042122
2970894479
1573955408
1026278685
3417372294
3982839515
520923436
611419465
421085378
2837511143
1421032136
1948717621
1048801470
2386547635
1412134948
1404098529
3406889594
1423778367
3273669952
3160670797
2744988150
3523408779
2682005020
2385673593
2541288242
1832260503
23432888
2031547749
1122441774
146935395
727356180
2806044177
995625706
684011503
1368198960
3556789117
1097206118
3841754171
660512524
997343657
4103147938
4048541511
383557288
2397856917
1153097630
3374167315
3147573764
3660128321
2640506714
3376900511
4250279200
87269549
2258795734
3304915179
3863155708
1595134425
937985042
1632192247
288844440
1564106693
1484112142
1130219459
1266629876
2074916465
3919097802
3718172495
3329910544
3924885981
380210246
1735354779
4109927660
1891249673
1724273282
1270702759
4032098952
3159615221
2353970814
441271923
22203364
4157511841
3458223162
3351666943
2830691584
1693150989
3331471286
3363749451
1135473116
1556633145
4096883954
1376201303
668219000
3846961701
1480382446
3480695075
3542472404
3344025297
518046890
1417223855
2341514992
3516262461
221478694
2601910011
2320653004
3026274921
821101410
3628178951
2400466536
2717227349
234294622
1931904979
1992777156
2679718145
1166088474
1798441055
843099360
874737005
1931764374
4175440811
949272508
3714583193
3146507730
3041377719
1362358872
2095301765
1223974606
1415989891
1371955380
2739406641
2976401802
3190562319
734521040
1770454685
45867526
306725979
1709449388
1115657929
4031325250
3803482471
3708971592
4050222005
1584122942
2969663795
1769070500
2432768353
1203590650
2053267391
3269811392
1467194317
3088121206
3732490507
3245309340
2198531833
1496301234
753074455
3578699320
2610544357
3444856238
1703089123
1389943444
4104615825
3546758762
4153396591
3994554032
475809021
4042962150
3411950011
2183517836
2737640233
503756066
3807257799
4689448
1749519893
2925853470
2637568659
583684484
1455301057
1963786970
1747937055
1067383968
1064565293
3708815446
1839339115
1454779260
1003029337
1951729554
2259743863
941373976
3305498949
605338766
2183499075
1574257780
1820858353
320185162
2306616527
3581486736
3769482077
3987208134
816832283
1435466860
2860629897
258061826
2093379623
1521197576
3492270197
3399129598
3978062835
3897078628
1208506913
3383238586
1399922303
1231391872
3904669837
1171882806
112366539
3974154588
1102727097
2419310706
3163133911
966051320
2294301605
669881198
363181731
4130578004
2281826385
1521186858
2831760431
2699243120
957571517
712747686
412431483
3533247052
2023070697
4119996130
2148887431
2318837224
4272046805
465873118
1108110675
4217701700
2281161345
2647043226
117409247
1026624608
3689236205
1915055638
1979892011
4100413244
452377625
201582930
4098157367
3585098200
2187382277
1335286350
2002489347
2607540276
2418862257
4032871690
911145871
3410896464
874854429
4113419654
3311811035
1740281900
2038474825
3721398210
3904050919
1759549896
3578717493
2795186110
694034099
2576828196
94657249
2778769786
4189232447
871988288
763770189
4255893750
4092239499
1505875228
2576769145
587039282
2142957207
1147579832
1501530213
2915602734
3936295267
3371573780
2585860369
1986884074
3202706159
2343702064
1820016253
3077988454
3850039099
4285271564
1700455593
2975029410
3732369991
211910056
1103476629
198579870
476676115
4233591044
2082874177
4050523738
1315071135
45538336
2117555117
2686751702
616705003
2238202620
3685823705
3965225746
3703808503
4189063576
3249828549
4047157262
2663928515
4132064244
2264299889
3943274186
2070186575
3573999120
145585373
4144849734
2469090459
2454508
1077694729
894704002
3040509351
3346092424
1033812469
2284680574
2156302707
1495112420
1922374561
3982947130
3555122175
979446784
4203782669
759680694
417425739
1540530396
1264531769
1531773938
3040281943
2776913272
2056752421
1688555246
2939108387
2531288532
63244753
2825726890
1352948143
1447341552
3142835005
1437259302
1422879227
1281280460
1513942377
185223778
3973331207
659035496
3463572565
4099490910
2802668243
3781274820
1007240193
1640185882
85459807
670067680
1529487469
2496493974
1285576363
1031335612
2662886809
1058204882
3740080311
870027608
1338038149
4005582286
590075267
439381940
2309278257
1691365514
3481065743
2053334480
3271979421
2433136902
482291547
1116737452
1333049801
2947410754
823960679
4129147208
97996469
3306259262
3444950067
3264982692
4154104929
1924857082
147708607
3562838976
3835416269
3798832246
2824270859
114502812
3621048825
1122125234
1539169303
3433938232
415781349
306433198
3994427107
3954338196
1571666577
845849962
885393519
1750797744
3931977725
2195262438
1230152891
3174122892
133936681
2088172578
1508622279
971664680
23519509
185479710
481813907
641966212
2422285505
2693147098
2984272415
77446048
1736289581
1038098262
2153595243
274291324
1154246233
3992129170
1501646711
3555907864
3108371525
3991384974
4014348355
1927172980
2432162545
2138344010
1767368655
52667792
2280664669
551145158
2766260763
314207084
3085558409
2795339010
1796836135
883294472
3937969013
1929859326
2861283059
835813988
3178552609
3344746170
2133301631
967560064
1080540045
3940358710
2500542155
780367964
2142710457
2742896498
839873239
3919766776
550622885
1013189230
4061381027
321662292
10169169
371580714
34240303
3920964976
2119652541
2093023654
1707384699
363037004
3747036905
1062825442
2491287175
1682474216
4150564309
1169481694
2015967315
113071172
32359809
527881114
2608562399
2961099616
1475475949
1226605846
314108971
2982774332
1856839449
2730029138
1799374391
3921010904
1258545413
1416679758
2916555523
739505972
1437576113
481731594
1068873359
1996989776
1009429277
3292963974
777200859
342132524
1247529801
870502082
837890535
2194274504
1761785909
1741610686
1927834035
3263108644
2900614625
1024217210
3719567423
1645132608
582248525
3562430454
2445166987
1721992220
1137066873
115214642
3068905879
3961769144
1064573797
684066862
3320325219
420327700
88955921
358537450
254911983
3256028464
3154260349
1092794214
216357435
3648355596
286230441
1299292066
3410693447
2250398888
2368408213
1510821278
1948338963
2123286532
3647940161
274021722
3366543263
55810848
2705786541
608348886
376657643
2508812796
2098894809
3341062674
4075420919
1155836056
297436613
1209773838
3382631875
831609588
1351367793
3730210250
156648783
2647614736
2222319581
1494039110
2077441947
2874041068
2542433289
826138754
342071463
2689183880
3178597621
958934142
1093393523
1348757988
1856478881
3851000378
2335397631
88435456
1614927117
3969476022
288363595
49500124
3837926457
3066333938
689102935
2213573752
3782156325
3710502382
877872931
3373724884
1149521105
2983563946
1929090223
2570366192
2820525629
2378050854
1635046651
1281833164
2380566633
1618973026
3977434119
1060631656
1601847125
3185015646
2338332115
1232600004
530925313
1692493594
2752095
2497456864
2017252205
4245852310
1582072235
4015594940
2429866137
2230711250
2403234743
1967075416
3660180101
2930265294
1834836099
790003380
3125644593
638850954
1022989327
4282049744
3314672797
2095943686
270670427
4214750892
4030061769
946778690
1630584679
216344648
3838910901
1020475966
4027977523
2000780708
1803558753
2459214842
2925876671
2601507520
2379219405
1097214838
1176542987
389208988
3815421177
3169897650
2269427479
550034488
864216293
525288366
3356830179
2936535188
1459617169
759827562
69747567
3604614320
124398333
3763561190
1177751483
1916318860
110516521
4064494370
2828360391
4014558248
3406967829
2798872862
4171608211
3812159364
2639275969
3470479578
3367853343
3168303776
3516096557
3242997334
2097441899
3002632572
2325465433
3320649106
2667424375
3397744664
823267141
769043086
2211619651
2422432372
2343804401
363819338
291480271
3809092752
608084317
2376574406
771732763
3890305644
1696466313
2738177026
655926823
140271624
2614457973
2291140606
442958323
2463519076
3425525793
3589107130
772412543
1529744000
2027149
2692526390
592439755
1998727004
2155875769
3810709106
2420198871
4067230712
577726885
1962312046
3421359267
379632724
2508222033
2306623018
1501016623
2730699888
1588021181
1990351014
1574963835
246018124
3957645801
1014805730
1821548935
3054920680
3971147989
180426462
3065119571
2274468676
3677341825
3221420698
1763933151
2466810464
1644866797
514825238
3311081259
2485630268
187662873
868874066
1088921911
1417117656
1664283653
728156238
3082724867
2167932468
2105437873
2397604618
2101899663
1358767184
2235309597
2835053446
3626766299
353007148
3338858057
2337379778
886787303
2456770504
1598196533
4062090686
450802867
3202540836
2037342433
22280058
2967573311
1029700160
3421412173
2543646454
1534981259
3061920540
3166840441
3004862514
3267929239
3902598072
1525984869
601849646
1251815267
195117076
415604497
2284601322
3383353583
3836742704
4069860477
1315638886
188466491
2776296460
1854941865
954984098
1741334599
1935621032
2702990741
2673902750
2152011283
843192068
570698049
1779983450
3894172319
4012661280
2657270189
2197602774
1242595819
111583484
1934621401
944544018
1404852215
3805628312
2102171845
3440944654
1944152259
3981732340
141426545
863986890
930349135
282321936
2370460381
2896761158
3513199259
3866317292
2795804425
3397625730
423146407
1792937864
1809342453
255779710
205334387
3609671908
470163873
646463802
2645283327
4184189440
3321825293
1955003574
1634385739
688914140
1492188985
1989677554
1570421591
3004732280
1238545189
835337454
249778723
1506378708
3113193425
2870606250
1803472815
1147186160
3354640701
627934246
1896235003
2053875660
2136486761
2706430050
2298310407
3336819560
2232324693
3664884318
3491686611
2668251844
2056079873
3202059802
208140639
1761864160
3143337581
468952982
3722751147
1043680444
3820827545
4248107730
1983631031
90099544
1277099397
4172039118
3808095107
2155384244
1698844721
1697906314
3064090383
2857264080
2703841181
913336070
2624652635
2145119660
1422065609
4203444546
586209895
292063048
3193369781
900788542
3376568883
2002996388
481403489
390744826
455659711
117381568
2198877389
1157284470
1742096907
3800992412
3586955257
928732082
1601671703
3248487224
466188261
1685502638
2743088355
2363066260
278806673
872772458
364281455
697633712
2743279101
2036972006
1912568507
2436637580
3472686121
4016802338
2129327559
275000104
4115236629
4055146526
3774839699
1235893892
2911578817
1879865306
1556502559
1481587104
2914325293
3612626262
328701803
781432956
1027026009
1816337554
119932279
198448920
1550459461
1407295886
4023070275
2791600500
2361090289
1170626634
831741391
1697424272
3852014685
2752609478
2081005595
3305392492
3793627273
1965624066
1623441703
3318660872
327043445
2067054334
3970845939
4216791140
2754732833
1700402362
270045055
2649508224
1474437517
3602401334
1635816651
3065828956
1947529401
3206829426
2266966231
1140007672
3180919973
1101330542
1395906467
4036053844
1991356753
615427370
1594944815
3154979696
167983805
2283777958
2967958907
2913754956
3460203753
1560017890
3092462727
1872773864
244136917
3672722910
2913390163
1843524164
1136511873
4016775578
536311519
3570288992
707747821
1658762006
1038697003
2340545596
545121561
792133202
624622647
99950296
4209903365
1148763982
1158820099
2329417012
932786609
3069604362
2668047503
1227793232
1062834461
323768966
1928395483
1504470316
527831369
1411144898
2708563943
2278602440
3893255733
3045739710
3510697907
2126689316
2605114337
1652006522
591072831
3052222784
1496632909
3078589942
19505035
962257436
881461625
2545096498
1397850007
701631160
3691069797
253031982
683555427
2427506452
76145169
1054189290
2655919087
3817409328
1077155709
1330603366
2424188987
1400658700
2916928937
3821153698
1677083463
3294108328
2912530581
1271905182
4040483091
124872196
2246388801
1857522522
1555781023
3057719584
2777312429
743626966
1872342251
3368013820
3998309849
2949685266
2939859703
3280070296
879406021
4029783310
1301279683
429095156
3734749809
1518619594
3049110351
504652560
1395314141
1642129478
1139217819
2710847724
2643114505
1898278530
1941556903
388918920
2026320629
2054265470
2444915315
3714451428
2863703201
543352890
3142601983
113371392
1539848973
890278838
3113314891
3190336988
3622560313
180852978
47093335
586986104
3821159973
3532043246
4007615779
955781844
2464600785
70934698
3928885935
1204333296
1255519293
2360924966
864267003
3328972492
1587009129
1031675746
1888750087
2924196456
1865344341
3123177822
625587155
3524827588
2093042945
3752965402
3654415455
2489821408
1418082669
1634778774
2070468523
437091260
3346110105
399507922
1139091895
3560599128
3584036997
1020017358
872707715
4267089076
3129152305
2452612490
3967224335
1805509328
2244790941
764362246
1907093595
3229342892
2904302281
1711554626
643626343
4087866952
3261646773
531277886
148546867
3003194276
992945505
1893462522
4279782335
136992960
4099696589
1563122038
3178755339
1491483036
3740957433
572644018
2488691991
2670926392
27003621
1371156910
811024355
1965495956
3129508753
3063732842
426817903
1351355056
4003991805
3189510374
2092426683
171676300
2435817257
3824144674
2364313799
2369456680
2953632277
1538381598
2244298387
1234668932
4044500417
4095319770
503010079
3338795168
736282157
4026033238
4095132267
1932191612
2359201625
1358242706
1106927735
2279519768
1800287557
3490224270
3811555651
2766241908
3289326577
2142846794
2045974735
2039161488
4227827549
3558298566
1056934683
2585999468
1592413065
2356728322
3357203495
1560092168
2175999093
3136648702
3512834035
1532227428
1971480097
3852647354
3578989183
4058417280
2008110221
4254064438
4288495563
3713238364
2322977721
2810305650
3332965335
3459596792
575573925
309292910
937812643
2432555604
3559846993
1472009258
3268814895
630401648
2959814077
557385382
249225339
3802844748
3060017129
282542818
666883975
2162565608
2364772053
640517342
218601811
2846769476
1805110913
498026650
1878487519
1708132448
3764392685
2242497046
744713515
2279084860
3734521881
83887442
3359266615
3996040664
1110776325
262583886
97631235
955524148
3019895985
81811722
1425139599
1335632464
2592277533
1933126022
2929845723
3528086572
2209690697
4265812930
666075879
1391334856
862335285
571605950
1175407283
4062085924
1114269409
3497477498
3837823295
3149297728
4203151693
2751341814
851528331
3744502044
3676171385
614964786
411458199
2680367544
4070167653
1516662062
273368419
2554093076
4170851601
2841316842
1025398511
2929592880
3571387005
3016735846
1286380347
3547974156
4277498025
3186914466
1875762759
1762458024
3802334101
3478844062
1976609811
3994858756
890384193
2385687130
3599126687
1217517600
3871219629
2420436950
923719659
3419733756
505331929
2645600018
3043298807
3605693848
1729412805
560370702
111836867
2790164468
51742065
3278189258
875787855
3046171152
102187229
3904159558
2203254939
3434164204
2889669897
2502112642
3555125671
2503658888
339871221
3938472318
2174991731
1394661092
1252468641
1125748538
2485176319
492447744
1369271821
2654350006
