2534915821
3347416598
1836316971
427241276
1691661337
1964605778
3169690423
932288984
3689039365
687469134
1425262595
4202086452
3452559537
3559478538
2349773711
2170191440
4124422173
3539199366
1308979675
1075867692
582787145
2460721090
1852428007
4168610248
84827445
354697150
3185858227
381165348
2388611809
1307525498
2923451711
3464221760
2369039693
358080758
288872075
318614812
4054866041
757013042
1040164503
1194591672
3875340389
2465704238
2845004131
1101855252
2910458129
482478570
3183551215
2778672
3785864829
445151334
