51600275
3488390788
1361709761
3965573082
2032678943
2827458976
2530341677
252423510
1478981483
3709999228
884083801
3535830162
2411980151
3273160472
1227031109
3800367502
2790723139
2260652404
1402093809
3689920586
2918006223
1694303120
1231942749
1730206918
3826352155
279619948
1674643593
813591298
1213833511
531308296
3522111861
3153662
900869363
466190436
1010877217
3948639418
3395972991
2471799168
3295609229
1528801334
2868933835
1165702748
3992965305
1699853682
1806502103
1181188856
2613173413
3002620014
2897196963
3072043860
234393937
4035448106
3042626863
1829604208
2370312893
2212433830
434066811
2776809292
778134761
67197922
3084459143
2695668456
3664649173
2928979422
362458707
3229897284
2285677441
3608969626
4030289631
2271652192
1378631661
200676118
2220433963
2456831036
3570976025
1830051410
3719879735
1805221592
42395397
1887182670
964563203
3482481972
1464865201
276812298
1195445391
3277783888
437154077
532394630
3570981595
2511521068
369684809
1053932738
820463591
2819430088
4183768629
2951064766
1344593843
2610238500
1144374241
64552570
2171399743
1035311424
1956752973
1564929526
1015644043
1350124060
3679775097
3309336370
1472159639
178678456
1158291813
3452458542
2954500707
3952815892
1689305617
2114914026
276298735
1055484720
2857957245
1148110182
3814068283
1806875404
4074745257
1780977058
4217119559
3955522216
1012568213
1155210142
2124988691
2255734276
1262750785
566815578
3235722655
725186848
3966192813
2798270678
2548665579
2282631164
1066155481
621674514
2006487799
931546776
920882117
429194510
1608242115
581818612
926065265
3614288842
1775737679
1923400464
2227154397
397428806
2142172571
771399916
3908934153
3946499714
2333060775
1573572232
3170374389
1244461694
645812851
1452828644
1149207713
1025787962
2640456959
2162837760
102046477
1547170742
3335604811
3181841884
2341913145
531953906
119305815
1110512248
3081446949
1050285038
2216377635
2286056148
2616046289
382976170
1480059567
2911439600
2077922365
3677895462
1346079483
1593997004
1752872553
54755170
2144987655
739775080
2697971029
949176670
3103626195
3715824068
2734697729
3189970202
2983449695
734005472
2588088685
222830230
1704507307
4055620540
2509010585
611148242
4230154679
3063860824
3002658949
3280968398
1144018563
735116468
737801009
2457421194
2356210191
4203627216
3997280925
3971915270
1733546075
4248976556
762249929
3480854594
2777863527
3231991368
427403189
616958014
2474542387
3901979556
2782791009
1761432058
1158294463
3568482496
227100621
1706211702
2090325259
2697238940
2139446009
2121218738
2021936407
1556576824
543484645
3408761262
3010666467
416380564
1282368401
4237703786
1666881903
548170416
3331125501
3321589990
1129301435
2201088652
