2629811691
3883183356
579770073
1285719314
2753647607
3495826328
4203148485
1706512910
947397827
1407448564
461380465
512938186
1886944335
3681955856
3989845725
1696415046
3302319771
183786988
402273033
3825505154
3469520807
902421384
2568600565
1647873918
2306007923
4157195492
873414049
3156651322
3787410943
1305146880
3614172173
850798774
559414091
1241778908
1847434041
2349071858
2149431127
1076322168
1155206949
1105127662
3900182051
88018900
4031753169
3120784810
3126938543
2672359408
1611111741
1142403110
422738939
2157097932
2317078377
1499972706
271543047
718643048
3684560469
1516330590
2580718803
3591558852
1506043393
3318741530
1440314719
1999582688
534143597
2782450582
2047862955
1112496316
2782384025
2931222226
1239206583
2230557528
4227160453
1261891534
546154371
1943280052
3870321713
2465426058
3663907599
1216131024
2278241181
3864040198
677069147
3400071596
4294220745
2889377090
448845415
559960904
892620981
1838587198
4000585267
2278676644
2853617249
1251260154
3908586687
1106273728
295243981
2241195638
3477046795
3972961948
198521849
2683518898
1127648791
112903992
929944549
1148675758
336654563
1260065684
2210028689
4221230954
1297414767
1040799664
1874000381
1702880742
2426910395
61812620
2711394345
1974367778
106492359
1600255784
57991957
3968879646
4038014867
1988020868
1344161473
179102682
2918437919
3003549088
3175870253
967145814
3040793451
3791242364
774752345
653330578
3657630071
1769267992
450657861
2354597262
3797543491
848035188
411401457
2721170506
1007671759
2733043600
2924933213
4150110406
1550834715
3256702316
3811296393
721549058
382713127
1725074184
2952242549
3288754942
4124838131
126987364
1123221281
575701178
1671695231
2338952576
3213294989
1170175030
744870091
910746204
3875114169
3873980786
2820285655
2367287032
3587791013
496084078
2529203107
3449739092
3257519441
2431654186
2070636847
1443723120
1716459197
3986807718
34320763
409693004
2226790633
493545442
3153934471
4121562856
2958333909
2091973086
1062373971
2625797700
1168959361
163024282
1960899295
1209111904
1088568301
1234951958
2701950507
2050224188
1548779801
1594944082
1934882871
2376198872
2751226629
2396744526
681372931
3150684468
1774144945
772660746
2352982159
4067749712
1177775389
3053747846
1674786523
2500948268
2455743817
2049001666
2444846055
98599624
2250488373
994572478
4201298867
2462662692
3882090465
2501511802
4169304639
569804096
4126517837
15907318
3951745931
3123899932
4892025
3936551730
763919255
3271874232
3437075813
317563438
2068248163
2559204116
3294494225
1002640106
2607060975
3474282288
2291921789
3661468006
3491654715
1116169996
1681156521
1247615394
1608269639
3446531752
3204254869
3229837214
1081908499
1138618884
2200979521
4105172826
2975912351
235955488
525945005
1132201174
1345906923
2126371836
2432694745
3235286034
4103057143
3241849496
2752841669
2021673230
1578545091
4216521972
1394466417
3628578762
2175940431
4276530960
4095781341
332870
21320091
2806336748
2656065033
1935039106
440257191
3192535688
4101541621
1763395198
383790707
87593956
1076478113
3031520314
240371967
3176609024
2309297933
82821046
2137957963
3427580380
411598393
4108551410
306287191
1480294008
2302321189
709582830
2355370275
2006818516
1662447313
2111032490
3288368815
1356920560
3680079933
3910338342
497018619
3317899980
818639465
3057978210
3770025479
2255322728
3425583445
768054622
1861054419
676406724
292055297
3176538394
708014175
2630022368
2372998509
1426451094
2508460971
592938940
3975951001
1979837906
4235601335
2482977368
3890637957
788981454
2911318659
2632067252
224472881
43995530
2468840975
1341927120
484353693
1931438598
3079023707
477685932
1472052937
2959158338
4280086887
265269832
4155909045
2738902078
637296947
4204767140
3053732193
1389780474
3419916223
3578504384
257246157
1601602934
449917195
2153137564
2960332537
258590386
1426417943
3162367544
934307557
694869422
1423440867
4137198228
924098449
2564965994
3422500207
1127241392
591916285
2548186342
3444580795
2782830220
2604612393
3672292642
3981085895
2154354216
883439125
4198335262
90505875
3315341700
3105180097
359271130
1712901919
1273578656
2146017837
1811517526
61734507
1539371900
1359293273
1750273938
3922156663
1437565464
4231041349
1479492750
28210499
205065332
2437496817
3470043978
4150236367
762670736
3844957021
1829994438
3377841947
3630974060
3479693193
2332147202
1326897191
976284168
1285322869
4285997566
3263124467
3468589924
1907589665
21571514
399410815
2710819968
3687198861
3729197878
2960292811
2853146972
147484601
66439282
3029598167
529272312
3305040805
2517375854
526556835
1631282772
2568425553
2393800746
1243653167
3452139120
3844540861
611005094
2179931259
2795100748
340771817
4059442914
4099527559
3676302824
355134165
463810782
4272117075
1467927876
49736321
1856746650
2882596319
860050528
2877484781
907474454
3983976747
3686407996
1574626329
1099559250
3678622519
369854936
766735877
1505321550
88897539
1964486708
2543194289
514311434
2769970063
2668785232
835510301
195122566
963912155
2128568364
3591295049
486019010
3639312103
1026417096
1877708085
1400876990
1193871027
2639597348
1542947553
298430842
2566391103
435143744
62381389
253841654
4078077579
3711474972
575572089
1548192306
2947372695
1898313144
3722850405
3052345646
4140040547
3276139028
2715697425
553155050
2502218479
3629798960
1706485373
2356013158
2654787387
1270142476
3434941609
4114571426
