387214111
3302502560
3792936493
3196279894
133519979
4261977980
3912296281
3950222226
909539447
947645976
2140802373
670208142
3403764035
58079348
3404495857
2718349130
3451007183
902781584
835084125
3779087302
1961108251
1129246828
1500685193
812993026
1807545383
2580043272
139785333
624782846
467218419
2717296484
3642080801
1093546938
3308790399
3222847616
1787702413
1758910262
4043823051
1884110172
2020879289
2893829234
2335251415
1521383928
147220389
2660591470
2929949347
4214133332
2583186513
872844330
4032905263
959668848
4259186109
3927834278
3041622139
183666252
1297645545
2924460770
3735940999
9263592
549545685
3283188958
3649778003
1391262020
4179043969
2721497242
3702032863
3529392224
2246634221
2343354902
3780773163
3505244988
872587289
1383497042
2735632183
3833853400
819524101
2382933582
2979746819
482401332
3467988145
958779658
1648951183
144202320
4121025565
1977229702
731807195
2813201452
219515977
4080507842
3085802215
594628040
2321549621
819067838
3130974899
3958979364
265666273
2616900986
1413325119
2493558848
3367754061
1119689974
2437145227
2355251484
1844724857
2560235058
1336308375
2381603256
527019109
2298766638
2535513443
1671763476
4265311505
3550250474
809594607
1526088240
866771581
1848423526
104149819
2214167052
3502360745
1751444642
2673079879
2557227432
2999507861
2371283614
3094103059
647195908
1483310913
3199347290
3469699231
1540886560
1402927021
3317688278
622686187
2334308092
3294697689
371138322
2396071415
1257749912
135304901
3191901198
244061891
3344121844
2309152113
2174921418
321031759
2739214864
1586370781
3637360454
3748108443
2253187052
477443337
1393536386
1756955047
829818248
328457717
2516076926
3091944819
3090386660
3656023969
4136961850
2603999231
956063744
3542763021
1751982774
759082315
833033436
560012601
1044223986
2321975639
1267075448
711307557
4168426222
3006595107
994269652
2651024849
493895594
1875140015
276619760
2833678141
3614779942
3180178939
287325644
3225932137
3564101218
334806279
4236691816
844697685
2741901406
2341738195
1381081284
1735436289
2346406938
3024684895
4177895392
2146813037
2591870358
2784991915
1617388220
3138146713
1613594834
2554240183
4220994904
3523279749
2656709070
208902531
2934793140
880094769
3711779978
1459543311
2375391696
3511358877
2816150790
318731099
48989100
3629227465
3921510210
3437176935
1133935944
2695918261
2859489086
4020144179
2724569764
2685665377
582815994
3235962559
619433920
513372877
3886475382
4156045323
1943773340
326809081
2804341170
976314391
52654392
1450866149
2997330094
2376065763
231300500
303046289
1396816234
2242514031
3246866864
575921149
2746703846
3189041339
3055991180
3433732649
1815121954
3947905991
2359107880
4231136533
1001850398
2378344851
1374131332
4008478913
3144826330
332752415
27717536
4289548589
4154684246
4139812203
1148964476
4173613657
442606226
504812407
1176669464
459939909
3558180750
2517752899
1062160244
3354148593
1840619082
1688071119
256498064
1922617949
1086464710
153488923
21618540
1365952137
285282562
4078964519
2576528648
4000696181
2214208766
4216879859
105870948
2333229345
2989677242
2885590399
2418999168
4291387277
2385145398
3815801547
650112092
2231439033
2635455346
499578583
3834419448
2422733477
1029430894
1898022307
653730132
3005321041
1993405226
145914671
2513789296
615643325
280188326
2861228923
919401804
1722426089
1768358370
2485553799
1752119528
756267477
1274131422
3115842643
1628784708
2006788481
3208046490
875857119
2373713760
2273680877
2331236630
1780494379
3944741436
508101401
4001072210
1058654775
978949336
822871301
3308430670
1445388035
2755193652
4240969649
348895242
851425935
807524688
657936157
3242391686
3298519259
623377196
1484828489
3801768642
2856039911
858434760
2040781877
4166365886
909716915
4289792548
2208645601
4139148410
55516223
1921380160
2340031565
3921130486
2737278347
3725850652
1991518073
2848628018
3018280343
3749806264
2230206309
3729906734
1752819811
2458690836
2583150609
1239280874
1335732719
1965506864
4106278269
472451942
3853491771
382923020
3204869033
3318952866
1027051847
1874661544
2713595541
2313036190
3392409363
2073738244
1245874753
3370733914
472277919
1950666528
2352917165
3257794262
316578539
3356747260
2354740185
1178281490
3657924855
2818333848
531016133
2540798734
3077743043
3379187444
1271439473
1950323146
2015643983
3084753168
2481359837
119377478
136283035
3527792364
2119391241
944338050
2163350695
3491652744
2130358517
2638413950
3137380467
1783258596
848102049
34057786
764566271
2209390336
2523625741
1208924598
2845661259
3986146268
2840854585
386211570
995255383
2747410552
2697806885
2605292014
1047071523
474605780
2672996561
1311286954
1898682543
121430256
2537583165
2212004134
2453870843
2583211212
3330241641
993338722
3577960455
1111926888
4143014741
1799114590
972480979
1563946948
1872538369
3393813274
2456486495
1304518368
1117288301
3406947478
3283862955
253202876
1673049241
1264617426
2376071095
516613208
3019509381
814883022
3837076611
1520661172
3987599665
3989908362
2878052367
775755984
493258909
2953962502
1450335835
744714924
329433289
2882422338
3322102631
4029537352
4214900149
3363966526
1684984627
3789255076
9012065
2783361018
1367890367
997134016
3042813389
3069149046
697426699
1762348956
2644547833
4001718450
2999466775
2702086200
281348325
973281198
2108616163
1341058196
1542611345
3312525418
1142703983
3017162928
3505442557
3313612518
