1432329847
3904298008
728507205
3160518286
2289686339
2140735092
348451313
654882122
671094479
1265109136
500905309
294857158
2609735963
2177597036
72997257
1136068610
633838119
2155267080
4244933237
770444286
2376807923
2919560548
3336811553
1789374906
2526513279
1519709824
993034893
358167862
3541736907
3156560732
3321946553
1931842162
511525335
3803211768
4088626597
694388078
3373203619
1074290772
4280009297
4258761258
1127360047
527634544
208526269
3702512806
3542597243
688264268
2095756777
2688579810
2711328135
3435317224
2269904085
3598654174
686831443
829572932
15735937
2151628442
3544903647
54619744
63324397
2251169814
1398786859
1042078012
3707393561
1603189586
66950455
3486311384
1885407237
649448526
1515837955
2916198964
4238590641
390450954
924640655
3137275984
3962352157
841678726
2720908251
2564332076
517128777
2203539906
1027490023
1085127624
3628441397
1161730494
2031544499
7702820
1060746465
3725736826
1503856447
929750592
424947533
1925020406
1421650059
3999815452
802617977
2342605874
2545457303
671371192
2299314789
118522670
3216139107
2221728788
1651831569
1435206634
3499644143
2500063280
2544875645
3149697638
4143413563
4223340556
3794402985
372484770
1619500103
841981864
495546773
1524795550
930564627
2491857668
2094562625
3562580058
2356661919
201932320
1550994861
3535750614
3146331627
1971307772
481218265
1318411538
2542160887
2672733080
827239621
3106646542
1752210627
2068975092
1369920369
4141918410
2289857615
3766077456
1972301533
1058837830
735895195
4163204588
185101065
1577937794
2672797607
859861896
2427417589
2485315454
157899635
1662901476
2162455969
256542010
2057389567
1377078784
968399885
3119218870
3625808715
4158333660
1301926713
3684881906
3980308311
631502712
1757333285
3351199982
2951513635
1173956564
3075662801
2508012970
2208383919
2354614256
2019710269
2650998822
120976379
2962213836
696649577
1008508002
3111019271
299382632
2001708629
163034718
2152013011
3719491268
3732250113
2535445018
3740757343
2525285856
2847873645
1476012950
1724997803
368210108
3098544025
1107410642
2931409591
3875287896
989139333
1501775822
3716030339
2480550324
1284482097
664355466
2464072463
1134053328
516025245
3592940294
3143285083
3279032748
431674313
1838759234
2595999335
3622759240
587335861
1884878142
425889331
1908273316
4104386145
3490746106
542262463
575798720
824035533
4171449974
2415721995
3963465372
2684972025
1827280818
500139543
1263492920
3213462501
825212590
612198627
275590036
2524288145
4285314922
856486511
1831923632
1933947389
21183974
3869454011
1262765964
62836777
2344308258
1527769543
3413937960
4049509141
415147038
1041870739
2293686916
4001857217
2052373466
1367985183
4201913760
3765217069
60739926
3891809131
322231420
2445148249
596893842
2824337783
4136991512
437532229
2910627214
2755813955
1663702388
3860641009
3408895050
2365837775
739936144
210085981
1426915526
2473022491
3732827500
1537866889
196792066
1044559143
1853432584
1274895733
4020290302
1136820467
2283127908
3275241249
2988726458
829817727
3756207488
1413723533
4238658614
1864059083
2672818780
1743111353
154605938
3895139543
3368453880
2049773733
3374447726
1747258275
797503316
1486685521
2501505322
1973117231
1598885744
219795133
591213478
939469179
2409136972
3784595689
1053802466
3022794887
2128389864
2826325973
2109166046
1807024723
3511850564
902700929
4021773722
720300767
1335307616
3040539629
2204972822
2445145643
554108988
1217968409
2634793554
2736844855
3722085080
460069637
450347854
1736271107
352434484
3608053169
3278091786
1839964303
2713749328
597304605
3649820294
3066212059
3976890668
2710955337
1379016898
1487166439
4137622216
2288087605
3887747262
3813225395
3253032996
3579918305
122020474
1422688831
2189958464
3085591117
1404047862
674780043
2765227548
2783894905
977918770
3406918551
2378788536
1164531045
3579181614
2242080355
2936828692
378091025
407169770
2718732271
1248653104
2325654397
28371302
1577706555
21790476
4089881001
1327100322
4085462855
196640424
2035729557
3999383454
3285652755
3007711748
4245258305
688377690
1910950303
1840119072
2632581293
1160076502
1994547435
3005805564
1040200153
405365778
2111088375
1821067928
1270661061
3344212238
2448369603
2501975284
2552567409
2985660362
3952488271
1816807184
146760157
1097100358
3895249307
1389782252
2084474377
448737922
2023801511
807457416
351160053
3999637118
313960051
4209814500
3554605217
3778358330
4044734719
3254832384
819056397
1267013558
773070411
1350816220
451196473
1239571698
88246871
1243092600
2382256677
1535883246
1203278115
1521989332
2834966225
179152042
3475013295
3595603696
4036249661
1516134182
2072207099
3827317452
722840169
1985602402
131399175
298849896
12581205
3766349150
3242190803
3931192772
1291428097
403044634
3979438175
3967323360
3426340205
1988575894
1780845483
4250574780
2461297305
3198993874
3610451383
845664856
2009474181
2561883854
1314368131
2403877044
1646290737
4171573642
2105769487
326616784
548757149
710328838
2858787931
866255020
1013184201
4280419394
3975670119
2596162120
3999521717
1499638846
2898975027
3471556516
661748065
296891898
756137919
369966272
1404697549
4058242422
3010373899
3055902108
1200049913
1103142578
2508087575
1836219960
2158763749
562247086
958690275
3192568468
2830096273
2920554090
3549900143
1790439088
62563581
2869269734
1932237243
1003730572
943813417
776967458
2682356935
4041436712
2607934997
2311838494
2662300307
4063506820
3999171009
1852957402
596559647
599186592
938105389
89319510
4266096235
4082895740
662004569
2052450194
234640503
2133858840
742934853
884186254
2272718147
1865884788
767588337
3107095370
1513327823
3741910672
2419858269
4062369734
1076707099
1932352620
4073070473
1494914562
3295268903
1983349256
3514970229
1047624190
1279642611
2577568612
4174952993
712835002
4018175615
3060624512
1969416333
344744758
2869425099
2843126108
1821812665
3953434738
981792727
664315384
171090853
2902225774
2762413731
629505620
1852459089
70801450
1177590831
795020912
1221706173
828803750
3888288891
3425104460
2349464553
2965047010
711510919
3367142888
1714201301
3758852318
1457900883
112125252
1777869441
2651557018
1539237343
724102240
2495325933
2672315926
2248679723
1223505724
2634226713
4108634450
1089489719
1654923736
3053661701
18201166
3893161987
1622001716
3016050865
3579682058
2019974031
3602777680
1007917085
3062410630
2890111451
3040376876
1881475145
1114171330
3451287271
3259791816
990463285
1934755774
1273462451
1993418532
819247841
2102757754
3743546687
2598460480
2861339981
1094625526
3349151371
3191321884
2329067641
3511575090
1930841751
1749716408
3612469349
1136095534
2499836259
2619867668
317290769
3470414314
2108476143
202501680
77176445
3946922086
1007177531
416935436
1462715561
4150016162
3593130567
2029870504
1034950549
2566715038
2762137619
595679492
143033153
3633509978
2625750175
3666787360
1466807213
2988930006
338136043
1909334780
1411224793
2551802642
1322189303
2894326168
565629637
597268494
3671700163
1332489204
1827592561
4008081098
2396777039
3260466704
3371947229
1430799174
2976429211
1568887788
1161867529
2496461186
2543705511
1052586376
1740184053
2378454398
3329225075
1110932196
2015722401
469488442
1656110079
2066287616
3354853901
3317345974
2079770955
1210613980
1660655929
1014883314
2113037655
3746051448
1422519589
3950259950
3572538403
3992077780
1861052881
2411334570
2429270447
2827259376
1003633469
2522199590
2461846011
1705814476
2322681193
3153275490
2447874311
2709779816
3200011349
710943838
44479187
74157252
3536430081
264773658
2895602527
3383249888
3032514669
1806719382
2070263467
2713636540
1837419929
2377370834
3596122295
3968823640
1008940933
2180986318
2325558659
3878834100
2449287729
1737298058
341063951
697517520
2612318621
1814141190
3529281371
2412638124
3269007817
3926313794
1893729383
1799989576
1414639285
3817366334
2527011891
2543160996
931855457
3627015418
2700950207
3473177536
1650601677
2948625526
4207694859
1527319708
1976644089
921904562
1507408919
4233207096
2941956581
1777511598
4013391587
2795784596
456530577
2291631466
1447913583
1819995568
3007027197
2959338470
3466593467
3059688844
3599767081
2017451042
207560647
2718321960
1175535893
3388281374
2880521619
623739012
2441184449
4117432794
314556959
1345690528
2708737325
3114467158
1317183851
3430890108
3388524121
3212045970
910995319
1921431832
2450021445
3255210894
3793188931
2478846836
464534257
1628531274
1066354639
1412662672
3640561245
1490333382
1373579803
802704236
4188947081
2614516994
1748822823
2276581640
3180528501
2321428734
1463097075
3534447204
2546285857
1135716026
2159475071
3459492736
3465419661
3440376374
920690379
3399047260
68389561
2322474866
3314209495
4012295416
3552851621
1156770414
781525411
301862228
1887669073
3140665130
1693570863
2142571888
4019565757
1999364518
2456944507
3467731276
2890637033
1711427042
3025233543
2588173544
4033803733
1836826590
2592249939
3246863428
3446547841
4214993818
364568799
2247535456
3527956973
1237280022
3762179115
2781832764
171540249
3608793170
2372642359
1311359192
1881555205
1232056654
2349366019
2161497908
3267890097
3174269962
122492559
1240958288
1704528669
958497926
850429147
3781322540
3128961865
3288051394
1282707943
2478168264
540874805
1476771518
1660012979
255391268
2173976033
2957062266
2829285439
1886821184
557500493
2875801590
3807619467
714695708
243442553
3232688434
1070016919
2810686648
1858501477
3258247214
2647229539
1002410260
2274737169
3914053866
326698479
3388140848
899715453
3899496294
1089649211
845372684
1013180329
2130345890
3095293255
1778269352
2593483413
3400805790
2312809235
3577260036
3478095425
1392123226
3158884255
1118534432
3153946285
2311424726
1129887467
2708427260
2399598553
1046835730
3128253687
1329105048
3812419013
1039830798
4080025027
2587048692
302193
498294218
575513935
3533653264
3863234525
3938982470
932224923
137118444
2517554185
1010221186
2890332327
1326813320
3104828661
3795782782
3566550131
687753700
2646081185
798915130
2139272959
1837976320
791164173
2559329718
1908765771
3469291484
1440644153
594897650
122568791
3576976504
3978395685
3883443694
127182627
4020819156
959229137
2493674154
2023945391
4076113136
2317102653
3253275942
4242683131
624236748
2006511721
2095608162
128332807
2968769640
3779370837
1465801566
4101602771
469883844
2682627841
3999680282
3442040415
504629984
2471703405
2809491606
1251074475
4078894524
2032218265
521589714
1546245047
91426904
3087813253
2238131406
1112457347
2342018740
203812145
3830511498
122745871
1978320080
3217048733
193490950
3812588123
3354779308
3709484233
2655490626
3597934439
965806152
2227929525
2127174206
2262789939
3149618596
1425047393
2475262970
739554751
1027062464
2367054285
2721647478
370540299
3404250012
1525093625
3162614962
450893591
3891051576
2073380069
2055087022
4139157987
3111770260
503864721
4277595242
1798284143
1652157616
2982710013
2170438374
2835378107
2867238028
246069545
3649839906
1351137991
3471125544
557618197
1228556574
354357395
295882628
133203905
2134913242
3474767135
1878022816
1292484653
2425296470
2292829291
2392746364
2840078681
1659762066
3511224951
3231275032
2069131077
3312814734
1680081731
3234153076
3756785137
852250954
3977708239
2073691280
382533981
4179789254
2021463323
75446892
2690803081
1139680258
3652978215
2464694280
1076876917
1130817534
345006579
590360932
3489513505
1841450426
2501473407
389409408
2412072589
2519699766
3265612235
4072146780
1583115705
1435741810
960277975
259056632
115460517
17129838
3052350627
3841104980
2397621841
705242666
2178880047
1078135920
828745661
1686976678
3893193339
2268581964
1918452201
3466958050
31850887
3818013672
2000505045
2517104350
3867894611
4057695044
2419075201
2001197722
149085151
1342204512
2648771821
4073880598
1348499243
665687356
3225149977
3014317906
949158199
2422955992
2044023813
1675995214
57673219
1702487604
873909937
3940903690
3395277199
3949790288
3492445725
3512097670
4194922459
1636324908
2963754569
1189770690
2229185767
1524316104
1744628533
97875390
3630699699
2065483044
4154441953
269014906
1632695103
4081572416
1274346317
36689654
708007051
3656848156
1627293305
2020306994
3777234071
998296504
1002901093
3234750254
1342082915
2110988308
2760769297
3617136618
326189295
1947200560
1303610493
1765142118
482944315
1038666764
3546581673
1442104994
1249773639
3468368808
3221667221
4085736606
595490323
3094083332
2170849601
138232922
2168175263
2516859424
4204337581
1006608854
3027624427
839680252
515660505
2064480530
1892136951
1151936408
3226400965
2255980046
2331166915
1702250996
2170969969
2925282506
1441488975
2367931408
2425928413
1910763846
715426459
1121006060
2661873417
2164033410
1721504679
1361702792
955432949
1540735870
3978725235
2671843556
1956020641
2350719290
4152046079
2301463040
2523228173
872012982
3212844875
3563445980
596467513
1858662898
1364597591
467432312
2265256741
3214482670
2409935395
1339778004
934801361
2305218986
916860847
2778762224
192028989
1293444134
1777573883
314148812
579638121
691648610
420531975
807383912
2555966037
3615003230
1186482387
554969796
3830295041
601910810
4276574559
3652962784
2549212781
2580973462
2276068523
3782945980
3850998681
3805666002
413609655
1829941080
461462917
317400014
627854211
1819962804
10137649
3740327562
108637967
3900589008
3168253853
2022393606
2366530907
3424243116
3139919817
2346998082
3451140711
4120143688
2949731509
2603077950
764131891
727526564
2946630241
3015650042
2119708863
1353120192
64394445
961389174
3041634827
4123290268
650704889
1114387378
2291331607
541317944
358340581
3274021550
4288779491
3872090004
3777405073
2167559018
3258834543
1018489776
794918397
2381617638
2991381179
157942668
277961769
3258214946
475944391
1736444712
1559488277
2006679582
2331564947
2811502212
2175503041
2079414234
145078303
1927748000
1789621037
4195822934
1555887979
700029052
4116941913
3569613970
2398184823
1499985688
405570117
2936045966
3181153859
3863368052
2859712753
2657302602
315276751
1161593744
2041017437
1124883654
1678180379
3777112428
383944841
3244419842
3370590503
2279251720
2304289141
3649806078
878161139
2066808932
3514975009
414119098
3701993343
2171873664
3909648781
3756730422
4267046091
299021916
2876330169
3172283762
1167755479
2021065464
3549125797
1362352238
3937744803
2388863828
4187623761
3233516842
1291341103
1628244848
1044486845
1770688422
2559890811
3854188364
238216425
1520753634
3274087559
2493260520
714578901
3383766494
3942657619
2276184644
3795725185
2184184218
3845576415
2034641248
663076845
176263958
2255397419
3196568636
4010427673
4204256850
4066794551
426311384
51406597
3229065038
4265840899
4271502644
934384049
3463664138
1906216079
2870903632
2882007325
4012323462
2991479515
631915820
2191159625
993344706
653576167
129799880
1112063541
3972082878
1548378035
2860291108
3270984673
212631162
3106565695
324344128
1522216525
3046272502
1298071435
3159409180
2990958969
1753478962
120381335
339077816
1850974565
2944652846
1537186403
1382199060
2580693521
163743466
764771311
4201179952
2094167933
3717875046
2139852859
728382220
1278291369
3964341666
1009361735
2536766120
3724808341
2205588382
562970899
3172681220
1321569345
1750887258
2606413215
3298359584
1128320173
953530582
394202347
329625596
859684313
3188817938
566629111
2094384792
3907849157
1829797134
1377915843
2704627956
554967665
283192266
3652524879
3789832976
4160302557
1520158790
983856539
4252115180
2400131593
3541978754
1990012583
888819336
392270581
1787329150
3223573107
2499799012
750847137
2708981818
2057284863
3188312320
766417677
134443958
354863691
1224642012
4228399673
2390259954
201979479
2738918008
1383376421
3822425070
488684835
4270453460
2593075921
3725017258
2060806831
2961738480
4023653437
2816719654
2314275579
507115212
3142334057
820445026
1982294535
252154472
335103317
447662430
2841842643
60979652
3489770753
540448026
4057027679
3969878240
4070349165
3000213142
3803068331
1557355452
3804100249
1223746002
3151006135
325996120
2525130885
2592807630
3824539267
2044230836
2673570609
3345794442
3251530255
1900921552
3271240349
589962758
2143899739
2352594092
2365620937
584917058
111170919
2404632136
90384309
2829158462
983827763
3598384036
2006943073
2832257530
1204267967
4182915264
4137863117
3841866102
