102073011
2764004132
2191875809
3393576314
3167633727
599314496
3384113485
1697266934
3951985291
2112645404
3669484665
2957588018
1783304855
537952696
3751234661
420840750
3669982563
2792568340
2742230289
19899882
1064963823
1352032816
2576056957
543282278
1571279675
1082892812
3169675433
1750863010
899716679
1645236648
1960737685
2788166302
2654135315
2506722564
1778984769
3717024346
3467643039
2046832672
4167604141
431818710
1673007083
4106016508
2851387609
811482898
717604343
1310973336
3859691205
2984356878
3229267651
2217828340
3249175921
63294154
3450547791
737491472
2621421789
1620236102
1865037979
4277077996
4117812489
966184322
341156263
4029293960
2809757173
912353662
3764516211
1696181988
1918508961
3456116538
1516666879
3996418048
2210653709
905593526
4163456331
2605790428
1740946745
588036082
3484100951
3351390584
2385727781
2544255726
2071175203
4197546452
1356533201
3156434858
4254924207
876413424
644357949
2093632038
765480443
3453115852
1846767977
1770454626
4242627847
3091917160
962645
325531742
2650453715
3309813956
1857046529
3822482458
