2211026057
2212857602
1438518567
1556912904
1611298165
2212166398
1963415795
2393160804
1196085025
2812678330
1348230015
3500516736
3253980557
270926902
1627070667
800977500
3326827705
653250930
4225529047
165150456
1977624741
1154102382
771744675
2243290964
3686112593
3790186794
393722159
4203579248
1462757053
200043430
1362428283
1667529548
532672745
2643884002
2845018247
3123453672
223307733
1951238622
1134942803
3600649796
2439821185
2673155482
3846259423
752199008
2369194989
1154117398
4291415595
2276524092
1879724313
3093330514
