3620601979
365129292
3194243049
2778260194
2069165959
1245233640
1374006997
3208193246
341752147
3755663684
2476469889
3936675994
1446023647
4185303136
1670787821
3760810518
1050578219
597209916
656435225
279553362
2509731639
2527682008
1278163461
1511675470
2138102787
3972580404
764155057
633207050
3992127375
2808791632
62989341
2887829894
2082801115
2696082476
1321555017
3671376834
14197479
1150334408
3832041781
401449918
3824577203
765141796
2407433953
3745310074
42576191
2175604800
3956089165
4115514614
2911660683
708915484
3937799289
2887859762
259226263
3297626552
748942437
1974078766
75130211
3848338964
456541457
3221794282
833582831
213690928
1882008189
3615972454
3871324987
1697802764
2501218473
1247155362
377683527
721394088
129311637
168202910
1917307923
1458132228
2939572033
1187533402
1944023199
3906500640
3457433517
3227815894
3798595563
3996491516
4240892121
150619922
501362167
537208216
1496243909
4118426638
1030332099
3032688628
3603015025
937611978
3428095567
3254747664
1534419165
3745275718
2985697435
1236914156
359464201
961860994
2418805159
3481103752
895755765
1379660158
2762661235
289240804
4191897505
226438970
4178175999
1072744448
3070463501
2502281910
1838101835
3555589340
1198187833
2590818290
3938160983
3641143672
292026661
2755840750
3314976803
1315389908
2370188753
1736730538
582641071
4130032112
4164011837
3841446438
3827316219
2965448140
2682493289
3372811874
1839973639
1073885544
4077738069
1229307998
1282907859
235899076
1116041217
2073656346
2363559775
1408108512
3744664685
3813242262
1263805099
3152169660
12196249
2947590354
3419907255
1535946072
2699510661
3904623054
609821059
2714061748
937162289
2233822346
1169745167
2486698448
83516829
644986118
4019583835
2025876396
1351706057
4138379074
3671732327
3330663752
3527981749
3822845758
654708787
4208429732
676120673
894384378
3594315455
2915579840
188398285
914854006
3826302987
42633372
2865528313
1946026418
1125017623
1334630712
1598340581
3315419310
3439946467
2589279636
2610620049
587063658
4062712943
1126017456
3429311485
4251060198
2997842107
4230979980
2408473129
2607921186
797920199
3909126440
1890471189
2998316574
3719180691
2165144708
373903553
987260378
670395935
2457294752
2343737645
915938134
203230571
2153690748
330961497
4002204306
4265073527
2566911256
2954389573
3651088270
520053827
529477492
1234896625
793101898
2430596047
1708409232
621812317
3749759686
2009372187
294045548
284331657
1821784322
4020442919
1768561928
2010517365
3800943870
96994035
1177116260
1133709601
3899458234
2162337151
49506176
1026729869
2805143094
64031435
2312557660
1436210873
43320178
3609984727
1474167032
49955493
1601799790
1704136099
350947668
2666813265
4097121066
918061871
458475888
1905082557
1585839526
4113394555
188603724
3570789097
4216334818
3404567175
1169858792
2639790549
1008294878
548111443
3953340484
3007443329
4131721114
2346487007
3157550944
2287134189
1745912086
2005186603
4016759356
3599158041
1867426898
3552760375
3894344920
3548531973
769936718
3625740035
1507906356
3300841393
402907146
2760491663
1049903440
2692126493
673816710
1296167131
3083658028
659584841
3034024642
2638659047
3085571272
2731287605
605117118
2612049331
250802724
879626721
2023263354
2679841855
926046016
1638618189
1961384950
2140149131
4254261276
1217785721
3488728370
634672535
3787122872
2840102757
3080160302
2582868067
3387460884
2954004497
2632586474
1194045935
1720559920
744758653
103002982
240789051
1638652172
2692363177
3798227874
1854314823
904951976
1439331989
2603469214
3492779795
1234215940
1647268417
3751770458
3210111903
2833594144
1238626989
3849496278
2689278699
2093403644
2850046937
2612416018
725125367
413779096
400880069
189475598
3127912899
1014642420
570910833
3776952778
930500943
3862429968
468571101
3727439430
852364187
3478306540
611000329
2838404226
1921328295
1908788360
2414541045
1042720894
58730611
821315044
2745027233
4153529914
2575721215
38078208
1298448653
3982975414
3389907019
2977868764
1149093945
634668786
1841785943
2632159352
3203370021
3552002542
887788323
2232275156
2813688017
2665270954
977379503
3431680240
28031549
2986027302
552968443
1127847116
3812310121
175000930
152723463
1499598952
918924117
1169422174
1727687123
1452660676
735146753
3903300378
2300775007
4031366880
83214189
3699281046
1496337835
1546811836
2928049305
2642653138
2740518839
3126873176
1241536133
1469302990
4038765699
1931172532
2587146545
3965277066
3227885583
3833561296
4231385245
2672331782
2871584347
2077776556
1493338313
3814420034
3189656423
381502536
1005751733
2257434174
402021171
1206737316
4192357217
924377082
2500092351
3689641664
2501832141
510666614
369781515
3109697436
3390202105
234653874
2915386135
4179097656
1890537701
2040053678
3241702883
3524973716
513616273
1003309162
3870969711
3037505712
3055818493
3754712806
264231867
3014070412
1306068265
3979214626
1231611591
265250856
2634653717
1902896414
533462163
2389887876
3639104449
3273493722
1879206175
3928102560
2927119405
989082198
888420459
2171463036
3308877145
1584845202
2598647415
486708248
4136926021
3095275150
1706815299
1770274420
637979121
1534111050
1981263567
2167062672
1712229725
3376325062
4178739483
2703079020
3587617161
3172859906
2396140071
3868228616
1671619189
319194110
1943227891
2946379108
1610320929
3371018682
2029330559
4226131584
2375670413
3586305334
1447409099
3907355484
437500345
1378519666
2760759767
639115256
2873611685
788266350
2308774051
4241463380
1837734481
1971028522
3814047279
1204930672
3465360317
3445052582
2105071227
1991527500
1360236009
3294851298
2654088583
2029551592
2773898453
336958174
4116991827
753368900
4063491201
3770758810
3132393439
2922260064
4212889837
2928908310
2253841195
2688094524
2394500633
2286924626
815410487
1347460056
1784766469
2479506510
3291738627
1265951284
2117966513
270911242
1330412943
3287924816
1043859997
2043574150
524999643
3806515756
1806146121
1345737154
3009468647
3774837704
2210133813
3109097918
1909915827
2210840868
3198782689
4275057530
3961036607
1509135936
1268090701
2703160054
1031782539
3554709276
893506169
2082360370
3504418967
329516984
460921445
966851374
2564324195
283909140
2906311441
229080042
2262035695
1822074928
2410090621
2019297894
3437269307
270616588
497735337
2312020642
909521991
1956468648
745261461
3815833758
2726519315
766767876
3228849473
1934794842
1878615711
338556448
1604298157
2770124246
1612205547
743701756
1808115417
2228114706
1127932919
604660632
2988901573
255336974
1994568899
78464500
463022961
2889392330
46402639
1957462032
695355101
2394426694
3767662235
2766646764
2872394505
1986290562
3129622439
3318360968
3640511477
254631806
750875507
2686915812
3198963105
3934289210
1429134847
2916435456
2748445709
3460626614
1048087371
3456850652
3697060665
3583495666
1904166743
1903931256
771956517
2672277742
3114966563
3660603348
3060841425
2249274794
3891583919
3408349168
4264668477
2660925478
548867067
3282961356
2757681001
4147090530
3472135
2726162280
3473538645
1430138462
2716415187
1285039812
1281979905
1821493786
1452344671
3017901536
281309805
1280287638
2499311787
1501472956
2099175321
2108864210
1904630455
670034776
2594531717
277331918
2827499395
1089300916
920222769
2439592586
121527055
453181392
2357019549
2780521222
3215446363
183257516
3846155209
3379049794
4077807207
347120456
1613258933
1784376638
2136122931
2692688036
3368275553
1572767482
3673676991
1867167168
722411725
1794424438
2347767307
3945129628
2418295801
1750536114
2233998871
2942244664
262530021
632305326
1993572579
3831260052
569076881
544780138
3715664495
3409422256
3740076541
3184702950
1539065531
2501541772
2515511337
2252752418
2867757511
1650083624
3924882197
2671582238
777373587
89397892
1590908609
2118038490
4114310175
3842561440
55181101
2448181590
3082249067
460919932
2743392345
1555880082
440177015
2881565464
2963050053
1031347598
1139046979
1811238260
3367931121
3782710346
2474338767
4273815440
2350448733
479754438
4283198491
4172326252
713479305
2734802690
1806519591
225630984
3590042997
3768269566
71997683
3767467108
95424289
3930738874
1681103743
3591628160
906825101
1156465718
413556939
4277154396
2438503609
4263252338
3399202007
4245569272
2904647845
1385854062
454239139
2066753364
1214963025
3734890794
4263442735
2492188528
3063490237
331656102
548422011
1210497868
1662857449
1892857826
2770520199
3555876584
2581637077
3073231326
1116281427
2477248068
2154952577
437869978
2461565663
3210995040
3958393837
598912790
454364715
637747260
2142736665
3417094738
1545439287
3208526552
1087140613
4224465742
4088888579
2978279732
2315804081
2116267530
2654681231
664485712
218463517
286215814
2722088667
301252908
1271577929
485562562
4079416295
2949698248
3073886773
1202505918
375999411
2081853476
1580273633
3789806202
2543983167
3656439104
3649813069
3924920822
2539350923
2636791324
3770267001
547803954
3231320983
1246308024
3006639461
1808167470
2972288611
2859182868
1118768657
2185290474
2695374831
249800496
3388343165
2653970790
3528653883
1620227852
1017608617
2962549154
496095047
3607508648
3147373717
1389377438
2571316499
4082319876
4194654273
1910622042
902324639
447919392
1064786093
1868747990
3520166123
3973917692
1920403929
876764178
367607543
841417368
1475680197
1900091662
583090115
4250686708
4084657777
153978826
3728590671
1566375696
3020077533
1625285702
1799479707
3128466668
3653985801
284568194
406543015
3146418824
1084006133
894441086
3496918643
1322640356
2064044193
1447765050
3691206911
849446144
3930793741
2814283702
2060400203
429132252
1057459769
431445234
2783126103
1188023928
2393027109
1995714542
64399651
1036971732
3916955345
2367790250
3688109743
3791603440
499359805
450221862
2472834811
572420812
323912297
4283226978
50042375
190172776
3956953429
3890505054
2906914771
3759568324
3561847041
2002252058
2771058783
2394244320
849290605
2730277526
2930549675
2747717564
2625847961
3225271762
3865032119
2486930008
3268836485
2207758030
4223779459
4214978740
1036664625
3830784394
3393394191
667057872
3855660701
2848602630
3708992603
368851116
625528521
416349250
699040103
2959082056
1860842421
4282721342
219869491
4102879140
3304149345
423636474
1477924799
1474688192
4245377997
2350208374
4123115787
2280494492
755115769
4077754034
2033645847
1650603576
1814591205
971222446
2648345571
3239703188
3582308241
1090524778
2254620015
1973331632
1992424701
125111526
1185198523
2424958604
2547141417
3602550050
69213383
3500221992
2271495701
2888454942
3108737683
3585173892
3624556993
3694910170
1738563359
1932235936
3123163693
2877317206
1147571819
1048593276
3734780761
1499389842
742452343
893112856
238068037
3633321102
1769538883
383933556
1640124401
828013386
2567644367
3465264784
3341775709
1234063302
980571931
138384492
1057159049
2386660866
909404199
3457235464
4276127861
3142316542
1731060723
3371944804
1689293345
3162699706
4070446719
2172527744
1720467597
1689639734
4210232267
3153518940
3949559737
1986631794
4183134167
3435159032
948370341
978643822
3388288675
2148316756
1603805265
2677821482
924070959
4051814000
1504778685
2714632870
2396236923
1872046668
988992489
1889402594
2411684743
1185431016
2868312789
2506227934
3088704851
266607940
2382101121
307070106
3286793695
3755320416
2328952557
929941014
3854514475
1892249404
3649172505
2842018130
105702199
619174360
2260960773
3588895310
380045315
2081488948
404693169
3523056906
1096151951
1501085264
1021243421
1575757190
2250289627
889368620
4156153929
2332549058
211357415
341717448
1832885557
1059356606
963090099
3890372388
1124373217
2446557562
1381471551
2804552768
999157069
3210748150
1025709707
1232071964
2063439993
764107314
2768168599
1974093240
2692628581
3188189486
2464584035
2254912020
2691649809
1790331370
1151886063
1030268464
189855357
3886069862
3467732795
1124083212
762322089
3333894306
3566824007
1294669224
861040533
1498115742
1684994067
2322501892
1055021889
1263332954
3234028703
2893247520
425397165
3024415702
2776015851
2925681404
3992218841
437412626
1396939255
855613848
961489605
2707820558
1846266563
377971700
3651187057
1744727754
2044953167
2420735504
3953077469
3299064646
2195573915
363500
3761080585
3907252610
999847335
1124526472
4140265973
546229630
2659715443
755020516
145576865
2867972922
3724792831
2158609408
1355831821
3922994870
789700939
2216212700
2625532217
1647500274
3136486743
216001912
281953573
3401361134
3278812195
2682879444
1892368849
604898218
3319746991
18040304
2422313789
2527931942
687727099
1317724620
1611277673
2462458466
3245224199
2213129576
3174474837
1839635550
957008595
17876164
4085087233
2029656090
619772767
1891959776
2592462957
1338364310
1447874219
722142908
1018406297
3575956690
2984579255
4014156120
4069756805
549694926
2590461315
2449835956
3741778481
1427966090
3111375119
4206755280
942680477
460656902
3010045787
2366121900
1226699209
1100333890
301112423
3653984584
2553808565
3041581886
1901018163
873907876
510317665
3650999546
3160593087
2243769280
991135437
4057066614
58682379
2142323868
3500935673
505421234
972149783
35738936
3057060325
640885934
3863844579
1481867668
1768682129
224623978
2440626287
2755765680
2913136637
749954022
2155420859
2515885452
2206264873
1317721122
83736519
1252263208
2774767893
137595422
1890409875
4018845828
1955421377
1293222362
1999723039
2223657888
51471661
4155537238
2332146027
3666047612
2793381465
3294422674
2163296119
2842849560
1062253637
4190309262
2256113731
1514892148
554832625
3139002954
919003087
3767942544
1196549725
3223332550
1518617115
3217720172
1128995465
4007482626
2657583911
409704712
240212853
320383230
1283272435
1491376740
2902267169
2945949370
3560214911
3995362176
1326936973
2769908278
2905323211
268013660
1481007801
722673522
3770378967
2234416376
2105052837
1445683822
1178810787
4217718100
3809567569
678868778
1043689263
1320404336
3889499325
3883096486
2011371387
3707738444
143947497
868566498
235404935
3239714024
144264661
514996190
102150227
2442947652
1255275905
962440090
4265900255
4286800736
129872365
1506073878
2522178603
1888198204
3424147225
2440742994
3743956535
1900902616
1816566021
2451843406
3707933443
2602110772
1484907441
2075360266
3902582415
1234320720
4257506077
3496279174
2062392539
1007460140
2675245897
175810242
2948016615
4272394440
3587403829
263730878
2329010611
3072994852
2636387809
2124359802
3426291775
2980008768
2711363661
2439690230
3738616203
3367083036
873298809
315351346
772784535
2244437176
324195173
2690998318
3994000483
2497628436
4135293969
923250922
584359407
3895043376
2209868157
3299676006
1912328763
2808714508
537182121
1010136994
189596999
3339449512
3281502869
1726129566
3020342035
3808813060
3205193281
1871975770
3236583327
3111138080
491437741
3821208278
2332544747
1625524732
238931929
2789108242
2873750775
378814616
2251636165
262604558
146953667
1076785908
4262884465
950752714
2243247439
4252106000
4693981
704877126
3613767579
1703836396
3998985225
1848490114
3567358119
1279215752
729695477
1089045630
1192055923
715620836
2543834785
1484026426
187715327
2280522496
123833613
75873718
188779595
4254689244
616649785
520774386
1622071383
3014397048
3833976869
178331118
2826092323
4034923732
2087355601
3134614186
1444318383
409158896
2248902205
2183169318
2441301243
955470028
3130116201
563833186
3951873031
4231629928
1931409237
1451545438
4114453971
2676429764
3657006849
3782754074
2246243935
1242612448
2021165933
3278563478
1004075435
3746248124
2377123993
744999890
2216061879
688310360
1507631749
1477158094
880334979
4115371700
1250936113
1405153162
2228259855
2213903568
3013319837
1790699526
4071395931
1611667116
2160006345
3015084610
1541846887
2163392584
202496437
4234973758
1542424371
1327273380
87054177
249003002
3084537279
3905974976
354925005
204112758
1697191691
3262182300
2871127289
1502520498
2002300695
2124182584
500276453
1520343982
2925027
2584285332
228472209
4121093226
2931506031
1193321648
3012551421
2643311334
3107555259
2505886860
2298188073
1572281122
1569149639
3227706408
1945037845
593019166
75180179
1121978244
1683775425
1086990554
3555611935
153424544
235345965
3866922582
998827115
3749880188
724500825
230092178
3360531063
4167372824
1945945925
286392974
1256594243
640711284
917362161
4004792650
481204943
618445968
1015044445
4031643078
260189467
256995948
1734294921
886381570
1413914151
3699505160
877538933
1476485118
1681422835
2152294756
244684833
864568762
3103198335
201761408
531539597
1981352246
3746587083
3942137692
133121465
2350425714
818759127
374905848
2885034405
371054958
1073562787
3711554644
47621713
3912048170
3280120367
2619458672
2433023933
1421127846
2346615419
2154170444
4227996137
709397730
3489438087
860355560
3804733653
3273551582
3699342163
147897156
3874750593
4283028122
4056708063
242033248
2461426925
4206359574
3705114411
357158204
2272967193
4092317522
2528090423
2490308568
559262725
2692358222
4140441091
4271709748
2066785969
3947193098
1141860751
3890723920
2142623261
3631862662
816220123
387092012
1929127497
189361602
2357282023
1588391880
552813365
694676926
3131583667
3656252708
2626656481
407293818
3041299263
3914371648
1001804621
3490795254
745958539
183454492
1005149817
1080584242
197958807
1788904376
1001612901
2195642158
1923393379
3318896660
1960040209
1463097322
3945584879
4280722480
1663753341
2773837414
1815231803
2110718988
1147495081
2165292706
1907138631
883479464
2624132501
3952467102
940215827
3977850628
2860540225
1320631386
3862778527
833155616
2068214189
1843206614
847575531
4099979516
55784153
1220964626
3455864823
3437551512
1856458949
738459150
2732908739
1783726580
2430089073
3946069194
2981296207
2497084432
570168029
16738630
416916123
3675482604
878038793
282296194
2471930791
3342051208
247535605
106969982
2046730099
936005860
1474189729
3469941050
327731711
946749952
1040105485
1741903030
3210426187
1981159132
131086137
3225283058
1192670039
724839288
969501477
2795607278
1659030051
529701844
1012254673
3246051754
1014613935
401556464
784431421
1294982182
2096412667
3512188876
1390766953
466399330
827811591
1682271080
1033062997
310315614
2447139027
2876859076
3082912257
550659610
2013327711
177766880
4235673197
1839988630
256976043
2961663164
3212340121
906416850
217302711
830891864
682734981
2574228430
2046190467
353215924
2959378481
1346426506
3696838415
3010001872
2282950557
127844102
1255898459
2132018604
4230756297
3744682306
3079066215
2513837896
4202146997
1152010558
2096878131
899572900
2839665249
686629626
4202547391
1897902528
3142053069
1260329590
3401499147
1076667036
3965964281
358165426
3781921303
3352531768
3539480549
1193677486
2608311523
1983553428
4061952145
1774078826
2385081967
1312531376
3095975421
3389264358
2699424443
2126527372
3628217385
1950310946
3183275463
568181544
587611925
1838807070
615838611
3216070276
3614925505
660295642
769085471
4043035040
185125677
3890521430
100405099
1031655548
2628412505
2775381138
2991979895
303279896
3694451269
2390555022
1723770435
1787922804
3533019377
1009463370
4207039951
2338274192
3602566237
1243075782
158079003
3872678252
3678363785
3492340482
131184935
173299464
2698445173
4194703102
1583334643
791296100
3111787297
3092573370
1357219711
3408191872
139581837
1203019830
1096879307
1022553692
711207097
159001970
2576031959
1883159288
4093621413
3928772718
1730367395
361390932
4008175953
1371505962
1996219695
3385574256
2235626173
1502742438
2059791739
1237874508
1161542889
3290944482
2241672327
2368854760
1770124245
4071007710
3948168787
1702955588
2455896961
3557947802
1317039839
4237484384
1538988013
2319911702
1766177323
1325661244
1000938777
1085855314
3705861175
2118956760
3589324549
1894520654
335390979
2526883124
2955635121
2427669002
61744271
611924816
4071835933
3861555846
1464562395
3054796076
2723105097
4252251330
1391943655
611208904
2124355125
4231242942
2028631987
1076743204
1900485601
3469375098
3179284031
1044238656
970753613
3948144118
3590461323
2685468
3264299385
643886898
3996481431
339059384
1235220837
3581169198
3500520035
155313940
1266162193
993951466
1303450607
1918870320
3651784573
4187602278
1834264635
3056628492
3398567337
88475042
3082304327
2248258216
3989203093
1466241950
2692372755
2561179140
826369089
1488347994
3770437023
85831968
1666065581
3264426198
1273898219
1490675708
4248081881
1906997266
1801104119
1173454488
581264325
1719465230
3966987203
2230358260
3253074545
4019790794
2916922191
1182202640
2159838685
3113697350
4147744155
1351899372
3793482249
1087719042
666355367
2749630088
3499092725
3774018174
3881560691
1147740132
2036915361
2114830394
2802664703
2183823616
614986509
2210196406
4217496139
3717121500
1974147641
3050139890
506105431
1668827768
1083768357
247335918
2730415395
488712916
3767339729
2818259114
688456367
4021764848
3129175101
1742418726
2605851387
129511116
1493503593
4049205090
1120797191
2886552168
1284742485
294994270
3202821075
350728644
3168109825
2802355482
2873814111
2723954912
1451356525
3196655254
2159366059
2394919868
34393753
1644288466
4236059063
4173465176
2400372869
1424986830
450883203
3779835060
1082477361
3130834314
1879966223
2031647440
3851846301
1646106118
1811310683
3658740908
3949288137
873207874
3570593127
141917768
2473164725
4261675070
2222202163
3617338276
983522657
2547960314
877478847
246083776
1567891405
514830710
3829427467
3907277212
3295785721
3246371506
673867031
3452351032
95077093
1539934638
1747892195
3706203796
1189526417
3652563562
3754144111
2844959408
3968715005
571893990
3883818427
1109371532
2706691881
35891490
3583936711
1595187752
3802763797
1459040030
2170207891
1442751876
4259210689
1892185818
887900959
739152032
706117165
1810414678
2589669995
3832872828
720488281
4219403154
4010432631
3867037208
2818108741
3791909006
2315465027
393123956
617176049
327030602
2164396239
69057168
1174486877
1031646150
4165075739
911429740
3471541129
819505666
1762186279
2447554056
2213270645
1764150782
3941797875
1434912612
3718946337
2919076794
1275069055
461316224
956370061
2313959222
2203957195
4125728092
4020571065
322417778
3405052887
2195773944
2241152933
1112983406
1807047331
2488726100
3611634769
3526224938
144777263
3350315632
4102612413
1712021158
4103690363
690415180
339828713
1902320354
3739864967
3201808872
3435677397
491445470
3801420115
2544720196
2098988673
666247322
3294652895
3119816800
2462829293
2020745750
3953124651
230304572
413368345
3890339154
1640124215
518411736
3122123269
1937378894
3835507715
1394162740
661793969
3690803466
3615022991
4014389840
2260515869
1769439622
2665242075
152202284
1567517769
1358625730
3004791527
1072410056
517400885
4162542526
1972945587
3655965476
1263181537
304749946
2498068799
2691108928
3423517005
1395817718
2340012683
2556340508
4161086585
884307506
2236240535
1921434040
1830325349
136693038
3088235875
1328379412
2858966289
1394861546
4200681199
836018736
389333629
830084198
627249979
1083040268
3800737961
953699490
2372916807
2870383016
3887053717
441469598
2639668243
3585330436
2202953537
4254173786
1617381535
600731680
90298285
1373980630
2269335531
2119112444
736229593
2431287058
862258679
1908022680
3526325957
789703694
2507011779
2148245492
3242179953
3050965706
707948111
39025168
1284045021
3284866886
579172507
3054585836
665720073
1848839554
1103421863
3528484232
2699738613
1084336510
1059403123
1082388196
742350753
3592709946
1975369727
1428340736
3948750349
3359802038
1867812171
604206300
2656173369
1874393074
2515167575
1282959736
687116581
3002499822
403103779
3643521492
2567982545
3730284458
3418635695
2411414000
1498505021
1109559846
2627440123
3423903180
4243632489
306396770
3488652551
3281070440
3491754069
3284629598
744355539
3419537604
422938625
3826955290
3485525855
22806496
3063456877
637676950
1074100907
1777582780
2238525849
542695634
45251767
1857660248
3170884485
4203448782
3342170499
1241891764
720506417
47490186
4025400591
3305372112
4230346141
3929566470
100488027
1628431276
2120908233
574676802
1674250343
3369131336
115823285
2558113598
576219187
622199460
3913867361
3417075962
357088959
2977050560
732713677
4141631606
1638799371
2895642780
1665897977
3456252338
4220862487
2155204920
3857274341
143196334
374457059
3188833684
1006435985
3045661034
1401547887
1227202992
2141109245
365215718
1023592635
3480951180
338917929
2003038242
1428956103
1745322280
3805865237
1332766238
3396110739
4123522180
126970049
2366741978
2569881119
2858241952
2603626797
3800617814
2829477227
3295161980
101001817
2146239122
778744695
1705307416
122224709
2074535822
1689500739
482846580
1565073137
3836542538
1601031119
2132294032
3126047325
981435078
2349067803
3989716844
1919133321
3336859906
669773607
1663898888
227321717
358843646
3119667955
3814708836
2871468321
2223127226
1514569087
3977600896
3787210637
2898251318
1430676171
98323548
2276585145
424754034
1963644631
1044314360
2427902629
2392669806
4256392611
1235190100
3958271825
3665318698
678583087
2245247344
249354429
3928012198
2841166715
243357004
2568159977
2717540834
2346871431
3090782440
1016764885
3003847646
1916918867
2404755524
3609332097
1781942170
57435359
915562336
1743289837
892942614
333844523
1097620028
1315562265
1499915346
3578636855
1715205336
4257932549
405013838
413712131
605113140
285536177
1025710090
1869585039
944781648
1808936733
3529529478
3076081883
809772
3562639177
1977467586
1558681063
2703559880
832224309
2367623870
1622347187
2535549476
1520050657
1382401146
3950443583
4291579712
575466573
2007831542
4242369931
3281016860
205850489
3680894258
2164993431
1972625592
3592232805
2331196462
3639330915
2274690324
3248791569
249908458
2705164783
763732272
1271641469
3170265958
1146977851
216486156
3159313321
2345046946
2731766087
2481418408
3122990741
2757198238
3734892307
2486901764
3500632641
2907222362
356402079
2109419296
2441185965
2345885398
2491710187
1421886972
3210435545
377914898
3592118519
1077853336
2907015621
4123190030
1305772483
1268952820
3202711665
2918642122
3602131279
3094083856
3043060701
2409295430
1253925787
4220139244
889993225
149738626
2440952999
1115210888
2949746933
2506907774
828014707
471514596
2690769569
1192693306
798636799
2706833152
3256768781
2774800822
3409131595
963912668
2982469689
1577090802
1582711895
3593767032
584852517
55245294
1924852515
1135757524
2514456785
3566208682
3568007343
3892003056
992694845
1275453734
819001595
242027724
1856525417
4001924450
2294233095
2597390440
4164436821
2568335198
2319499731
3224915908
4242639617
1208539930
2506285663
395820768
1287346029
337069206
4248937899
841216444
2040108185
3775653842
3482572727
2204976216
3799576197
4198727886
787940483
1060885172
2678772017
2565376906
201029647
2267773136
4223756445
267338758
3371187803
67621548
3845890249
433169986
342827879
3337108552
2230396341
2215341630
111719219
235655588
3846071137
878057466
1299200447
1232432832
1441826253
1134878582
4077372171
2068295580
4176574713
2866856114
195828503
3487625272
2746476773
3177478062
1440796131
163007636
23019921
1832419434
2575050607
485793968
2713431805
353310438
1366504379
382896268
1625169193
1140864802
3966090951
750149672
1402222613
3339033886
2951369875
2400011140
613444545
3963012314
177881375
1541934752
2387993645
3150244438
3772616811
3445054844
1575259481
2729904530
544673399
2139589656
707072837
3412450958
2798667587
1788655220
2887049713
532145482
1174767311
3964582032
1672619357
2971490758
1957812507
4249169516
4121414025
38549506
4101704231
1848865800
1840872053
1857829886
2069734899
3367282020
1374659617
2883772858
733542527
803708544
847475341
539977014
1729826251
1556806492
579523001
2345058930
1204597207
2455312376
1164209573
1056945518
3441258659
627314772
1558426193
3667835434
2255459887
4096901232
71093181
1439829158
1225010811
3923231820
61908457
3320686818
1015481735
1767340008
3908627669
602360542
1247455059
1014626116
3497266305
194145946
3148111839
1651252832
185676013
815550486
2451061547
3659172156
217859609
88599378
3884254519
1145934808
3507091461
3471440974
1612728835
4186266164
2632168113
606404362
2073187727
4019566672
3522404893
2430939014
1354904539
2332183084
923841097
3692857794
6402279
941255624
3874131765
725535166
3929626803
1742027044
3476399329
4286409594
1899263807
1282248256
1821843277
3368266486
3660388491
1908279068
793832057
2322760754
2440562839
224198584
3031282277
3453793070
3811627875
2725811220
3240944401
3733107690
4064658671
1433575472
2809047165
202293862
2051270971
188530700
2279599785
1846598306
2816674887
812928936
2502320533
1702541470
340900371
3292424964
1229745473
3621509210
2940288671
48492064
934100397
3764221398
598844907
3425531132
3886071513
1920896274
58571767
2709478296
3823606981
714070542
3316059331
3619012084
3939976049
1206900938
1667359823
1489008656
3947224797
2366031174
534859419
285156844
976640777
2164431746
3336771495
3831309192
759456757
1330845566
1845218163
3341651172
97543585
1088795962
2225255935
1455898112
3639315469
2334240950
3204309835
232837852
3758342969
4037281266
661528407
4037846904
1582282533
1874555118
1658517027
1286920148
117101521
4205079978
4089361327
3900129264
2417050941
4119148582
133325819
3200351180
3727423337
4129934434
490328839
567076712
4108097109
25159262
2291109075
3793395396
2547617281
1121124890
2888883551
3574562272
1223297645
4173880214
1751765163
3612352700
244447129
337309394
320942775
652010328
796787077
3289872334
35950467
2968379828
3467613233
3973608074
1949577999
2945382352
342416285
1128405766
1691298139
3002843564
1339605961
2327735618
2529115751
4072381256
1032255669
817440062
3781492275
2189271204
1585440353
1104920314
2361636031
3333729728
205568205
1963554422
1213033995
1156800156
3043187705
3357231026
141489687
2886209336
1862958053
3931893422
3604732131
2950224788
3339551889
1891886954
1637507695
352296880
2196021757
2415226342
3570376379
136705932
3075784745
3623386658
1263229383
2636201768
1692109589
766956574
3788775315
298750596
2228973249
4265077722
959659039
816762272
864524077
1738342742
4076911467
4014115964
1653600345
3554480274
1966041463
606481176
1082992197
1094768014
5820995
4042114420
1093444849
882822218
3838394831
1002518416
1914476637
290926790
1649132571
1421352300
2293755017
1393557250
2125866279
2734019336
3564260725
3845190398
3744788723
4119164004
33826593
2485094586
1884779391
3556105600
1532405133
1413151798
1759230155
3937774172
4029658297
3667413362
4080700631
1865365240
3550347429
3279826030
2314435491
396664660
1512371537
1117856042
3533230383
46907248
78167741
421487526
2208012667
2871669580
2216315113
1295839202
2698485895
3258013416
31670229
3755966942
450851411
2400863812
2568097665
2076874138
2634570463
763485536
2890261485
3667617558
372663851
3351558204
2220534041
1535439442
1214799927
2837131992
1674906373
130806606
1795413251
3279251764
4212028849
16967178
2883653775
85407568
3911259421
352716422
454500059
2582919468
3046364489
4088877250
1300745191
4106996424
1858495029
1115324606
3257639859
1006962724
3642566625
2305888890
3592286783
1984613696
3672986189
3061203446
3546858379
2464658972
2435370361
2983922482
1720771479
702684856
952780133
1088563758
2262949475
2413306644
3640731153
838605546
2642018287
2577112880
1511889789
2395150694
1997952059
730738444
1966903721
1337401762
1285465927
1891446440
2830349461
3451514782
4000417043
1438497284
490565697
3981115226
3731896735
2739449120
669315245
3213069526
3838497003
3566642172
3568443865
349344786
1804343031
2239494808
2786439109
1031328014
2900727747
340053236
1964312177
4089757642
2151391055
3545298704
506876381
739155014
1374763419
3866105068
1730969097
1182032514
2448700071
2818409096
1229141749
3730165374
2768836211
834427876
2357913761
865098810
618082559
1702067456
1606729485
3917170614
4206136907
2437513692
1494132281
2544078066
2704407127
2346763896
189745701
1749542894
2556887331
3828573908
476190417
3230979242
3640520367
2167357168
2281912381
2929757990
3523202811
3440503500
2071698025
2569474914
1029729799
1216661096
4128041301
1829117278
3611973587
561573316
438145281
1148791066
3291142239
700660960
3676618093
1142256278
830340011
1232621500
1951816345
696645074
2103086519
1225294424
3557758085
3355930318
4038990467
2400972980
3892336433
1856264586
3633901071
774797008
1981566621
4096848390
2308576347
1575727276
3997296329
3842454594
2595969383
1011546696
1621674933
243457086
1653426483
1919643556
2232248673
1681745402
2202218431
422571200
2124213197
4211740022
293542155
4187688348
3366010617
2511457970
2715668759
82521656
2012024549
4285490606
1229120483
2692115092
3171403665
808144490
1541709167
558276272
1394185469
4135044326
1998064059
2473944716
1201103657
2739717410
568128711
2840075816
1185865237
4085517086
271182483
1846272388
1483895233
857019098
3573036831
414289056
3133491757
1443960918
2400183915
438942588
1141330777
2204047250
3700671607
1132513816
2055289157
1295502478
558718275
2679821428
1284532209
2472653642
3954769103
1567602320
361958237
3408725958
80850715
3827764332
1536429961
690996738
1990017063
4050924040
1907826805
3905006078
2507684851
1506952036
3949242913
2906140602
3626102399
3376422016
2352339085
3101856566
176710603
2677823836
547395513
1975898226
659843031
3301004792
1801687973
2350424942
3828713123
274804308
330446929
2189396010
3169717295
2711731824
1075884477
2752035494
153027707
1115202124
1246751721
2817013474
1758739335
2999399912
3076100821
1458813150
2479897939
2000065860
1627132545
719240346
1469601247
2278792288
2072418029
2738257430
1346408747
4201310012
3833924633
3424516434
2818030391
2225394136
3861650949
852093518
3914555395
1910601780
1535457457
1136446730
2958805903
1758770768
3780806685
3468877190
3327658459
484583468
2145581129
749606850
4099532519
3342412232
4180555061
1121073086
2559176371
61921060
2823858913
1614854522
3392367935
1835273280
2639234381
2965690614
2559602315
386753820
1640804473
3248460338
2958409367
3139648952
2457000037
1409524014
1946085731
1068741140
958490897
2035384810
1390033647
3925909040
2480443005
3037950054
3939811131
1574673932
3026531497
2696505506
1090929223
1153568168
617416597
1293231774
486363155
951650564
2088399681
1570121306
1389048991
1323920416
2452136877
2571477974
2278554603
1576784636
3062858969
1837275922
3192287735
3694434712
600818373
2659043342
3012567747
4048542708
2375993713
561358538
3712047695
404583952
2117256413
3702682438
2431460507
1809646572
3958284553
3376556418
2729528743
2103042440
869140981
2993980798
2256691571
1271343844
1687251873
2400650042
3224873983
3176905728
2259284493
812703414
777468235
3014537436
1290111289
3271496690
2074203479
2547049848
1507515685
1559256814
3277786147
4197316052
102062545
2522954666
879307183
2720218608
1392585533
3881297446
1056520699
694049228
1989623145
1199594082
2570258695
4277708136
734608469
1269322846
644948691
1850948804
3014497281
3170586650
2370884447
95615968
862679149
1711180182
142485163
2023521980
3672554905
2437741778
3191859383
3656393048
2893701
1980982734
2864948611
3385196468
463280689
2387361930
3911821583
4077516240
1356579229
2461780230
3880845147
4107771820
4034333129
2561407810
3496178791
2476104008
508993205
2372440894
975279155
3453304484
2296835169
192613626
3773737663
820456384
3708100301
1168548982
4271686667
2302590108
1655382521
2208585138
2281221143
3398061368
3998982629
1822350510
1561718499
3415210388
323881617
460240234
945477743
835296688
1113229309
3096845286
3897324731
2831209868
1101399593
368905250
538611655
1093336360
688795925
2288861726
3941315987
2479173764
3478484161
4207819226
2380870175
66079648
1410268461
4146147158
1695224171
1041033852
843757145
557653650
111419255
3449252120
134302789
1598735246
3115182147
1728308084
4265618161
2885720650
181712847
1096430992
2115337821
1319034566
205756955
2610035564
2654745225
4104883458
2351979303
1236177160
1971843957
3916325118
1311213299
3852145252
1041313057
1730991802
320366975
4291189632
4112583565
3190172214
4230024907
1803487324
3822942905
3444529010
2484749015
2198828280
1018504869
147790446
2346946979
4288265556
3112926033
171568938
4117710639
3233004912
3869549757
1720586662
2307813243
2680361292
2253491945
1173323234
1149032071
723064040
962323925
4179881950
1697450067
3838764100
1479677313
2295260058
2605994207
1633770336
2832419309
4201485590
4030118955
1645024828
1568370457
3339911250
3056801335
3337253080
2282696965
3219382606
2333010691
4106848052
3997694897
1548923914
956466831
181286224
3936353053
773567622
42267867
63706924
3321764681
4144029378
2765619687
2674034888
3055683637
2621828798
492059059
2933433892
1825582561
4092354682
4252297279
565791552
3820861517
665808886
3651410315
3996062748
3510408057
700455218
516331927
2971688120
4054281061
2000754734
1518859363
2718646548
294497297
612559082
3261494767
916561200
2225045885
4009740134
2239703611
2451901708
1968822185
3507990434
890887495
2625825960
963795605
1401707934
1341463315
1563449348
2533586497
2562542938
3159502751
4123405088
2792904365
3718494934
3166775019
1482490364
3174623193
3968770578
2880228599
2510895256
2367018437
3181297422
2309402051
1591143156
1685359729
1090686410
712185167
388363536
993736669
250759750
2362773403
2437280492
4168926217
2037117058
2837080231
1416773768
484760821
1001340030
3261574259
88996324
3185831585
3279530554
113518335
1317010176
2107319565
3489822134
166061131
1695473628
3951586361
3803618034
1723707479
75302008
2045931557
3182745070
2479036195
2124711124
4094991569
3960054442
3053479087
995310832
554376765
262880550
4276004091
3282487500
4286505065
1899340130
3769738247
891847784
3323039573
224824158
637791699
3098119108
2492045057
475625242
3080900191
1490991840
2176721773
3464732822
2640990635
1421651388
1917001881
3144680402
2245084087
3381903448
3822402181
1044077774
3761582211
1357647540
2575686961
3150981002
1441162255
3995170000
3567727773
2397216774
770959963
1740607148
2256022729
363643458
3887566695
3902650440
2794484149
493505086
404873011
2226851236
2584506209
2811540474
1439049151
4258949824
1467568589
3302964086
3215355659
3823004572
3011577081
32693426
1790936855
3974458424
39204069
2716488622
3260348899
556107924
4192226705
2727222378
2801603439
914922672
2158459645
1179677414
3631013819
940065932
3581978921
2684965666
4127468231
1422515240
1006208021
1551005982
572096659
1929019268
428111809
3311624410
335949087
3798665888
795127853
3134015062
619854955
1256987004
1566185817
494347666
2741009015
2993293336
420306757
3883514510
2038068035
919138932
2252074481
4001071434
4061950671
3615536272
3684954461
195868102
681674011
1794697836
2159039881
629363714
1869575719
2611277832
266651253
1463228414
3108164083
2296373604
705277985
838696378
3510297727
1737005696
3323477645
3557146934
3987061195
1046329180
1776704953
1362419314
3918274007
2585367544
2006104485
2845938030
821927075
3578678356
2075180625
1238390314
740065839
1342291056
674535357
3501156518
3035224699
3003744332
1746874857
2538783970
3822154119
455537640
3085580501
913319646
1056297811
3353555780
2931038337
94046874
406604767
2854951520
1680604397
1346415638
2786649899
4004201788
524145177
3160672082
588935479
1609306072
2038318085
521787470
3569155
1009620532
3814112945
3133446922
4124393871
3674453072
888237597
2735770502
2141052891
1051854380
3085254217
3266291138
251796711
1833428936
3584154421
3201672638
9077939
763131172
1453043937
3027502970
534930239
2202700352
3728206669
2335573750
1185137803
139248412
259552889
1513922610
1642296471
4225334200
2254962277
446336814
3934060387
2799620116
2454056721
2744143850
2619257071
1870568496
1551004797
2894601830
4145386811
3093986316
3894049449
1355937442
3638130759
1744817064
379825557
1361024158
928572947
3005458180
2631432513
247493722
3406113439
2279533088
2496924077
4238201302
866013675
3015323900
414075609
32942354
3820955639
2715408280
300411077
182171150
3744020675
1289353716
697716593
3261822154
399560783
3228202000
2236590813
852369734
4121492123
1185604076
3168200457
3337729922
1429177255
491167624
881307637
3926258558
146339699
1313917156
3363991969
1085821242
2826740223
148912640
1956141069
942673078
1029738315
2506854108
1693929273
1724522994
310741847
3253019512
2610299685
4204088558
3113427491
1637290964
375381969
831392170
230924207
1019165680
572592445
2543490086
3249541115
2347448268
1177715561
2252793954
3285991175
3675546472
4108706389
574669406
2248325331
4034648772
3971062273
3532889626
4079012191
323385824
4129085037
3986995094
2688711851
3453541564
1785430937
401541842
2215550647
133390168
2936688005
2424263630
1091746691
344858036
2444927025
1731202698
3469680399
259322832
830384029
1487238918
226678107
2795732396
3762638793
3423177026
2427955815
727783240
693519541
780665150
2894998067
2266815652
3900568161
2827639546
2445910207
1879681472
502891725
3904098934
77339147
4185528988
3944933369
2157798322
4197605911
1543277368
3822897125
257018542
687867107
2436306836
2696843409
898204522
1472941679
528718768
1040215549
262588902
4151921339
827044748
858213417
2977012258
1402586567
3559177000
2943407893
3750998046
1706249107
4222340740
1728019137
47482842
391063583
2753677728
2093376301
286612822
2126866283
818366588
4113923161
3893177490
1657329015
3791169304
3718607429
1438953870
280165955
4278845812
344174833
3402786890
1368403407
266548112
1581147229
1918274758
166424603
1113315692
854620297
733420290
3495596327
3612823304
1892522357
2719731454
2261392627
866168932
3746444065
2108302522
3263782783
4035369344
790327693
1786861622
2400609483
137913948
3803922617
1903584626
3618240727
4192187128
1274825893
3733981294
2206443427
2172574548
2317484369
2973941034
284540207
1066122096
886082237
1382858662
993084795
1816915788
532206825
202509282
4140960903
1928385256
1661242325
2128109022
3509231187
276005444
2491554689
289616282
2119190239
1378933088
3717246957
347063062
568791595
2420470844
1506555161
470879826
2662190135
1068084952
3933820677
3228290894
4173988099
940418356
1790017969
3474096650
2530475151
3379901264
4031701277
2644599430
3986868955
3180590380
2241356105
4290407618
3805820903
552158920
2276306485
444685502
4063023027
1872512036
2511549409
299347578
3782991423
2182596928
3166576205
1264098806
2408542091
1432777244
1283479929
3272943410
699158423
2337184440
2159317349
2920285742
3554544227
1043226388
3947508241
1719252714
2416110575
2224528176
1263626109
1571583334
4019716155
3232492300
1017585065
2414362018
3695514439
2537073320
3965780117
3050228638
2200482067
714274308
3187244097
798989146
786703775
4113803552
2369502381
1714677974
2624027883
1611882492
4176457177
498774034
377324279
4039538328
3796237253
4130647310
1679279043
2874738932
218370673
363879370
1431997263
65729296
2356157917
3091593286
2070472091
2081149164
1761413641
567508610
1458609831
3352755848
2864087797
762882686
158745203
382703588
3027039393
1993537594
1432427775
3699144960
2611055373
3640239030
2026322507
885276124
3912380985
3208227058
788096599
3221832312
4005926437
2207368174
3838782755
2466620116
2633442001
3605950634
3954367151
2523347696
2252538941
4012239654
929921787
1915463372
2058495593
4139003746
4071807495
3770434152
3896915285
4197906782
4134372307
97135044
3961888001
1336526106
4023043167
619329760
3230108013
862047894
3238438827
3555789756
4083148441
382341586
1761081783
2232352344
2446024837
3705621198
2103199363
78392500
876307249
7075210
65264143
1191473872
2539788957
1610894854
905822299
2709744812
769553097
734154818
2070136167
1273001544
3601340341
818001982
2808509747
3304762276
2755360097
2119959034
1157176255
2004150464
1619376077
556034422
2105394443
3121727900
965790457
1873013426
3864083735
131050040
3270466277
617955758
1092030435
197437076
938005393
1147202154
4207249775
3703216816
2858770685
2224627942
4117870011
2223710860
2325344041
3124093218
3906691271
2939918888
3010734613
2177951518
1706628755
500768132
3888545217
589410010
1204036383
957647008
1815352877
1777955926
579113579
3751704444
702340953
4043256722
4108136567
1279477272
2244576581
439068814
794265923
2949058676
3642192881
2969915210
3643795663
3665932944
904189789
4070335430
1612798747
297453676
3841760137
2001134082
1592896551
3972378120
3359796341
974947838
1723688947
3588063076
2380183073
3123891130
2533612159
2327910528
1613407373
4053331766
2423459787
3104773468
2119967673
2652105842
242471895
2455884280
3924942757
396001134
863351459
4096485972
350176337
2962301994
1408956463
2136062576
1014529469
1539708582
3429150843
3146407500
3709761513
338514658
763275143
578204136
1789583061
1113363678
3419105619
2927612228
966532737
466049178
2106606047
1232246880
1157718765
3082476054
329334059
920363836
1025939481
1444549970
3639420727
1445154264
184576517
333039182
617188355
3630806068
3025683633
154953994
3422467983
3324162640
1287148573
2379102598
4237538779
1886512172
1595376713
505492418
3495580391
2856756680
4232413493
524882878
2721782451
1698173732
1511438049
2081903994
4064368959
237045824
2941276493
3625399542
1684478603
3313246492
3092528249
3561598514
639707799
1333770680
277685349
2711715118
3333100899
1475997204
1285190929
3711901162
1309877999
1710004784
2168216189
1919732838
520514363
2598984204
2734669993
4267345058
4015828551
439191976
3937031061
4053402270
3815013395
3011396868
711360321
1801110106
2549031071
767846432
3215945645
2321940438
2803673067
1298697980
2382172377
2950346514
4092059127
1919882648
774901445
4020872206
3362934467
1783896052
1052628337
2865840842
2467317327
3517411856
2157744349
257544006
3457470619
560513004
753872137
4195435906
1583200679
1143168392
2943440373
1980195198
1956613491
1321887460
2980280225
3586760506
3178338303
3109337088
582401549
576666294
1813636427
857271516
2822313273
1543843826
1813594455
4008272248
2743150885
3366599406
3312924707
49295828
3084543441
1277876138
4291696047
944454128
2104555325
2253210150
269936123
1718097356
3439184233
847083106
490042631
908075368
3492972629
88682590
658788051
3902044356
3269828609
60550170
1570815839
2110388192
285097069
263906710
2947994283
1459960508
1025526169
671160530
3834467511
820419928
3155719045
2472231374
1158795651
289815476
2970101297
4152614026
2770638095
2228220368
911314333
352265478
1466215259
1214208940
2672006601
2765559618
1471930471
974902600
3733318325
2484563774
3098198067
777288356
4249155681
2567547130
525637311
68954048
1327360717
3727753334
3662376971
363165852
3469389305
1057386930
3743160343
3764308280
3482185189
1383381166
3130661603
2160997780
4015986321
1058296170
1072415855
1580046768
4124464125
354908134
2186682555
566661516
198742569
710289442
1707670471
3591272744
2013494549
3005881886
3526025619
3380767876
3420029121
2521486810
1432690207
2437105568
766363949
897157974
3224354155
1198630524
726680153
2823633554
161319799
3779716376
1098487877
2762907534
2238190659
956309364
66533105
286537290
956015567
660353424
2459388509
4236131014
3678619163
3373643628
3335831177
2016585986
3409233703
3421506824
1178812277
2402893054
152875763
1603685988
1706768673
1469543098
4272575871
641161088
2303055757
3645670966
2713434827
1088537692
1825113785
1192063858
1038724823
1402990840
2171826853
3300980334
4040408483
492042580
1273530193
3082521386
2771137327
4283677040
1865183421
1555787174
411310971
2428816716
3494910697
530880994
936854151
431526120
4275909077
4043099102
3738711123
2450006084
3456246145
2502393754
3321642207
2146457440
3397260781
2841768214
726100011
3530412604
4182571801
3665763410
2178449975
2472078552
185826565
2305015118
875894531
222413620
4031449009
3645001738
1163227791
3238801744
2049820445
3818328198
1550885083
1196151596
1952622409
2380528322
2273865191
4183819464
1667847221
1026345662
3233113523
4266648100
3552983521
1664285818
36885567
392578880
3857613901
2708589558
1965737355
1217253404
2197036921
4258936114
121767319
946657464
1710339941
1699673134
1927553123
3829497108
3862345745
2011202794
2253349359
58562864
775114109
1523131238
895538747
925026572
1260676009
204000162
3256895815
3772672168
1098884757
1954625950
135022355
1038455812
304054849
837937498
3055950751
563160864
1546592941
3644069590
62771947
1807334908
131494873
676773394
738081015
382973080
631644613
1731894030
3157842371
2043356916
4005795953
4056820170
2163343695
429912336
2446656477
2819204678
2645343131
650227436
950882313
3215658114
460772519
2183904392
1924671733
867309694
4197767283
3863033316
4029020833
3449570874
2427327231
2406020864
970453261
2220937654
3344470091
2154404828
3523999801
2905388786
2045058135
1048936568
3922246693
970895854
193676067
2706817236
2533992657
21184170
4195700911
309016816
933947965
3440417062
4222374139
1486914764
1830120553
2846014818
4083421191
3409969256
3702184789
3010946910
3364297171
2296039364
2700190465
1584010010
3970087519
233158368
394325869
4071619734
475200939
1192585660
2007805081
3147046866
2798563255
4219092056
1576109701
603142350
1211325571
710691508
941680945
3161965450
1653690383
3101126864
1045233821
3885366278
565679707
2335656620
1685371081
2806505026
3586128743
3860018248
1894759861
3364431422
2421885747
3005893028
597326689
1754484730
3504083391
100624064
432152013
2413401974
3406109451
4231341980
3671101689
1589967026
2492658455
3584682040
968392933
137375662
1166616035
3763586196
4146157969
2510534762
3611164527
2480707760
1347634941
827444966
1311148987
4177395852
3873649961
1909616418
2053281479
949835816
756994069
3818870046
1527295123
4003969924
1127777217
3427794138
4029815071
2628650656
4046683181
3818234454
130476139
1480643964
697279833
2113356178
1359603319
2433516568
1085647685
1699583630
3269762883
2327129716
3307403761
1526668618
552820431
3866275984
2757082461
4294709702
726741275
1483515500
142139785
2658824194
3307463207
1691773960
449843829
292680702
501743091
3234536804
2531507233
3319273914
2843529343
3001652864
3664579213
2442927414
1928357323
2410705756
3724667321
3697474162
369854935
765071352
1115751845
1443065198
1805502627
3975710804
1597885009
918680106
3028905519
2945562736
4243350461
3310142630
3482289787
3690675276
692960745
2658656482
3319520647
1219915752
1335592149
4206428894
3125870419
2869718852
2176066689
3982730906
127154143
3853129312
2651244781
1503987734
416912171
1392247100
3191823897
423633746
1232067895
3880422360
447909893
2433332302
3607929347
3331707444
1317653169
2938386186
3000511887
2855383120
2830055965
251389830
3174665179
841073196
4118399561
3204628930
3093465319
4264911816
3977848629
3828122046
4254838963
719565092
851557601
925541242
3243265855
2380760640
2425927501
392717046
1910141067
3466297116
3697279609
2949037106
2098126999
907409336
2967620197
1763207982
2290690915
3540323348
3894344465
2791173098
3904347375
1296734256
2184593533
2260826726
3802612027
2237151244
1695876777
693310114
76538951
3679143848
551614869
2927915166
2703233555
3116950276
2770634049
4083486810
965285535
3231311392
2461717933
3265146326
1649081835
2869357820
2524698329
4147037458
1858114551
3455341464
4171773125
3437728270
4016792771
3384686068
1293245297
1520898250
3472866383
3419697168
4028200669
4065688902
2586879643
2081857004
3157750537
3802190722
1044115367
1911561096
613088245
3598241662
1245062003
3442738404
2683600289
3461016890
2132184575
1320760832
285549581
1862166710
981678923
213273308
2527779641
581975538
140310359
2665324408
4053552933
1194273006
1728794147
1580814292
1787096017
1714922922
2324204463
348600304
3840990525
862973990
2855123963
953480140
2331578217
3424912482
624864007
2417745768
1034890837
1958846046
2318787795
3600619204
3058279937
3490986522
1288746335
3309139424
68133485
1279333270
3067816107
2485229756
3540324249
1099114194
1606159031
3569998680
2807470469
4272369614
918611843
1072585140
4186287153
3209144970
3962178319
3541757904
3746853789
1204343558
1157005659
1510685100
2909920201
2736039234
2775586407
1069978440
3185938613
1041685822
3732362803
1132206244
1195114081
1559820026
160402623
1830725056
4034023629
2786995830
4289381899
1572918940
2376233977
1054834610
3065368087
3618703160
829363173
3053954734
2447651043
441799572
2133826705
3087998826
1891383919
1841797040
3923524093
1226319334
149092027
4197543820
1270470697
11187746
3601347015
3337107240
46539541
2200996894
2958194579
2101938820
2112063169
892412890
3358266399
1263846816
3871682349
3830298966
2840204139
34342012
1419446361
3791472786
2065842551
1267409688
3011362373
3423112590
2546805315
2498116980
1285209329
4274390090
1092032975
130363280
2602578013
1830152390
4922395
2948568428
3655926921
1511929602
4240375079
2809711368
1978197365
818326270
1428113651
3917212772
1364737825
1962197178
1199262591
551015808
2208316813
2324149302
3021017291
2507874908
34000057
3457450354
1188652247
273690360
1562024101
996271214
1406391203
1394153300
2128547153
2644793642
840083759
2148251504
364402365
91888550
2709975419
2368580428
404185321
10954722
2274130055
2674937576
2363873237
3482401246
238406227
3918315076
2226268033
2491141530
4065866463
1788859744
4019944429
948182806
2354560555
2827366460
3153969433
2187143762
3753064503
1106782936
1776132869
2597038926
3176148227
4100317492
4279537073
4209122826
3297175695
1905471312
138194205
2147270278
3471734491
552841516
308079945
561875138
317236199
2831598280
3377789493
2219325630
149814195
3673391140
2802401249
1744718458
3751397951
1638188352
3746490957
2851797494
175512459
1202007580
4103595385
1510949682
931642263
947590840
559865189
486400558
3080336995
340040468
2186493457
3635892970
625727471
861116208
2906993533
1716900198
3604589627
1971955468
550611369
3319355810
1722515271
4185138856
3100527765
262383518
1587535123
388510212
326469697
531904346
3524792735
4208895264
2471659693
3064218838
1925458155
4216331260
1777154521
2355285010
1815015159
2278617752
3610658757
2427488526
302641091
1244480756
2310217329
1432090570
758740815
3628396304
3412715997
1581077574
1939902875
291998956
3884815881
3539114626
1991051943
57703048
4108963573
3462104702
346254963
4087534564
4044292257
1205179450
950733055
3880088832
3627964173
1379401654
1973020235
3355376092
638959161
747619570
3347108439
4294033016
3942375973
1620811758
2281134371
697818836
1649159889
3943173290
1629996719
794769136
3041054781
694896422
3415942907
4144325324
1453896297
167856994
1657095687
1957936744
591364437
3106395486
