1045592883
257620388
1748200289
1140293626
2417131967
1549997760
1693584845
3941123958
669682443
242997148
579305721
1454319794
714564375
679712824
1525051621
1965383598
790402531
1802531988
2780187025
986966122
500199279
1911310512
121583357
3974954726
1512569787
397455500
3625329961
1829281570
2202207943
144902184
831045653
3265299742
3610778771
330328964
3402200001
3729534170
86018335
2640950944
4074466349
1388106326
4192491627
1314882940
322868569
2138665362
4089861751
3644732440
3881540421
1767556750
3903852355
1957289588
1420814833
1019694410
188600015
1692033168
2411310429
900678086
4203389211
2968999532
4188262793
1766367234
3904655911
3761511432
3803316853
2911577086
3293539827
1521208676
493661217
2590788026
807616639
3388819072
244120205
1624984886
3594900939
2510758748
2779306425
4085066354
1635776983
1461960696
1788802469
3173555566
698431651
3787798612
2344794705
3777110570
1586224687
978413680
2563265469
3239572646
1040250491
2589846604
1450225129
1155404002
2687257991
1533812712
3606410453
535442142
3874516819
1707417412
3275035777
277862042
468887519
2132133472
2157885677
3573299222
3378971435
2496311612
2682146329
1374835538
3650899255
3727440856
3225976837
658957390
2303201795
1916437044
3557210801
2921096970
949132687
2907267152
1896032797
484382598
2799893467
2187096620
2593438281
1291907522
3848992999
2487423944
803936053
1584771518
208871603
2993971492
3946491105
888066938
2137440063
363542080
2645075789
2329383670
1268768907
2017603356
334951033
370207794
3992146071
3863979960
3488627301
4201487150
2331810659
3783375892
2190732049
2246974442
1714031855
884623408
4077006973
4072450662
596160827
2473256972
3190290089
2867413666
542135367
3769694120
455797141
1239785630
3996090899
3123811076
2425713985
1472282714
3176629919
2729809440
1178781101
2049269206
1095265771
3901070588
1611319001
2534470930
1549599735
595985304
2368611525
626311694
2652296387
3876775412
3095546737
2798600394
1613376591
60563472
2237490909
141077830
239736475
1946242540
88236809
1674511234
3837026215
3534605192
3528256501
1592917886
830313331
4067734756
2052943265
624893242
3835493887
4146914816
3875869709
3063781558
4206406475
168622812
775015225
136998386
246507351
2244431736
4154081061
850680046
502185507
912654292
1659493329
2868368810
1265302447
149350384
447532349
1067130918
763309051
1184342988
4294705001
1491743842
4067367687
942772072
2598968917
3058880094
1739936979
3434464964
1001035265
2778753562
2953782623
2684954080
2022150765
1878541206
877172907
2102413500
1954807705
2023053010
449346231
957057880
449612165
1229217742
1373394819
2129856948
987929649
2292177546
4173626127
4019363792
831021981
2517369606
3011506523
2846222764
2322385865
1198708034
894994023
456409928
3331817653
79695166
237946419
3060582564
865398369
1025320698
2256927935
3863107008
2137145549
4058865270
374355467
1590134428
1964598265
3549015986
3262791191
2773137208
240976869
733796014
1832362211
1815217044
3313798289
2449428330
3842943599
513230768
3565693437
628315622
1050961595
3080986508
3433875497
3365987874
3309871559
3249399592
3002077973
2599533598
2386683795
420592260
2369025729
2884457434
2061075487
3469768096
204283693
2754931030
891781995
1189786748
3188324441
3762256018
1939779959
1853674264
4125339205
953531790
2404948547
2778393972
1407692017
1968059466
958499279
3102531472
2588155997
596187334
3645148187
118113644
986969225
1370253058
3860294951
2912320264
3381319029
1704975102
1028045043
1511824484
1067527969
239661242
1273084799
447448448
3145739661
176612406
2435219659
1244779100
695057593
1106162034
3356349655
1956241144
16287909
1799820398
3281470371
3466970964
52690257
1019513130
3386186031
2643158896
2773763773
3791997862
4189610363
2857392972
2499432681
869095394
127723655
2632318696
2147469269
3984746974
1553283667
3674566212
234035073
3697802650
1685496543
1187743072
3052628973
3298512662
2527407659
4178894908
3713839385
2010077778
2241833015
3550075608
1798542085
1506335566
21732611
2261422388
3159457201
1318735370
402741391
1735057232
2756746525
3466587782
2186798811
804151596
3879198025
2621159618
3316716519
2308207304
1474751029
1464953022
428174259
4181995556
2269261793
3934419578
3681565247
2351461696
2954811981
2385127926
503024523
1611390492
1273943417
3709432626
2653694871
3816081080
2083310949
923996718
734897763
1770081044
881339921
1829208810
1350453231
1837319984
3520144253
1930494310
3246070843
2723960588
2309265833
2486143394
3895193415
2845431464
3738713237
1673844638
2372881683
240181764
111573057
1758488410
1940291999
3753530656
3935991981
1055618262
1803655403
126798844
859580889
2835676178
797662967
941793944
2273064901
3520968974
309682115
239203572
3974106737
3057919946
1277421391
3268189968
4100839901
1964016710
1903821211
2282896620
542672393
14731906
1659206311
1861102216
2926296821
1872017022
3182091891
1872987108
3006787745
3817456698
2616293631
4068025600
838747917
3398905782
797922891
4095060444
2640096825
4006212850
2207597143
2711318136
3971600933
2497761262
1889192227
142905044
846274257
2760391850
2412394159
910092016
1589559357
2522248998
3098318587
3817345740
2607522409
2743565154
1437971975
2273930856
1815703893
1937311070
2609913811
1857295812
2148440321
1122406682
1864966239
828171488
3739370861
1088772758
2256323499
2786621372
3764937369
2644532690
270652855
735521368
394108037
2262062798
3986023043
3888191668
508780337
235651466
1279866383
1389502160
4015773341
3030047238
694869083
859166892
922087113
425434178
208970087
3714294344
3386463157
69846078
74912051
1492817828
742551905
3407793658
3022354367
3311244480
3588125645
3448632694
4171358475
437204380
2658617081
2160080562
1997084951
516806200
2136970981
1248873902
482257891
930058900
2510213009
621196906
1584981359
1602111152
282926333
3382029542
3255620027
1905495692
2064608041
3683986722
4277812423
2524235304
2229495317
1381954334
3250041491
2012154244
1122728385
476740314
3720249119
2473800864
2274021933
3091791958
2052501099
3362907004
3315686233
1063354258
2250443895
4269240856
2818031941
510440590
2104304963
2131229812
1231777777
2008095562
1328628943
1597726352
3118109533
3942576070
3974788891
353973356
1003493257
1064054274
3508439079
347396616
1726982261
718311934
2292843507
285829988
455193121
855742394
181155455
1016448128
4034879629
1691253558
1811098571
2780332380
2415828921
1555839090
927444951
2328624632
551426981
3716254574
2063158947
1107449428
3067166801
4030918698
1397380143
285304432
1827420605
1250861734
2153499771
272550476
2572153833
1981325026
1387889543
4129021416
1167465173
4130775262
4205184339
1707195716
3623688833
1729897626
103194079
498943072
2572426989
1389782550
2580502827
576393020
2208764953
940073298
2957968183
3217258968
2242553349
4268151374
1824204803
4292255796
652755121
3572774154
1268519823
4022885968
950669341
905758086
3199783387
3514585132
4289134665
2362605506
2141400807
346149320
40811829
3108577214
2768484019
3012558628
1754641121
1827807610
1185264959
1340191808
2527137101
504938742
1011037835
718376220
1924315257
209582642
1125189271
3579176376
2113232997
2480179502
2517283171
872208916
2932371729
3355240938
3305013999
847791664
3081508477
385964134
1448707899
1128908300
653081769
1825689762
2142472775
2252256680
2333183893
348130974
18552851
871117060
2281929537
1421577818
4011949215
2818249760
2298358701
2119011286
4154901483
664009468
2067369177
4048880402
1835383287
1065042328
3176549061
1283633166
641723075
1441596404
797561201
3348434634
4165575247
3426295312
277499101
1934908230
1637215387
3424594924
322611465
3679359362
2797770151
2632616328
3642135029
1163095422
1950624115
474895076
3177083809
2326817594
3463574527
3070321664
2634250765
1194116790
3696361803
4246362332
122917177
3653598194
3643088215
2922089848
56976677
1932084974
951243811
3642695124
1447322065
771007402
3394597295
1808983536
4124881725
3970813478
1724252667
1316258252
346506601
2038481506
1957187847
3869068648
4061512789
599473246
1339484883
2653840580
1539218433
3607672858
1601117023
3387728864
2336815213
1752068502
1721560747
199009980
3440952729
2500289746
1546072247
224315736
465219461
4001385934
3569053059
755705780
2618303025
2975049866
3422155023
2085461456
2788903325
1086697734
1480705883
683788204
3343585737
3298845506
2503785575
760152392
3886491317
615480126
3509279795
3875825316
2184967265
1576826106
3371233983
3920942016
2556864205
3989474422
2128579595
810738844
3466668537
3461529010
4165202967
2232218936
3723373029
1094698158
3987846883
3173589396
1174737553
1676287338
974069871
614548912
3963490301
1230242790
2489400507
897514892
322833961
367359010
3763853255
1995941160
3613571349
1491610142
563707283
541612164
468614337
2680398298
3721361951
3679581088
2499052845
4277737302
2037504363
3270840956
1510260313
215975570
3679676279
2033062168
764924997
2317331342
1659744323
4042328948
1698378481
3018850890
4251779023
1204149648
511510109
4228957894
3850134043
3408143212
748173961
2726819074
1506911015
93272328
3940580213
1830635774
1450790643
1869757028
3756930337
2023112378
484618623
532415360
3716846477
3752989238
380360395
2554015836
156992185
3018178418
1596820183
2310675704
4199526053
2211971694
4291254691
735765844
3603596113
1805473578
2867564335
2226349424
529542333
1790179750
2179676027
3156818252
2473694953
2076173794
830611079
1460518120
1471704533
2852575198
1898106963
4126805060
1364401537
548162458
2969737439
4092265312
1522586093
4021124374
2196079659
10305084
3267196697
43870290
162160183
2460555480
1068349701
2233518414
2073473795
3445534516
1137378225
2972326922
2204290703
912383312
1578074909
3270876294
201702619
1460027180
333587273
2395293378
3275835879
627781832
1602392117
4099724990
1592656307
3512192548
3207935457
742246522
1896296511
1356264256
2167357517
2862831606
1450631563
3365092380
3091372921
339640626
2359419287
2884830392
88732517
2159149102
2041822307
821324052
559199249
114184426
1940569583
1942570288
3566406013
1317908326
2451829307
1714631948
3322011561
2765100962
2531730759
1721734312
1339482773
3436660126
4180861715
453214212
1152155201
2340599130
3754456991
3950498592
1366154925
2823529174
2511859435
949299708
1745022937
3758164498
3320583415
697295000
1589403077
88319758
2306241987
2920551156
2961151089
1254225354
345726287
266444048
162709469
1932800582
2392709019
807934700
233360393
1662539906
1615573159
1285744776
2186110197
1345201278
88700019
3899990500
3369137825
2326991418
740191999
885367552
1477750029
2623430070
2969611339
354093020
2618717241
958202610
3210803287
2608311416
1805449253
1032699374
641130275
2553654484
4267943121
3074230954
2869734575
2577589488
268871229
2996905254
3888868603
2002579660
2611931241
1255541090
4282838023
1164782696
1551767381
924414814
881440211
1260696516
4273643265
3523665690
820057695
1505256160
2914757485
1452509334
2225674667
2661078460
1788160153
3469372370
2933427127
3449972824
1468252805
4031268046
3075274883
1053898420
3826836785
3799486346
668380175
1543838928
2250685597
2861336582
4026839643
2051651244
1802253513
3108055618
2142295911
4210450504
1342241205
3595645502
608937779
1351234980
1702983521
1706433530
1961389503
1128796864
4143634893
3265471350
1493776139
2442302364
899091705
742474930
4130000663
3355972664
1510522085
2150316974
2417017315
3982405780
112678289
3198780522
668031855
1577075888
2527789821
346970854
1705093051
4083575948
3308826921
3885087522
425816775
1396081704
3664645141
512581918
1575438483
35497860
1211989953
2784544986
722236703
2523706016
1684682797
3896847958
3799581803
645153148
2872320345
3099168146
590332535
3466637336
3066292037
3958284942
4024056643
3948288628
3612800497
2584406346
4090804943
1653365904
4163598685
3334380998
1929006363
422253164
1026317705
3942628354
808500775
1881511944
2237484661
2626027518
1454676467
1700202852
3188111393
1325852090
841297023
3021881984
2996946573
3945900342
1095795147
297394012
3313788345
3077260914
4022298071
1633958904
3175956901
3460987246
33645731
2083484756
2467284561
517193258
2159594031
3902891120
3980402621
2994032806
2925961851
2651826252
3009362409
3032689890
1408678279
2948307944
3865493717
2029194974
1879808851
2075024196
2851414145
2031645338
353014751
3109339744
708412653
186684438
31960875
2212195644
3399473689
1200516946
1102166327
1011529688
3376204805
1576452174
3722329603
3747790388
1123665585
1396441866
1867876751
725048400
1149302301
3851056006
440313819
2961976876
1407796809
303304130
1082877159
2884669384
2669830965
2022477246
4148448435
1117494564
3139483873
2556784506
177515327
2131243584
2680779597
2747920118
479628427
693168924
1285455481
1683687474
719240343
1464607672
1110083173
1839953710
2261305187
1348990996
3157063441
2575022058
209909999
558253104
1485175933
2310407782
618290491
4212696076
2531426985
2888457890
3720790087
985428904
1562916245
4228545694
632729107
3013005060
1822523713
2099633242
4120605343
2586874400
1944687021
753252822
4122286571
714234108
697848537
3842576658
3911086071
3865083800
2611900613
1814076942
3961061571
112665076
2680248177
2949307594
1360599119
2110135312
266810077
3836741958
2828124827
2754415084
1080225545
138289026
1065405351
1847019400
3658495989
2415486
549109619
3289903332
93288865
1402059066
1693903359
1539695104
2469519373
975959222
1570461515
739751644
2342868793
2094041586
3863532375
1501547384
1432390437
1678652654
3911641635
902314964
1523509201
2959176106
3790596015
2947474416
3711736125
1479572518
3955021819
1312907212
1619168105
2273792098
2777777927
2482572136
3681708629
496216670
4188569811
1704395460
2567086593
2749433370
2474578271
3502252512
1983536749
2069143446
2426487979
1314456764
3906833305
3135861458
3090540215
1554122584
4208514437
4230757326
1162511235
219366836
644720689
293041802
266299151
3791166416
3206426525
1643077382
2696125787
399353260
1398364105
1732112706
2077291111
911851336
853986485
2299455806
2916610611
2240545956
101907041
1380696826
1745610943
3256308160
563809485
3155671670
924770827
768492188
56160249
176933810
549300759
3619631928
598691813
1999811246
3017526499
3088072596
129341585
2772757354
3619657327
4221256624
1076098557
2611261926
3855487675
2605308812
3237958697
3231318562
1511460295
456221480
3188023061
323917854
648090515
225375876
4158161601
2668228570
1970630687
3032707488
636218157
3828172118
1701588843
3807342716
3912205401
3002045586
230169975
4006563608
1937504837
3017382286
3560097347
1580673396
3485382897
2583810122
3798496719
2676939664
1994779741
3137893574
1164195867
4012769644
2643230857
2295563010
71031079
1148712712
1717969269
688568062
962323699
3803699300
3849009953
643009722
4203980671
3921445248
2680486285
4149035062
2615225547
36998748
4101589177
3612134770
2566734039
30038776
2580993189
752414830
833056675
587203412
463538513
2045125930
2226259247
751526768
100405949
2446501798
3050179963
2784106316
689495273
2434954210
1779913863
4028988136
564204501
3539682782
2808112723
3873352260
300098433
3764427162
3795750623
1576698208
935213037
355445526
3335903787
2618661948
3410902297
1994094162
140842039
2896713432
1381490437
4176000846
1133627651
635620660
1416923569
724167178
3212067983
3192445776
469657885
230378118
2573439707
3457031468
4022102345
2260653250
2810281959
2553409224
4048434741
3050849470
503748531
4149963812
2354592737
560535162
3276678719
3396694336
577742413
2039252470
1050818443
1024104988
1606836601
1825804082
3452409751
3345040056
1687624037
3401641518
1833554531
2186774292
2941336081
4026867434
1065825263
721371952
1938091901
947543398
3195848763
4059697932
3381601705
4074808738
72506183
4069872296
3808790677
307868574
916879635
3987086852
803374145
2577728346
3768216991
2753909024
544294061
2082197718
3349038315
3985344508
4026119641
1886197778
2264713975
1710038680
2754380741
4044985614
4264004547
1339437300
760158833
1722794954
1573049167
98999056
1395107293
935845958
1601285531
405666028
3668513289
985654914
4100056743
4048004744
274664181
3308753534
1989675635
2671165412
2744777889
1431068730
687564031
469901568
2119897869
2425719734
2451702347
839935452
100678201
350228722
4259098199
3628329592
4038073893
1454025710
830666019
2715208404
2609261265
2304891050
520037039
2650202864
2373880893
1297863462
580535035
3273772748
2468490857
2677315426
394797575
3259034216
2666708309
1193927006
1328761811
3716501956
1519822081
3164024090
927534175
520347872
348459373
1186051734
981823403
185676732
2012343961
3378805202
675234231
2858264152
901376133
2183934670
783552131
2278642868
2467195697
2924699018
873734671
4264041168
2166465181
3605935622
441354331
4048393388
2937223881
1050064962
966593895
3480821320
3227033525
2900926526
500186419
1980355492
2482011489
2478664186
1381721023
1445105856
1212628941
1244156278
3374353675
4110807452
1743180537
3643953842
670860567
2754761272
1793188581
2522229166
152229859
222154388
2030033809
2277266026
4191801711
3983688368
413722877
1312229606
3303439803
489245324
915535657
285100322
1383639239
3202892328
2989011477
2804666142
734453395
842810756
1522501057
4210497242
1829399327
643182752
158965293
1655790678
2991282795
3899039612
1140254553
1803656082
1257011319
3384405528
2478837061
1373671566
3220656451
966015092
2121432049
601143114
2032677071
4006435472
3400294237
1223576518
213525275
1026355308
2109252489
3959638530
2247291943
1921406472
3187340405
2192272894
2926522355
3616843620
2249965089
1853633466
640557695
2962669696
3572771981
1946474294
3596474315
1504394588
3325701049
2206880882
182918103
1525447160
3219941285
260269934
1052342947
273453652
2692631633
3973352490
1725382703
1093755504
2579760573
2026634918
1210153083
3285222988
614367209
2162014946
602140551
139155944
963077845
673152222
3340841299
663419204
3105695361
3330588826
3365833183
3520872544
3008293613
2111488534
2175796523
961268540
4106788889
8682834
230977335
3552703960
184480261
3321278030
1555125251
2430524468
2822458545
2834551050
599719823
3751172688
344448029
2877825414
963935707
2676755500
391875657
1556454338
2820905703
3660533192
2248542517
473955262
2201281203
3751230244
1658568417
927513978
1261674815
589213760
958519629
2615876854
1822024331
4089465116
565855353
2645038642
626815639
3962724792
2626661477
133326126
3711360355
3066238484
717323537
2053801450
3166138095
2163491376
1435492989
3403330662
252392251
987202060
2382874793
3908234402
3129603655
2116694440
292477845
2143611550
3691136019
3107024132
3194980161
1358965338
1355114655
4183167008
2265249709
99477462
3144904683
1904260860
3945208025
4063043346
1334257143
2553658776
2822149829
70159374
1872893635
2037465076
2301156721
3748702922
3935866447
2554534416
57940189
3699095366
1664981147
2083186668
213595401
1788718466
787415463
3325298056
1429855733
258361726
3068220787
1775341284
3538976673
4293068602
673964031
1702518784
1234191885
261825206
4271156555
386208988
992419129
1900779506
3055323479
130287992
1837871397
2237866734
2940928035
3428932052
4035538385
2990423978
305814959
1417339376
1355579197
35858982
1013165563
3321773516
1670238569
50191970
86686983
3225733480
3607040085
601626718
3844740819
2733613252
1937156097
2351518746
3426682719
881041376
3109799021
682282390
844470955
3301270204
1204965785
1782284498
2935266487
2798994776
942078853
4064815566
596220291
2668323764
1509633585
688604298
1148509455
2694027728
4231075229
2039024902
215315291
4140401580
2929171913
2940960578
1762994279
3058990408
676754101
2984138558
607422515
302228132
1058668641
2584416506
3822509759
4016689088
2600432333
3704940662
3205380107
3610878108
2470491641
137681330
3152502807
492925240
1604351461
1301651630
1068884707
3706150292
2325094033
3591354730
1042287727
595935664
1345969149
2623889382
3001739451
1761917324
1441831465
1220448290
2995143623
777724200
3872916757
1243940382
492349843
1619367044
2700249281
700464602
3251332639
3676630944
1058230573
3553719126
2031519083
651808380
3951708761
1383047826
2328679287
1331727640
1200627781
906200974
1663556675
1835878260
326254321
2810420810
1746136015
1078450576
595513949
3765445318
2029784603
4079476588
229688969
2223968514
1700138791
3931157768
3155937141
426255614
1710127859
871200356
3491250465
2541804218
1693752703
4172087168
2184142733
3512233526
2697364171
136178780
1791430329
740547442
4118607575
1556781304
1603140261
3863600750
3644294563
873800020
1369935697
3885953834
3609754415
366174576
3633838269
3613480358
358671227
3886740812
3589284585
4092920290
828148359
3895277800
1572452821
3898586078
2135817299
766724164
3483576705
2609178522
2016052447
83492704
3437993453
3038894358
3799396395
1266547260
1997472537
1418298450
30394935
2711065816
590480645
891331918
3644645123
274131764
1850609585
1016707082
1278589583
2132793680
1578979101
787544198
2859559131
352713516
4207325001
69755586
4067538407
1642638536
2370427957
465810110
3603901875
3947825700
1856717281
1241801850
1380260927
2030300992
333450317
2061874166
1451068811
1030879260
3262785401
1725472050
3785182615
3049226424
437534565
2503990318
2257578083
3718948116
1585299473
2829839594
873703919
321208624
782685565
2966883174
3330645563
3316707596
340552617
4267783074
2959970631
3447394472
409218709
3024888222
3318353683
104381444
1212713537
322392410
4129055647
2311245600
3617893037
979107542
2167708395
2792482300
1260420057
3662226962
4072505591
1832541336
3620514245
358581006
4035486147
1938312948
3813580913
2316145098
2811906383
618371344
1355582429
1120636486
1677034395
3223574252
110712841
131560578
2670206119
3705431176
3634409717
1320222846
2442567795
333995492
3281191585
3277172282
310926079
674144000
617707789
658291126
1391679563
3405104092
1528430649
34807538
3204998231
3623889016
4227023909
1614256622
310315811
2775050452
2312679633
2599855786
1805752495
3275415792
1462137405
3867574566
3910736123
1188474060
29717609
566437218
511268871
2114234472
3013043029
598363998
1804394963
2782261188
329427713
2190965530
39912031
20930272
2482927469
2436883606
672253355
1802867132
2290005145
225347538
4233492407
1107879000
840961669
3162513614
3553305731
1119974068
2872308017
4053740426
4043413519
3107657936
1615628445
3116360710
675831387
406942380
2179514569
693913154
3124314983
3672890440
2598389173
133172798
1896141619
1232695716
932152161
3577001978
3430832575
2112687808
1237558733
3827138422
3370640139
3295235996
3043399929
127099058
2357082903
860655672
837486821
217126830
130346467
386722964
1819828625
4137066
1418872687
2379497648
383176445
4130322150
1608209339
1859922060
1327185193
3621443362
708828871
1502216232
2350077973
1815756062
2874569875
2286609284
4201745345
2607113434
599286047
3274682016
4139320365
2811071062
1775087723
2387148156
266972505
3619269010
2102996599
1875061784
3203150661
3494018702
1841588035
3921827444
3200123377
2500756810
1596696271
2214484112
2975679837
4052613574
975829275
18796140
2104813961
3262568450
1382361639
2614563848
2429065845
1564531710
265930227
3888268644
4083205153
291602874
1726421119
2986294912
3614872205
2135426358
2870685131
4253850460
304083385
1092182642
146723287
4150573048
2830863781
556553582
2971766947
2119807060
1595724369
3661978154
2242229807
2595315824
4067945405
496151718
3448524411
25257036
1829619177
1516783842
1115760007
2144016360
3197635797
2210130654
2145830739
3914831684
2239048833
3479244442
2699198431
3881025120
3029618925
721743894
2569558827
3266062652
2183226905
3807021906
2491884855
103363544
3404797957
3060177998
1765042691
2487941684
3601650353
1444650762
3906499983
2363840592
683590173
133549958
2623165403
511437356
3388854857
3974572482
913035495
526257096
924430133
610494910
3369433267
176347428
3754345697
3382446970
2290259775
3156553280
3802808141
2256292598
2890741899
169846556
1912998521
946152498
2995398807
336109496
220516965
3802747694
424997731
3876467732
2055602961
3939062762
1436280047
3516022832
784975997
1517249126
2498496827
2189844492
2354908841
2737535650
2516397127
3498569640
669352341
535779486
2751322643
3300657924
4251815233
1347057754
2157928095
1164676640
1112563117
2305168854
3370239467
2086606076
1072029401
2562796818
547347447
3573218200
1659813061
2494331406
819670211
773545460
1807770481
3599136970
1153958991
2612008976
1798373085
3669452102
295267995
3558393324
4165171977
2188196738
4111284135
625001352
3398665205
4078417790
3065506675
2373659876
2776728993
262427962
2551240191
1411309056
1075751949
1199198390
1061028683
1038250716
2514019129
926328306
3365945175
955795320
3420903205
1462243566
186586659
485128148
2540958673
3012234666
3677672367
3661029360
3498861885
1787156518
3636102139
900406220
2647201641
1810132066
326365959
3951069032
1690023509
3063187038
2455481555
3594010308
1796910593
266445338
2309946719
1966546400
3568118381
4033936278
3417960619
4011966652
1777801113
587042514
3227734711
1811448664
1403330949
1356077006
4017663875
1660125620
3065558065
2014253706
3921302287
941529040
3715365789
127056646
480725339
1169514924
1493558217
482938178
3708378727
759118664
1207310517
522044734
3024166451
208355492
2907768417
3040501498
3159479487
4054601152
2224281805
3489797750
2527956491
2895445660
4267211769
1196287922
1237390871
3589517112
297901029
1147702958
289405155
2880338836
1319543953
1984595818
3979379311
476004272
2625618429
3415608806
2075639483
514824076
1376903209
777199138
1772452295
812965672
3520768789
2104194078
2243968915
2576102020
2537328321
3219557338
1121016863
3463867808
1617606445
1306894678
879811435
246688892
3776254041
1801433234
3532753271
451005208
701777477
2426238350
2412573251
2660459892
2958410993
1551199306
242180559
2851133328
2756163677
3964129478
4449307
1460780396
4244966537
364551938
4246750503
1998156552
1812032885
3191182078
1546719475
3809678436
536168225
1277044922
3691352959
3431824768
80332173
3990068278
2774259915
704072284
3963933881
845867378
4104957143
448452344
3413450917
808111214
1987550115
3743039316
4175304017
885506346
575598895
3217776496
392421053
3143631782
547600763
22270796
435644649
607621090
122798215
3206870760
2348965845
1781801438
2028704339
1249371716
177418113
3524867482
4073093855
1760132448
2588476397
1334052630
1439073835
2396411964
1174391065
463966802
1978302519
4051096280
842803973
3116929870
3164075267
213584180
290952625
1702462986
2846306447
4175877968
2758554909
2794890886
3207544539
2884491564
3036738889
2265051330
605154279
42953416
3010822709
2787057854
155698099
758294564
3861792737
638562938
2649494079
3699535168
3581964877
783213046
503899019
1237931548
1616768377
2186128178
1210254231
4144873144
2780915045
1613679150
1166409315
3270361876
2933540369
2965551850
3511689199
2889563952
2247670653
933476710
708736059
1633144588
641315241
1196540322
456705863
2001784488
1878185109
850300830
647865619
3837483524
232689729
2017042266
2689489311
475024672
4144500909
1661742294
1115353323
3813164028
4185342425
2643801106
2301507319
3212286616
2040319941
4061491470
3768170435
2569694452
1383999089
886792138
1914814287
3972044560
2191618525
339688518
472471963
2819208428
297377289
1247740546
3768472231
2405507720
1527928565
1822060158
3594860147
3330931684
2830895265
1422851130
1757761791
3645578496
3413630733
3763595190
1937026635
1607147996
459523641
2159422706
2195987031
447506040
224815653
3660875758
1227563299
585696980
1230714577
1811641514
284429999
2305744624
3976091709
4263587622
3142053627
2189134540
1738062441
1365357410
2484768263
4172834408
443287893
1285209438
160856019
605457860
2849943809
2751973658
304674911
2154487008
2875710829
3057521302
3444448171
1070198716
473660057
451450322
2870783415
346301016
3434493061
524553934
647117443
4020342964
2894690097
744159626
3734965775
222172880
2745659037
3540095494
2582787163
1864716460
1676609225
4187083842
2173008231
2639174216
1603791797
1734835262
2649319731
1255739300
3495856481
2853963258
1666273215
984059072
2070940621
276999542
3630119179
2143071644
2652266233
929328818
2746216727
4116106808
790900453
1677460910
203883491
2328627860
1629546385
2821844586
3086663023
3206954672
288666877
2358797542
3061852603
1753155212
2396291881
3156698402
548869319
2736504360
3895328277
3988302622
1553336979
2219409796
2807271873
121877210
3474347807
3975752864
2888329773
920238166
2298480235
2551929724
2399957849
2103555986
980804727
1086089752
3091749189
3876875406
2034335043
2078307444
406423537
1840796490
635378895
2719962768
742271837
1084073926
2068434715
3842026604
3160485769
3998901762
361193511
1813500424
2110144629
2890287614
4210318323
366994276
2245380641
3082211258
1951403647
945273984
975763597
2365272886
1065911243
2103310684
691386297
1880649842
1766229975
3066885624
4156208037
2202354542
3644434083
1180094036
1324046417
1730553898
1562651695
1965121136
2002506173
550066854
3198624891
3609346636
212667369
3244480226
802052999
2520438248
4126716629
197679326
442260819
1091843396
2398958209
330128538
500594143
2042313824
2919872237
2459901462
3360731435
2684127036
4071238681
1858115922
1442437943
1400926680
2299739653
2940635726
2204598275
1772558388
1313757361
3669191946
1050798991
3005503056
19245085
2060680582
3270519259
2908473388
3956283465
1115207618
1801717479
4219259336
844977461
284612542
1210453683
1130264356
2984364769
3479132538
1115786559
3390811200
476226893
3816650998
1538297483
3966698780
3179401337
3029479986
1382538903
1322180024
334100581
2110800174
3139635555
1632195092
729450769
1788355050
1462786799
2468363824
1681108605
3094614118
914153275
1378172428
300045481
1523845282
4028654151
2983570856
546056085
1552533150
4255739923
1446422788
2845545281
4211394138
86594719
4268821536
634110893
927876054
2650807275
3408753404
2815730905
1489320722
3697840631
481311128
1272373957
2644142094
2948874947
2763357172
3347573105
353126090
3752294991
135075344
3340625117
1600328518
866469019
737584108
2197537033
3484207490
299593127
188580232
3122473461
725165438
2688450931
2937375460
4248996769
47555386
883280895
2813549568
4141683213
1640595126
2677496139
548393180
465217849
1318171634
2647913815
1830585720
4034002213
1499266798
2091068451
2808321492
3482221009
877124522
3168749999
3236093424
3699133245
291014182
1086413307
491256268
2402573673
1111161442
1349331207
2511095144
78142549
1438446686
2168275667
2138102980
4293833729
2936664090
1271853919
316316640
1211011181
1386686870
3704506027
1299062460
3477855641
1697619154
1820461239
738967896
3444787077
2546992590
689423747
3637223348
3165010481
2122506378
2142226703
681154000
3806781853
2349623558
1344872283
2224111532
3533973961
800496450
1470993511
454687048
298172085
1355625278
3724391475
4106411684
3501722721
601468154
1904003775
1222560704
1582841549
362759286
1039983627
769678492
3298836985
1205269938
1246415895
2171989304
3121791461
3685448878
2826571491
2758121876
3555142289
99964266
1693513839
1713978800
2767562749
2838936550
3224671419
1011512716
895690281
4049054754
4285837255
2709429544
4279062805
757195294
3755464083
948097156
1521915073
3783055834
2022134303
246934432
166862125
3530149718
393949547
444500604
1238357593
2109718162
1694908279
3511879960
2588437573
1135043470
3659663427
1906934644
644434673
953629258
1434113999
1552536976
2034277981
1586462406
1530640923
2599132012
3951645321
3159764226
1268415271
1792160008
4128707445
2540896510
2619582195
1881715300
1426214177
3291182778
3754330495
3848141696
2811505549
3435055670
698429131
3888162908
4176648889
1780610930
378299095
3147502840
1569474213
2323364462
2305274275
2752470356
2437192529
3781201706
3861210927
2863881584
1113572541
3184439718
1469484923
1928114508
1965993705
2716474850
1811347079
4111250664
746259925
3631779806
339290195
3173811268
1119040897
69043098
3524423903
164166496
534145517
1683371286
2697387051
3860772412
3089141529
1278582866
3837081143
474353880
4285944069
115376462
1839401731
2601461556
3180403633
633951242
1472767631
2879247696
1860901661
4104934534
1469912283
314947372
2657827657
2404089538
3160547815
4196804808
3822135349
3572141758
896555443
1023821348
1927368161
898302074
641927231
1961945920
3880835149
350752758
356792715
3792745500
3111236473
1060288818
2170075543
189529272
2275314533
2878191662
707531875
2988499220
543607825
2286520554
2537330159
1983986992
4185563517
1289774950
1772571195
1156492556
2136405929
1303531426
3300130119
1880525992
1773238933
226557342
3642833683
154007556
10786369
1219226970
1597001631
3687697184
4271601325
1982618326
2339456747
604938748
2063468505
978403858
3394170103
3701790872
161281477
121331470
1314573763
1086098164
4208831601
3877187018
1029256527
3717567760
1755731933
740485702
135081883
1340052204
2081022985
2186711170
952404135
2295718024
397671669
2666781822
3299069043
924555748
3541372577
2310556218
2880587519
2941754112
4065215757
1004213686
1940259915
1888518108
3336408121
281623282
3379548247
541631608
2768867365
1151432174
1434924835
2589598932
1510849745
2087731882
2398520495
1888673008
3473292861
338418982
421971195
4128270540
1151074409
2926592354
4167812103
2992383080
1399893845
1106979678
2840595923
3628542916
2638919425
2699564826
3869306463
478567136
3674293101
900481174
2855956907
135155132
3005759641
1909629906
3029558199
2721013848
2239519365
712506574
2802405507
242331316
386858289
3733374858
2095875087
2050036944
3409073309
2729656326
4014738011
1979264684
3575991497
792158786
260157287
2527156296
2390725045
1263462974
612237107
4196969892
3730673505
2457031674
2530493887
206703296
1565290957
1331157878
2005307147
2801798044
2717263097
3903159474
3985745687
1783696440
3800913125
460780462
2520324579
3900385428
3606670737
4287937642
2752721775
23608496
2277677821
2440106726
1221918651
2316428428
1975372073
1038349090
3051244231
463305768
1182311445
2879854878
3213205651
2788695940
3781531585
3197239514
4012133663
598911648
2848444461
2425742934
2413976683
2245900668
1096759641
3698967954
37919351
3164973080
4292116293
374758030
1651413827
1877906036
182783473
768745802
1296208591
3375387792
3142521181
3055375814
1343857947
1758628460
3128784265
4021154818
1331271207
1665699848
83093109
4022056958
4022268403
3790438756
3178942497
3783007674
3462988927
3282057856
2097897101
488530230
329636299
1495226204
2340126137
2424798834
2893954519
421868536
753523109
3050189166
922860707
3896765524
4025081425
326563370
1834132015
1350655088
2825893821
40896678
2607938171
3300073548
2205962729
902653154
1808503175
3415905256
1602836693
1078249182
377615187
2931872580
1437939841
325692058
3212471263
152222304
531569901
883510294
2401830699
1362945340
3328373273
604415826
3525087543
1002942424
3311756293
815167566
726308355
2431858228
2401230513
3065723658
2770035087
3528676432
498896413
2216766342
758513627
3425412652
4241645129
3715777986
3339468007
4002121672
4157668149
1643791806
2166793395
170530084
1496109281
3365054330
4180706111
3439471168
1716194125
854501110
4207142027
447636252
2217580153
2452570162
2230686871
478485432
819928677
1499934510
1117855587
2775871508
3181317905
2044129258
1098174703
1167998000
1976407165
1692974694
1941812539
699669516
2660735657
2414646946
1223923783
2719181736
2070072725
3046388894
1761936915
3986769668
1123653953
3509523546
1583565471
2758183456
2977376685
2410050006
3134091755
3723219196
2733861593
2990098706
48318455
4015355800
3807316165
2667075086
1818056899
1564449268
478113649
453121226
993456207
1566184464
2537212637
3934175558
1231100571
63209964
753141513
3529267074
89760679
4163518344
2748764149
936022910
4084537203
1319004388
1513329057
1500967226
2112537087
3761756672
3989534733
3733499062
2678107979
1064120028
1288466233
928825842
3048713047
607175544
1529684773
201452782
2211922467
3956061140
416874449
3027544490
926531503
2290015216
4103876925
1989882918
4101517307
4241807308
3083838313
100763746
1008099079
1053295464
918880853
2169856606
835639507
513374916
2985474561
3919724058
2459887967
2372803040
2480928365
3477952406
3851590827
1605008572
4157645721
2966530770
860929719
1729036120
623996293
1195111374
1348918147
2157166004
3955474481
3160845962
2253733647
4060386256
2357839773
2264274694
660272475
861740460
2607968201
1746151746
1493289575
4293179208
96822453
3337396542
560613939
1258978468
693047905
1709767418
2203566271
1963018688
2823595213
766276214
888945163
3676027548
1712850937
2312111026
1032094231
2682792760
3633571813
2472438446
2237932771
1192015764
2589438097
84943722
627142255
2162375600
3919285757
3041356262
6384315
1104499596
2145676329
298596898
4092847559
24664872
4000315157
3645394974
2879351699
3177803396
1801493185
243476442
3807201311
468281760
3148448557
3781033302
2721417067
3392727164
2780470361
160418962
3257595255
4071900952
418157125
3475067278
3257343555
1722786164
4121743601
3165194314
3174452687
3625112464
577340509
3074895046
165908507
1052080492
1497208969
4167154434
3502551335
1165684488
3663509877
622882558
2781232371
1529761892
4013904673
2141766842
4030168959
3273554304
3935211917
3994679350
2912322763
3245999708
282091705
1397294450
3676051671
3211481848
2513661093
1966909550
2449983395
49576788
2598052177
1835621674
2729172271
1451973488
3649809085
1588420518
976840059
3161821004
1737880809
3977030626
3746311303
165966568
3206786005
3006070238
3510025811
97591876
4160961409
2979123610
2517526239
1738045792
3717451757
1939366678
1131885099
3512144956
1299272985
1714662994
3459247159
2718256856
182482693
2624089934
1818108163
995312948
4076511665
4253622794
3600424079
390386512
1033503005
2570191494
4089113307
3381499180
923107657
2634353858
996300775
3366774472
2656882229
673578174
3678990259
2596922404
2495894497
4168502906
1800011327
3259984192
3377544781
2911976950
3157233547
2252870172
1303738745
495437618
222195607
1920613048
1068216677
4150044206
3028429411
725876500
857952785
2940229354
98110447
4046928688
153913213
1888294246
79700027
4034235148
2678341033
2441272738
752825159
936135336
2241863829
3301141406
1565839635
4086339076
2694487105
76430170
2999076255
1211844896
1851710637
4089219286
3692535019
3905224700
1337249241
813518866
908042999
1153570456
130882501
3570486542
3117147075
3929975028
1550660209
549911498
2302716751
2002424592
2195406301
175544390
2812347803
933589228
3314166281
800988802
664452775
1228578440
2391122677
1706904190
3702678131
3852285924
3265139873
3792803898
1531919615
710154496
424979213
3117564854
3548863051
2101730780
3716633145
843860210
313230935
1758782072
1121760805
528376814
3079884067
2344305364
1005601489
1280643242
1705573039
4171684592
2101224509
2829486886
2192939771
563431116
416237161
3102658402
3412916743
720364136
3735377237
2211158366
3401163731
1114098116
1843838209
4181222682
4291355743
1435621600
2731190637
2408214166
1054263211
1145220028
3443852953
2452402642
2562333111
1789566552
3698491525
1578887886
3576718979
523357364
1791263537
2283967882
1273625103
2148799184
1458387613
2832526854
2824200283
2898070700
1435210441
1246556226
3828213095
1189353032
2811705269
866539582
2227344691
3613936548
3784086881
238723578
3876010943
1928104128
1868093389
547162486
643687691
3123931548
1090906873
2606140082
3928186135
305875512
3425073893
3009536430
637218787
2954512020
1308750737
2254932586
2564532591
3566877360
4202725629
2226766054
2530858427
1402258060
2211909417
3708846370
1773502663
1125071400
653478421
637896478
1411724947
1846984068
682073537
1095782106
65159967
3881576608
1872180781
885134422
4269060715
3616544636
2799828825
1963053970
1421824119
1669260824
361801029
3725084814
2840308035
1173139572
381719537
1432088394
1431701711
2033275536
3733976925
3524068294
949582619
211052652
4157193097
1181843970
2145111079
23678472
2790362229
2812356094
1849264115
3421183844
441439777
246508474
4113693311
3554195584
538821773
2947649334
2809343947
282113372
3102819257
577145970
1382413271
2657972728
3360227237
952573806
1249497763
3827370580
3256378449
1597490218
909187119
2899401328
95657405
1116124838
3823947899
1244921420
1367054313
933753570
1987626887
2682933736
2068446933
2704356574
4099377491
2992468292
1503477377
1318451354
97411551
358234208
2307162861
2435021334
1840340267
1450001212
2102114329
2193405266
2297382711
1056894424
4293364229
3126224462
3772623875
2318357556
421618865
1781729546
2621757327
1785877072
4270027805
2749290886
1529599451
4209738796
2097456201
1038865346
3378803431
2022327752
125083957
2540549054
4090968755
3739595556
1437062881
892728698
747600191
1155049536
1080258893
4107261174
159857291
350077212
1175018617
1362906674
3392359063
4247476664
3825484901
4117634350
802108771
865046036
2968753425
2558901738
2489927407
1762409008
3818355325
3754781798
3433990971
2301819404
2994528425
3262456994
544656967
557918632
3093918613
2869863070
1712364563
184280324
1233624897
1388929626
206389407
3075213344
1699909549
309239766
2672609259
882519804
2973905113
622679826
336199159
3437933976
2822188741
415646734
3869667011
3619272692
3936810353
1751638730
3614860879
462885392
1535619293
4228542278
3536646299
3682754540
1979469065
175891842
1334303143
1812397448
130053621
2563506558
811314547
3960997604
1012176801
2475179834
4091525119
2108446720
2766790157
1035459254
3210347851
437947612
2836280633
1905774578
2420859223
3728015736
2350401829
4011252462
2696632355
1780863444
4082337233
3021043626
3393467823
2970278384
2565609277
441311782
1943995899
1414641100
2543511913
926422626
1450153223
1725153640
2064754773
3109933150
605056723
867309764
19316737
1068141594
3726565215
1693554656
935418989
3865281942
1711731371
2782321340
1669687705
2246293714
2496623799
2634169688
3678376837
3742884302
3848663427
3662404532
3289466417
2981788810
2108339471
341807568
1516023197
2018493702
574409563
3524852652
863024585
1172420418
1627783271
1537176904
2750745269
24907582
4270252083
2403474084
924194913
4217915642
1910683327
4128491456
3799059149
2552864886
4222324747
877074588
1656737273
2369327538
2741909527
2974443832
3980725733
3951122606
670972643
329504148
569915025
4087017834
2927748207
3968678320
3933303805
1875384294
3158196411
2941268364
2979377705
263243810
3340966855
3496089896
537042197
31374878
1763115411
2822769796
1228579009
3338237402
33766943
1980426144
4119914797
4207029078
1419763051
2648917628
1960141401
2395986578
1778363255
4278551832
633387077
3003858830
3353097283
4255498100
2652919537
1743443530
3315712975
2626408848
532834909
1986976454
2352703003
3262076780
3324108425
1239238914
211740455
2266213640
2563923829
3879591166
4179153651
606334564
1856788769
4271248058
2371384703
3855546240
1303967629
3521455670
2973489867
925066332
3017680569
1843401586
3260796631
2787873016
4098527909
1886230126
274193827
2076809556
2510399313
1491217194
3621933871
1129535856
1558679741
503057830
1217149819
1575906636
1898789609
2241804770
3780207239
2108436712
3288093141
2052156382
803492947
2758131780
2860728705
1517690778
3199884511
39319392
1400976877
4249522454
3185018923
3498013244
2247236377
3919690834
2992284215
45386968
3564805381
4200619342
952710915
1837589300
831793073
1824059402
2786824847
3151745360
2423842589
338145414
327729371
1346728748
4275029833
808360642
554864103
3995313352
1662546997
533818046
2060551603
3330114084
3419888097
4006714490
3976262719
1151199040
4219577421
2024434678
2462770571
3060756508
2636726137
2639058226
1809065367
2895673528
1307105125
3281753134
1686650979
2924944660
1729091601
2779194602
2636481007
2635938096
890137981
581550950
2072573499
3823921420
119636905
2462280610
3552209223
1316096168
1136576149
3631602078
859334419
602092548
1841340993
736135514
453262239
3784886048
3327279789
1539094230
3027104491
2976603644
4154168281
1662482
1285576951
2010076312
4096606661
3671538446
2733439427
363906804
4146903153
1642383818
3587711311
974098704
1363157981
792348230
2061818779
3747303148
1849323529
3533024386
757134503
1351572616
1065830645
1089910910
2658203763
1376703972
4149680801
3722110522
4154209023
3393230592
3230339341
3661197750
320385099
99302364
3747682361
1698649842
3734453335
1951473784
1725946917
3939193326
4014957347
1997299924
1862453457
1537859242
353071279
2712328432
2007370301
999373094
2012508411
2232034508
1681034345
4041039202
2367565831
3799228520
1007287125
2450261854
3990043091
3799541700
2612183809
754496282
3718306399
2878166752
2193887085
1138269334
186850731
1952909756
3935423641
4227252178
3616591799
3994410072
1368958597
976214222
822574211
2715937460
665454897
2838389642
3415699471
2665943248
3336052893
1701223430
1158657627
2473650860
1696717001
3402792514
2139757415
773248072
719248821
2691548734
1052191539
1654122916
1508612961
2641489914
3555340735
4000777920
831864269
72497014
1692744459
961988508
4215648505
3480721586
426054423
1830127672
1810866405
2881277870
997017059
1638491284
1178237329
3165280362
374611823
3099343024
3916326653
3866259174
546220987
1158127756
958420265
430772002
3158095559
2574317608
161345557
3704878366
2591345811
1541757828
4246315969
259955930
2370844959
3086329504
2107022381
2740863574
1421281387
221410684
1066714457
3338264978
2985035383
3041403928
2038221637
3190437518
3453534019
2111491700
3150715377
1683340618
3189341903
841109648
369155421
342667718
3033092379
1346782828
4098228617
1923420162
655229479
3329887240
3789501045
1408668670
4133756403
1406713188
475323425
3210131898
1756033151
3909170816
2740988557
3300179254
2062583243
611455836
831982009
2780142194
3674057175
3332747256
1238902181
2351959406
2476861603
3119392852
1165421137
3395850794
935300655
168908912
254247869
1628267686
404203131
3886341196
4138393065
1190297826
3486907783
2469007336
3376063701
2928517854
870129491
3421114180
448087169
1160922778
1892833247
512865888
1804200173
671983638
3823743787
797811004
2539945497
182633298
4201774391
3710266328
3097079813
3431355470
606126595
3579540020
1817373361
1964693258
2753449359
4219555920
595221021
1510770566
3436293083
3113968172
3966167625
3821887938
4067207399
427361224
3779610421
827400638
540528819
1100042532
659741921
2504606586
1553887039
2979997248
715904845
2837512950
133861515
1526538012
2199200377
1907973170
2720071831
1891735480
2908318309
3521448750
44911459
2342169620
2239240977
1185188842
3490561263
2104113200
764502141
2837584486
3243204923
4037138444
3448907433
1919791778
4138337351
2942232488
1470110101
3170439326
1959539219
776372996
1027974465
4292063322
2397517471
3072427552
3244160429
1067896278
3413843435
1329106172
1388377817
829515026
2413999095
896529304
464475333
2332307982
2661254339
2485376500
2986244977
2101194954
879090767
3267629072
2483328733
335945030
1340655259
858799596
3729036041
4161500034
1885736871
3872635784
1708792821
3460132734
3606201203
125936868
598056353
822709562
377794047
1103360
2620933133
4283893942
2126732107
817359580
2961177401
2101534194
2911835991
455688056
53702437
2191247598
1397714467
2725179348
3741191121
3005105578
4127108015
3129399280
1231813949
2087751718
1056300027
2747175884
2929078121
1440654434
528009991
2379186024
1368280661
2111192670
3624010963
1052423876
1837811201
824367642
2924402015
426055136
3016933997
401191830
3727378603
2683517116
2456432537
1684391634
285092535
1306884952
1870510469
3747860430
1746208643
1710487988
3314469937
3732818570
3853527823
262836176
3428815773
3759764230
3234767195
3770997164
446626761
1226786114
4021958247
2924098376
1817489589
2155576638
4115887667
1097447588
2047680097
1683461882
3172838591
1276528064
2361749709
3575041654
302704139
3110237852
983012345
3524403122
4228378135
899458872
2015769573
1679050414
273174755
2318070676
3939024017
1368768362
2152880751
690436016
662133245
1488504294
1942689467
79368076
1249310761
1795511842
4177678791
2386286376
331694869
652553246
2554238867
2030480004
1950656193
2329920474
1439249439
2635883936
933777197
2660653398
2931438443
360555644
924854361
2373970066
3699663223
1984348952
1086643781
1868901774
1799440963
3062619508
2680413425
3130827850
4005378511
703909776
4048244829
470190278
1648573467
2786669932
2989892745
818468610
2133400871
2946263816
2977432949
1573604094
370895091
1258916964
1397317409
3237175482
925461375
3446633856
1360223629
4162868278
3029414091
3367813724
1645997241
971448690
1280017623
4024159992
4176591013
4228809838
2220356515
2391717716
26750289
600504618
97044783
4044052336
1282635453
2075835302
42930555
3612822348
301236457
3953248226
4060518535
3496210152
3137664981
2917521886
2957109843
418012740
3660793729
2127195546
3424015071
1510438240
27171821
2171387670
2414337579
1670893628
3785548057
1451215442
288708663
3193162456
3695493893
2697481038
1390693635
2980806964
4183666097
4082679306
1179453583
425906000
3884436765
3851247238
923178715
653087020
1976175945
3368560834
3983721447
3934937800
2986613301
1005377726
2483690419
1075912740
2551865313
2560420474
728230463
2078041408
4259449421
4130576886
420887435
4068920860
667747705
1048699698
488233879
967227064
844496229
2420802094
3124647523
3143252756
1009540625
3950899946
3709990895
4193466160
4246754173
3811996006
1308740667
2673035020
902744489
3514038690
960864071
872924840
604859541
3365423006
3670801683
438686212
3893798977
1050859354
402010527
669402400
2255857837
774694102
2490648811
4261526524
4071774681
690318354
2379288311
4123824792
1321035717
2571970830
2310934467
1125311732
1260142193
712153034
2736756559
2780073744
1406470621
443413574
30978459
3338743020
4128945673
3940366978
3377932967
517216904
2864246517
2963285630
2313129587
4235228132
4047511713
4245959738
10037503
253564160
1743877901
487628726
2992244299
2323683804
1282072121
698508530
2905797207
3267190392
2433942053
646463470
2092661027
3696066260
1933922001
711896234
488498863
3953055472
1044246589
1290528550
2028160763
2691629772
2797982313
3594251106
3179243015
1491557992
3953041749
3971773790
2459750355
947455428
2796472577
3156803866
2674783
2658718944
4209866093
3533097622
2401203115
410740668
2332988057
791727570
4044850615
2893093464
1693371525
1051969230
982422147
377620660
3451883313
3249156490
2079647247
1453985488
2599618205
1483229702
1165593691
2853488812
2213027529
818416706
1637241191
3426325064
2555806645
296039486
3529228595
465012644
3346702689
3222879738
3715966911
4277241024
604087245
2054645110
3004993803
2758419868
1354069753
84453042
4216768791
4208969272
1105774309
2223488430
1452235747
2099806868
1067646865
576530026
2625410415
768489136
3565964541
916135142
1710457275
3731521164
362388265
1941544226
762571975
2663560744
1853396501
1343382302
309617299
4020500868
3736840641
2837244634
191770399
360653984
1405485613
1550479446
313089643
2797917052
2339867481
1382150034
2580069495
838951448
2878927173
918299790
1343608131
2545478772
2047320049
3669986122
126678223
1946373776
3785474909
4248592326
1151936283
3018335340
804407177
4098399746
3304077351
846907912
933025909
1958478334
138327027
4189477732
1133109793
1936459706
2832459391
2199499904
2261946509
3693603638
236837835
335769948
1970065337
2591336562
3326435287
298708472
831998885
805895022
2457468579
3920315988
4194660433
3574161450
4059956271
3896596080
1154181565
3724808870
3086122107
486914636
4077528041
3819769570
4158862215
626642408
3378203349
3898216670
1427289427
2070326596
419252865
2000589978
2156285407
2763600992
1170165485
2036848150
1909590315
1553858364
2494383129
1014550866
2795811639
2520607192
1870386693
3878044238
1964234755
4067921972
146043057
1467131146
1017627535
92294736
211894301
648689030
36143579
2285584428
3405328457
1327427522
3257196263
1364705736
88862005
2946797502
2252891827
2989289252
1311630049
1758237050
157115711
2471863360
2770615629
3487707382
1981671051
1829535004
3142641785
1940286002
2361308823
4148680120
215912549
1858861358
993747299
764791316
3140264209
70474218
1952592623
45626928
3552265853
1088866406
3516938043
3758142988
1876389033
534134946
1267546695
3429672360
3641098133
1800634014
355977235
3615564036
2654186305
1481506394
1714498719
602342432
1167678381
2538535894
3210310635
2915494652
124763353
1463120658
4134234615
2833592728
3176626885
1974607886
340302531
310244340
4068868465
3649273546
3523564111
3537964560
3232857309
2993802054
1085578395
2328763372
3854358793
453706114
3891545511
3901782408
1042530805
1478417790
1731778931
551240420
2418451361
2986007354
1708762111
3882177536
1404480013
2741384886
1574744395
54872284
3810640185
3663588338
2374159703
1527610744
1082037541
1183889134
462652451
346557908
1540919761
832246698
979968431
619894256
2249974589
486751782
3585913339
1796960716
2093053289
3790942818
389153031
867908968
976942165
1321118814
3450051283
3216200900
1998507009
1040918554
2200882015
717788128
2283022445
3823100310
3456081579
3456079548
75429273
3428308178
668786871
4189632856
1642848133
3357523406
1484004739
2743867316
1883001393
3266451594
1046847759
1675988432
1653766557
1045635334
2198894427
3747657644
3506258377
4056732482
2233363559
2011492680
3739506357
3286952766
2245004339
3783349924
1916019809
548857082
3842548415
4144546752
659150541
1685322870
4162468875
3933066396
1839159801
3629854130
3344016407
2900288824
4181154277
2098672814
3192022755
715264404
1959346833
2667613546
450023535
3065066928
548225021
4028199910
2802314427
3256216972
3397926441
2747917346
160532423
3137705256
1236789525
3361446430
3105238419
2948417668
1820241089
3660976602
1581197855
287171488
32486701
1289389910
813992299
2970092156
1822092889
2241853074
2579044215
3631743256
3925410885
2217679758
743858243
291634036
2056741617
884896330
3095965647
5098896
386152029
672020166
201003547
1773343596
2642045577
757359874
2825081639
1058351368
2756553589
147372286
2093874931
1340025444
488006945
1187032762
1839882623
4194300800
1956496269
3771433526
932611787
4131790940
2609492665
928919410
4176165591
477891832
600366757
2552197742
1846020515
3141784916
1589556049
1310967594
2891923247
3753071984
674192573
4159269286
3896633211
2830117196
3387672297
2668910050
2439761543
2181803240
608017877
3454683102
3528425555
3814652996
118705537
2660154266
1042434271
4003918688
1743520237
2147413270
967324715
178269756
3766724377
751687762
1790971447
1424165080
2722031877
262158670
984572675
2277482292
3394712497
292064266
925793935
2950286672
3267801885
2372078726
3727977691
3448057644
468996937
3872503490
545454567
1038164168
186630197
4235740862
2800923059
2276769316
2039309793
1977104506
2793332799
3893027648
1349677133
2787952630
