2044582269
3527032678
323437115
3604890892
923905961
4286424994
1763145031
586392744
4001084053
3591755166
1858089747
823169028
666259009
1273120090
3355625375
3259884320
346861229
3915133654
2364489451
2688825852
4232495065
3159530002
2238735607
1797779608
3654626757
2019964686
932693443
2611290868
490562673
3242558922
2494147919
343649552
937791453
1521009222
3504940955
1608198892
1650498569
3121473666
2988703911
1954478216
3336189173
909423742
1627309171
2659856868
4232234657
3495600698
2298527487
3894653696
2117827853
1396108726
1398799435
500307932
2378318905
1136038642
2290960471
1251458168
2795358245
3749203438
3833605923
1204731092
1971942609
621320874
1774386351
3167024368
4213274173
2715661606
1061076219
2853699788
1200535657
2182322530
1690778631
1557216360
4210222933
501744478
1248265683
1698808772
1989439233
16150298
376137311
3986584288
1791654765
657725590
640706987
2354832828
766048409
3953916882
363649975
1850374232
107778693
3841643726
1505642627
1953646260
1504097585
2878021514
959773711
2712612048
1646890141
1167136774
2963276379
4094477996
3803448521
3032922690
2363041639
2246209608
4234004917
3790062142
3360749363
2460960164
365119329
3790449658
4145724863
3149275840
2129766861
1359721334
1303938827
2824446876
1041423609
1063965874
2393317143
3728221240
819563749
3953511342
3937014243
1829224596
1856841105
1191515242
2681711471
3392296112
2543178493
4286245606
3815045051
4163992716
2078834985
2338278178
1647428295
3584726056
1219681301
1928065310
1679071379
810203012
619139009
3547879642
1575404831
4150444704
3947431981
3631595094
2119193707
2856538492
1830285657
2787843474
2169770615
3730358296
1769781061
4063310478
3600517955
2030512756
632604145
1169062218
3867347663
4182142096
1375619421
2773691846
31825179
3976077932
2806263177
454380546
1219038759
1847699464
1770659445
1571590142
2466900467
1133255012
3138947105
2446226874
698842239
27021952
1818793613
3777640758
3629109707
1183903580
3033544121
1663358578
2810951127
4003744760
4293792165
2471823726
1223341219
3689448532
3151337041
1371491882
34544175
2917364848
3556437949
684843174
2725900923
2229975116
1155467753
1428208866
3491170695
2906631144
4101738709
3403783902
3062426451
3454757700
3144609921
891814554
3845448671
4149924448
1256740077
2866881558
3893296939
2914680124
1532209689
2509242194
3878029623
3407005656
1338350597
97079374
1492094467
3575893556
975673009
1903137546
2471745935
587295824
3961767453
2544829318
3346659291
4000267820
2161186377
112827842
3025384679
754753480
2334077749
2135104958
468294835
3437276452
3573713121
834469754
3345414975
2979414592
1533035341
2438102774
2783304843
2352479004
4072296057
950310962
1375407255
1805398968
3231405669
474351406
