167909219
2687567892
1975699217
116869098
3878242543
1335383088
4111518845
463640166
3745361211
3557012492
3543290537
3642224290
3711373383
3276833704
3675063701
3683191966
4236508691
971235076
2196459841
1472556122
3004547743
3309740576
4268253613
204884438
1982622187
176253180
1495016153
597336338
635617271
70815640
3322364101
1166224910
1266307267
1955082740
264185713
3498994890
4133972047
3869256720
3579445981
4200896838
3290239643
1545607660
1752841
1366536066
1587092391
2184402824
2648508405
3698027390
2108690291
174915812
205605281
3547941178
924400127
2204365312
546877453
2940503222
691709771
3440297692
3096520505
162142706
3434423127
81779576
3751893797
2352530670
4172298787
2241940436
1966389201
3899457962
1709586351
1460728816
4288112957
2511146022
3161466875
691826636
396516201
3506757730
2018629383
3080526696
2569484885
446839390
2965754067
804524740
2216456705
756061722
2387173727
4175835616
982068845
708128662
4217935019
4099413180
2268158873
2047541970
3695851191
428480344
2567021957
2535377870
3640382339
49567156
3745216561
3301639818
2256385807
3420629968
1918959517
1798565638
2056187227
1506850220
1977690057
2500034882
2520334951
3984969544
2659425461
3404036414
2468168243
2549159076
3381971553
1220760314
2675849407
4005913024
1355930829
1220561526
2500735499
483742364
2266284025
3757398962
377092631
707740472
2311069669
2834121390
2679446755
402214804
1391159441
937458538
1426450031
739070896
3092170237
347161062
483484347
2287266700
3270452265
3064435234
1344757191
3924128552
2341089045
3186436126
235824019
735839876
2277659329
1724481498
4254056479
3925442976
4094343981
4070430038
176389995
1593737340
3327349849
2191598738
1763470711
1523015448
1433717317
2690394510
3962836547
3962059124
2707196145
1877303370
2052507087
445180816
3891838045
1205667014
764381211
3410039148
4075049097
724112130
1777608999
2931033864
1238561141
1618036478
4143002867
3509381220
901581601
593173690
3881170815
729452928
1087097229
730189878
3693116619
1330355804
2667911353
2235981170
3993604311
189426424
2880939173
4163076206
1238417315
2734232404
1738987857
4145132842
1263031599
4132270960
2750866109
3597612966
2736872827
3037538124
1171827945
3284141026
3547833479
2045348584
3472221141
3140081118
253605459
1767619140
379384705
1991256474
1202249439
2957021536
3752658925
321927958
4131203627
4264864828
3074559257
3877439058
3944309815
3618662104
1210101509
3338356558
803412227
1541659956
249715121
3013442058
3367146639
3662867280
450967837
2921323142
3755926235
1412508972
1206139209
765748418
2827603943
3313368776
478873141
1926157502
65791923
3521149988
964299745
3036718714
3042997823
826507584
88503885
3847558646
2972813195
4164004380
19018105
2203918130
3525568407
2549174968
4064799077
3214638638
29565539
845190932
3425110545
3888164586
2674754543
2643546928
122666877
3634818406
2988447803
858071820
3508467113
4061017506
822258503
1198088872
1076517013
3357033374
1857276179
3828559364
2037142593
2391053146
1934933407
595288352
1915753645
4188823766
3512046827
1169856508
3132982745
289318930
1090591479
1610952344
2110084037
817636622
248044483
1038565620
2693589617
833835978
676406095
3540036368
2950329821
2075947078
1413283227
1482754284
94429705
1983215234
3770300071
4054038152
1399577333
2545820286
3570227827
1976291300
2106313889
259256378
1885189375
3084923136
1929503501
3287161782
2265010763
1799845340
1848379961
603562226
25755223
2145647224
3392204325
85277678
2454471971
2448415444
1496054481
2343397546
1748333231
3382244080
3877198909
3642254118
1821217531
1180491468
1434582633
4216465250
1468559879
4062509672
2078772565
1517842782
2811272147
1478648260
3102766337
2684796186
1196645471
3681153248
3763593581
3553773206
1854717867
1766867900
4052074137
717621714
160666039
2206578264
3273832581
3277767374
3013959299
1039295668
2400992049
1273425290
267547151
2354195152
195326621
1316144646
225040475
4220560556
2094680777
2661042242
1631935847
3001364040
3946147765
620703806
1146457395
1487856548
1790070113
74775034
1057862591
923836608
515772365
3574653302
2421153035
3159163292
1726128889
1893458610
2063127831
853697080
1613935333
2387655086
2251040739
1298587284
2809506705
613933674
2086674799
3794031280
135510269
1434687718
3039415739
4067711628
2210514729
1498143010
4123588807
3655094824
3740107285
2819251998
4101254803
1089033604
2649314753
1559668442
1248115487
801915040
517500461
2405559382
1621273195
1555410812
1012578137
494087058
2744174711
2448555544
2767772997
614670478
154706243
3351595124
3545254897
603473738
3059122383
1309108880
1392455517
2214779846
1311077147
562036844
3192943497
10017282
954942503
1224893960
2695349365
810679806
3980689395
3595155300
699239969
633586618
137392767
3868512384
1564146829
3866978102
3218941899
3204599132
738589625
868476018
4248005591
3769403896
2701997989
3775788910
673368739
2961547860
264510545
3024100394
1923977263
250835568
4009678269
2343079590
783599739
4213937740
3432927209
1169902306
2055487367
508520936
2247898837
2794327262
1344176467
3662154052
2971072129
924078234
3276331487
945967200
3799890669
3659223574
4200027435
3551189820
1006399513
2466647378
767082295
2601125336
1879556613
3125362254
3124929539
119532596
636034225
2611437834
306007951
534800976
1789570077
976007558
422563291
1844386860
2596494409
3052088258
913042151
3015400904
4035107125
2406910910
710554291
173820708
2738720481
3307228538
1921380671
3190603840
1127786829
2247339254
3362337419
120019228
3193312377
4134643250
116966039
2030203320
964721765
1124922670
2196778339
3339462164
2866236689
4234548714
2715664111
935744048
3768234621
2034713702
1005486907
3829568012
1624742057
3126885538
343557703
2671657384
1305717653
197360286
1968149523
536771844
993613633
1612692058
3099572383
3438026784
2684602285
566130646
1315618795
1106233084
1361766617
4114525970
2261480951
1854786968
823092933
2853248014
830695107
3888271348
4289113457
1421097674
3664174671
3382520336
4150716637
1320175430
826861723
1151203308
2733835529
2555592066
3901182375
2999981448
394702325
3626817918
374777203
3500580580
2149732257
4098529082
3838717951
1972924416
2776045069
20165302
481557835
3900450012
3734170937
44378098
3607681367
2879658360
2521596197
3121459950
1632915491
1555720660
1366244817
2127155114
548449711
73200112
3785838397
3693066790
4288085499
4051258828
825074025
1895525986
2993360135
4234729832
3543392341
1298835550
3737609939
3452743876
1158707201
3386434586
4052309855
2234101728
2351600749
2483772822
798812843
3678696124
2628133273
1843204306
1300819127
2621265240
3033516933
3652893134
2579163523
359429044
2571697713
2967393418
2241015055
3539839440
1576265117
1598921990
422626139
3377238956
664759753
1100025666
2650634343
3321924936
309543605
1614079806
2348406835
3303584420
689688673
2231542010
2244554431
2224545728
414597837
1711110262
4017981451
1992339612
226264569
1646160306
1814278167
3897655608
3828434405
198193326
1309618915
4249906580
2622221969
2099988842
3320208495
3698807216
3068439549
837939174
1550727355
646957452
3999296041
3813416994
51811271
2509189416
1927075093
2705561118
3343251859
1601348740
2539411649
637521370
4100306463
3101360032
2612142381
516031318
816698731
2473123452
4281211481
3869323922
3769705335
1943575832
2282287173
4010153870
3718851651
4225652596
3952086769
3521588810
1250048975
2210523536
3272712797
3385111238
329735707
3753570156
965252745
191144194
1703829287
755811592
2651363189
1028568318
637782771
1122141796
3337228577
151546554
1010232703
585830272
4055248781
2182151734
864408267
2243230812
2345852601
3734858610
2231977687
1590339832
267307685
3189010030
2480985507
4102959444
3828178769
4182410026
675203887
3889525104
3843213501
3095258534
4113838971
1195771212
154137321
1259508194
1966922375
2322680040
1234078165
4245570526
696994899
279992388
3135043969
3864295322
135582943
2143293280
2203741677
1872914710
2757591083
505219644
428004121
155915346
1594104375
85959896
4152022277
1337144654
2819501827
3336043316
2939936689
2576173066
536087183
3819563344
192945949
2882898054
594327771
732498732
2842591049
260960962
234489319
3887381704
923184181
1161446078
1060404659
1716787748
1112347105
3525047418
2933353535
1213333312
1161223245
3811460086
2609700235
2836989980
1515583353
31599922
2692324759
4275015864
3326414693
379218990
1032403043
1312011540
1104384017
3035069674
2658793967
238506288
2968626557
1837341542
749268539
3613131020
2992389033
2718876578
933093703
3134136488
873004693
378188190
3226951443
3712338948
4166146625
1016521050
861320095
2979585824
3085138605
4100755158
2641095403
4011914748
1281641433
1067103762
2806108407
533884056
266697157
562172686
1672081859
1645829876
1561096305
2844860874
3165165903
3128273168
3690945501
3812630086
188797851
282519276
135342089
667747458
637562023
3048764552
439189749
230133886
4065063027
184380900
1141166753
4059905594
1147841279
2894900992
3891808525
3608496566
2589108299
883741660
969265209
363638514
4248089687
2015377528
1945375781
455223790
365452067
3590387924
2382266577
834811562
1062725807
4150063344
524370493
247664934
629958907
445758668
3668264041
2717955426
955885575
3328751720
3473683285
1668865886
107622867
2163408836
1484552961
445057818
1022055007
3861212896
1846364013
3672142998
4003009963
976527804
3096609945
3008370642
1479165879
1404105816
2651381381
1244836046
993817731
2036499124
767672625
1672657802
2539644943
2414160080
2572114077
230978566
1306766939
3003417260
2788200649
3991000642
4234253159
383249480
1144853941
3968245310
436871987
3432939940
886133601
980174842
598780351
3344637632
1857713613
1803947894
1654076171
1009803164
2866964729
599584946
2583333655
981246008
1169938661
2439751598
2807971299
397802644
1634611601
2979704938
3784873839
184963248
4106329853
435963622
3265176507
346503308
852167977
3299370786
672149191
217976872
2002266133
429444382
914605203
2004349828
2753256385
837088474
2878517535
1965407904
2593641517
280894038
715456619
4078439804
1053654361
1311455634
3497885303
4034608152
782566213
1870990990
428193603
2020828788
438030833
3920762186
3873044175
2880989328
1747981661
2300742086
773146907
4126269036
2492250505
3146541058
2682092071
1255351304
1911908981
4150750206
1362040307
116872548
1030919201
1026101690
862546047
3497873024
775774861
1849726262
3877273035
2472782684
4000039353
4124242546
898310615
1973733368
677141925
4281787758
1024123043
1595064404
350397009
909175338
469501487
1895002224
3056778173
3438230694
2795478651
2304537676
730699241
1137039586
1939961223
2924423144
1236065493
782924510
1264850771
4237600580
1676606593
4101021338
3322728415
1985597024
4064485613
1137016854
2756684587
3448453436
2144679449
3119258450
788231479
99697624
242870277
4147719246
2839919107
2332822068
3671761585
491728650
2715207055
363817040
761369117
1931108230
