768285227
3456752700
3862265113
941209170
3859698743
2646644440
2048073477
3639277390
3375302915
3596553524
205769137
1412442634
2454029455
308878160
2065803549
772115078
313053915
3457309996
3782453577
277681346
343588839
2958700232
1960408629
527074494
4294170547
937929764
4109859809
620713594
258958911
665170240
1466099277
1432798710
2654435211
3474905628
474849657
590466866
3725645719
177832632
2012371301
1642278446
4287042147
2532558612
1019247121
2989186794
2566419439
356483888
843591549
4091845990
3630303291
3659420428
1155949993
969860514
3421215559
1692242600
3123759253
2064380830
3442718995
441605636
1445053505
4267393882
3680218527
2675282208
486835373
991301846
1876133099
4022323196
505476569
2884327442
434506487
189095576
1931985861
3478902030
3976514499
3633475828
1616796273
1375077322
2379486031
2521226000
1099621853
508698694
1777790363
4168235244
2946519561
3469616770
1721444007
3450857096
187321077
3171537534
298142323
3355639780
1467563169
2871173178
576496895
3312607488
311317261
3266300854
3539419723
3026494940
1976007225
1702777074
1667624535
4022086264
1263230501
202173422
3439342883
2930969300
1144351441
768088234
1974493871
3833012976
2072103997
4010152742
1841267451
2877689548
2444848745
281204578
2220974599
415836776
2371747157
1578901854
1057000403
309432772
1813374209
2475519258
2135575647
2257854688
278417773
2079061654
1677373355
495285180
4183371417
3206724050
2959638967
1140188760
3958712453
2662232782
3335605891
684561588
2170399537
2614730122
23421455
180902608
1053090461
3283645958
4128491611
4057060524
2806627017
484767810
4044770663
2954976840
1919147957
1929044030
2990374195
3340112804
3541024097
2077469178
956081087
2345849024
2075819981
310546806
724946187
2811900316
3404600057
68194994
583386391
3488256568
1287463653
2851629486
3989837795
1381633684
2096044945
1315082858
2378895727
3492971184
1978411261
371280102
2169224635
1171098252
4167644969
3966535970
2761025735
967868968
4157862421
2891845406
3033800339
2942862724
2541667777
2217563866
1112255263
975597728
1150082605
1311480918
2634062443
1260052348
1486759769
1535105938
139835511
2542939672
1899711813
3970093198
1096061251
852523124
1744944113
1402664778
599355599
3081607824
2542772061
2079886278
4190069531
2649829484
3643794313
1418824194
3266065447
2540606984
1732654197
1459465726
2082238451
2430658404
2423979553
684880826
974086783
2995191936
3886509197
312416054
2578651083
2088729948
1551985593
3366491250
3673185239
3672422904
1762109349
3244664686
2897656483
3450393172
1068338257
364563498
2013823023
3252848
2789688765
2801155750
3049699451
1823786572
3921002473
109837026
2604478343
3881015784
374515413
1536277726
695103827
754399556
1629251201
1106968730
1797245407
3521937504
1839344365
1603600918
1839547691
742394684
3702513689
717405522
1080930103
366622168
1337602565
519630414
122590211
576396340
3440020657
1526337802
3952099215
2763430480
816520221
1691509126
2008661467
2693811244
370330697
2408831938
2854017767
2203553224
1720797493
1053965246
3391234739
1092844324
2021326561
64945530
3428114751
827256896
1796544845
1355111670
3509527179
3335817500
725714041
1023825458
178631319
6988216
1290464357
2551489838
343154019
744445460
2771434769
1167115754
2334699247
1546945072
1364402813
2672096358
1844474683
2751185420
2522810537
1491152034
2535667271
24277416
3315211157
561457822
1469023251
2262674692
296666945
4273367642
8824991
631656480
9975725
501753814
3903369195
884274940
3863894233
2527813394
930113015
2391670168
2486294213
1534118926
2206160579
3811409908
691543409
1404496586
262786639
2577619472
2933348573
1543894854
851630235
1567565804
4004672777
2813062530
908607911
865879432
2902793717
3224930686
3071186291
3013463780
869253025
515458874
1452089343
3219824640
3670246925
448094902
1147792715
3663287516
4159593785
2867451890
4037396823
4030482808
1697050917
868573934
4022878243
977115604
2251861457
1604616106
3723206063
2348491248
2077212477
3167578662
3431525883
794983884
4012183913
2636914274
2265185543
667748712
2724876373
1942902878
3119994579
2027675844
2985682945
2887750682
3376432991
3440631776
841942125
3068464534
3771390635
2553914044
2520355225
3371811026
2350767287
2439873880
190987141
2278189518
3769031043
554148788
3041553969
2677113994
113646863
506714576
1993627037
4283649286
2912596827
4165845932
3016678857
916045634
3046008935
670874952
929149621
821073726
497141811
2215633572
725172321
1260474618
4286062271
3592032192
3413291725
2117019766
639858699
3402490012
1128789497
471013810
2343608343
437891384
3732649445
1513611438
3379765987
2198052244
2072338065
2780166506
1192316015
4148527536
3934067709
2102370278
3025152187
313063820
2764560937
1294782498
429884359
3122880808
159597845
2287420958
2338711955
2125583492
179423425
4227235290
1275897375
536162208
4146499885
407614294
3905668459
1250823804
3442575961
2876105362
2637566839
1849216280
1108041797
1237698446
159718467
1202292596
1778482929
1615453770
128265167
2049448336
2908885597
2893701830
721505819
1424760684
1982334601
2518503682
923750183
2688087304
3261532021
2797233406
2560342771
238663268
2272756001
450304698
2916474239
2879209344
2447548301
1223863862
1763427019
1811033180
1309560505
1514281842
2592487127
2915227896
2779331237
2435587694
3962881443
1383162196
3721842513
428159786
1566161711
3318980976
572209341
512464294
3355845499
294597964
671572713
2728608226
3182807687
3627383016
396687829
1423045598
3332062291
3558836292
2762107265
1610295194
3484140767
906641248
71228909
4024178966
1399549995
4285676092
737559321
3888628818
2306411063
883938520
2230142213
119727438
2832867075
2194877236
1920945
2006972426
151452303
3040876880
926977821
2168141958
2914429147
386546476
108916553
3757482690
2305488359
2618354888
3402964021
4149605054
2193386931
1843087908
826966497
3751453818
140926015
942944064
1121143885
146797558
3222457739
1367750684
419522425
4013350194
2615578007
2599927992
1735360357
509746222
1657612387
3024545044
3320643601
2094148842
2005199343
3747971376
1735005565
2655079270
1785388603
2949984524
2846075817
2538566562
2718355783
1640190120
2844749461
2399035806
643256083
1961163780
3364342337
166564186
1524474783
3876785952
3459771053
2874556118
862575339
715531772
323468249
3888604690
799457527
3029507224
3771197893
3852583694
694542787
3192164084
4032684145
2270417354
3249244495
2537281808
3106917341
1532350022
4168795035
2724730604
4119894025
3991254146
996236455
3678708872
2372661493
3095609470
4140032115
2125766116
3513926305
2871782970
1978243839
866049792
3003431181
190249398
2647169099
3477734364
1692483641
615603954
3465651287
2440587384
2425259045
127523310
4160506659
1950623956
210235601
1365042858
2891110575
3954909424
3207180861
3123757350
3191757051
825945292
442283113
3841025378
3042088967
4136429672
1543676757
2895941470
626663891
482488260
2132929281
3951934234
3026338399
3402604256
2312222573
2021270678
1535575467
4293513660
2749756569
3576481746
780089271
2107712600
576409221
3405930702
3051906179
2780672692
1937977649
4045761418
2824001551
2816170192
2549074077
3632931846
2383257179
449163948
2485125321
1504347714
2612167527
3717471304
116098485
1073892926
3480359731
3699749284
3501114209
1330313210
488610239
362630848
2000086477
1584906102
889004811
4177366940
2993543417
74555570
826768151
17092664
1304840421
311646126
914501091
506014868
1248305553
3638911082
3531835247
1385463984
3994685181
4028233446
2789249979
2575329420
720534825
88676130
2790858439
4132585512
2344523797
3815537950
4267947155
1198990212
2435894209
3063653594
1660526879
956296864
734807085
1158138454
1585639531
1929198972
3197168985
2578966930
3837947511
3751504920
3597103941
1560592014
958506819
2768148084
2186101233
3604268362
4089243343
786339984
4164978013
1452816838
2972662043
1675824748
4075563401
2097485826
3105778215
3804189704
4094941813
2744327166
2810643955
3809379684
1472201761
1572323770
3838335103
368017024
3827946125
3487712566
2020634059
2724256604
1114059193
1480041074
2194149847
425523192
2346110373
3306067310
1763627171
4256559188
3628864081
355179050
2161571375
1001496688
2029726653
2109533350
3308359291
2892342348
1277494761
840337634
3822740871
2161334248
1434668245
690891486
2889090899
818140996
2272554113
3705097882
2908995551
1231289952
1760006381
3200200726
2401082155
933259580
67675673
3743992658
1898997047
3930158040
1236031493
23649358
1574021635
3888593460
3581678257
438427402
2594813327
872781904
3202482717
4081061766
1688179675
562047532
3803517513
1907714498
1650790631
3934669768
3517247285
3103107518
3653417139
2920225060
1332085985
674384762
1940117311
743796288
245202765
3981871862
451049611
1597237020
361581177
2848154674
1104373911
3393249208
4152365669
1691063086
2593272675
514487316
3472179985
3354366954
235742447
2396160048
2760706173
1624875622
2110867771
3987382284
2931052201
1696184994
2627103815
1976577960
2517680533
866228382
3918207507
3563604740
2863451457
2415966298
2590023327
3552300576
3051593133
1398822358
1508843
3247658236
3574406873
255814930
2995330039
1834171288
2297035973
3723409934
2394451139
1507302900
3855590257
1556920522
1406747727
2131777552
2425634525
2353112390
1797172891
3076326892
4097489673
293305218
642152359
3030975368
3697198069
367654782
2162502515
424111332
1616954785
3229259066
812783103
277814784
3411143693
76845238
2400404299
2201400028
3969917753
1121248754
2905177943
3278931832
4253161253
4153037038
2510050851
1288091604
119747537
1928416682
2430997423
4088864752
1972348221
1462769702
4074750971
2702138316
1130387305
1477618786
3209507591
1963509608
3928421973
2022098526
824765651
3995369156
60419585
3252150810
4038081887
1875336672
1199598189
816528278
2217685163
1150681276
1381914521
1404817106
1200394935
4170236760
1625317765
3629537230
4137021315
2800730548
3959944241
9785994
2517340943
2545866704
3524737949
3210541830
1198295387
1228513708
2017272777
4128722242
1401069159
3236395848
285300917
271582526
2007916083
3229057188
4084221537
4166033146
1106449599
979144128
2936477901
593254006
130207243
573128348
1214233593
757868466
3280623127
1957424952
3399277541
1124781742
3841800419
332053396
429253777
1475397482
3760308847
3525279664
2965570045
3732950502
119340731
3394492300
3135840297
2227265058
4206803399
3728547624
2928012053
765309982
3184361363
4189614724
1526451905
605866970
923966495
1967566240
310245165
1147134294
2921732971
3026742396
1555845209
2522738834
2398800247
3686402840
1582270021
2522854798
2150249027
986686836
3773105393
658222154
2550178255
3318814608
2821388381
3931246790
1011426331
3134586220
2138852489
2034818818
4175004967
1325511432
743222645
3179795198
1490964723
4284437604
827623201
1635018938
2397492095
3783114112
243074445
393075766
2008094923
264997468
1770788025
847849842
1135996119
229840632
1267753125
3440184430
3547650979
3212214100
1594709329
2024669482
2457874735
1372299120
3672579773
881476518
1565063547
758649676
2249107689
619040738
3182100615
3509401320
4293763029
1218863582
2318979667
853812804
965898113
680490394
3024599775
4227448160
3416015853
1010714390
3501966891
3301611580
2498169113
2162545234
2811478071
646910680
3455544069
2110444366
3593811203
1094142260
2099697073
2994718218
1350070415
285677392
4153373981
719382150
1282703067
2951878956
3669505353
3033542850
3842714599
1589095112
2868953653
4088488126
2134180787
4055820324
47024097
1302721146
3188544063
4256345408
4268995149
1854480886
2443060107
3755841052
1357196665
3702254386
2892776343
2118516408
756852069
3679521326
1807957603
1535771412
4031350289
2531850986
4274085871
1518042928
951843709
1460533606
1478734907
1299975948
3583046057
843055522
919734087
765005480
3139310741
2137051038
1361765651
2506594820
3894267969
15720282
1863293343
3684732192
3885715629
2248568022
4272959723
3917251580
1537114585
2098426898
1880585975
2832194200
3164082117
3025645838
1668741059
2783358196
965568113
1143054282
1983053647
1092671248
1694806493
1590262854
984521115
2353919212
447798793
2188198530
2799145639
2949210760
3386742517
1215082110
91387507
1935031268
278612129
3466935354
908497151
1186684160
1403723533
1986930614
3360288331
3860816348
3207267897
1968467186
1013799511
1982113400
3691096613
1939261422
2024300835
3016050388
2785703633
878818474
1000689327
2481921776
3472988221
63663910
443363067
1860160204
2586835561
1720709986
1425264135
2470487656
2094483797
1200422238
2372122579
3707948484
1868427521
2667448602
774518879
2885360864
2604342637
1333285526
180575147
1446916028
3517102745
3030832594
2269506999
4064043608
4143019141
533089998
1387231875
345886900
1322825521
1038170506
2146455055
3722335952
1430957725
600560134
2310501467
1940492460
2418427593
2078282818
2365503847
3254180424
2242063285
293190718
3327568179
535121828
3279800673
3056748026
502435775
878169280
2732805069
1021111670
1316256011
911273372
891133689
105033394
4068028695
1695485496
2231332581
1537099182
2229552099
1407732372
420489105
2463641194
535559535
1709604528
1652028669
3095569638
2263181755
2502117004
2225849129
999662882
3335541959
1642331688
2715368981
3605719838
2040744595
2239086980
2551370177
3027890906
2019006239
3301534880
3678120493
2253650006
2276804203
4275018620
3618878297
291501970
1272915063
1385474584
163813701
1708567694
2392767811
4179407988
3049834481
3246297930
2758827215
788502160
3978390365
3618105286
2085555995
1237642348
1272475529
4209550850
2789253159
3573551624
2601615477
1687718398
1554095091
1395401572
1144326689
2517438394
1546735231
4266130560
1088174221
2408936246
383632331
2754754908
4085053369
1496756338
2370815959
2059744760
349565861
422019950
3677808291
2276658772
2719651921
3020711978
1112894511
4162952816
2011107773
3002309286
1078748283
2215019084
96750569
3943765730
4213676935
3108181480
1189343957
591042782
279551315
3397416260
3942412929
3005455514
2488776159
1036745824
1549596397
3629735446
3360026923
2532362044
244411417
1023334738
3701676855
3650662872
1104051717
3964193358
3255091203
2133022772
656251057
2964958474
3664980879
1011127888
289990685
2552085894
355822043
2992637996
512186441
424081346
3244115687
3903130056
2263389493
394860478
588467891
686470948
2072054497
3220543866
2544028991
2622221376
1112925517
4233607414
3561344651
3280160028
4211675257
4159730226
2343640727
2802261432
944060517
4059201838
2254457187
1524994580
1508493585
1505649130
4188117743
845184560
1408691837
4041101414
2841780027
3209264652
1312396457
1858226338
549036615
2032004520
1219979157
3795584670
221687827
2816665860
2967130945
3434808922
2297074847
4005645344
2472477613
3007874006
3744816107
2455876348
3606832345
2705554194
408015351
1460173208
2882675397
3638339598
1470202563
2456927220
462891377
2907866826
3635984975
3446494736
1719739613
1122849606
388662427
289072108
2566062345
2965047682
1830071719
3164979592
2246601205
3221972350
879477107
2095123172
304204705
1168892730
923208703
3324222464
2081444365
3504586422
4184643915
3892580572
209840441
741340146
744306007
2576663928
1544371493
3955179246
1361079331
2571097556
423475665
95296426
1552976303
3160612336
4219439933
805488166
3840317947
2326542796
1321966953
2154379874
642148615
1093961064
1142135893
2309960798
3926557395
3646758084
4067292161
4076875802
483406687
1869274080
3036794989
1155623318
2672002731
618815164
1370693017
1743641810
2645248183
1520697688
344885125
290604494
2050295171
3737640884
3421862449
420028554
369166607
1782175184
1368007069
1977002246
82730843
2316664748
198928841
1527044930
4163294311
3502389576
2496724661
3017765694
1802171443
3939442340
1893157985
4176473338
1629358783
4086238144
2194374349
452559990
3104973835
628399260
2829550073
4290065842
1846807575
3257806136
2901279205
3427646638
3325513443
3464616340
2027317905
4187723114
1105344623
4259937712
859367421
3995139046
3583628475
3924735372
3090834985
2579885090
3129864135
1900469544
2511900949
1330913822
3789886867
3668906116
2020988097
3618839002
3603468831
394800032
3053804845
2061766486
2603643243
1110624892
1601640025
2059271826
3413081975
875251992
147041349
996778894
343885891
3487941492
821594865
362641994
3373012943
1516901776
4146323037
2392440518
557906459
11524972
2281738889
1910795522
1901312807
1689940232
1885492085
147144958
1657857779
3463770724
3227618593
1803663034
4238854527
1548630912
2873584525
2824407606
100036299
1335158876
272227001
1010841458
261464791
1351832824
396854949
425589358
811921827
1181457748
3514030929
927387434
1079420719
515087728
2145584317
1761145254
507236219
2698047820
4215664361
4103626210
1280325255
689239272
1516651989
686477278
4018563155
3885548612
3417470337
3969106842
4254314719
4275649376
1261021677
51410198
633084971
2652042812
2701643545
2205409362
3227416119
4083044568
3576795397
3168977230
3510651651
2441832244
56646577
2228196362
3902400143
2780697936
1007573789
2868286598
1860326619
415889196
3726801737
253345474
2807783911
2018404552
2505861173
2491207358
1969068467
1133676068
3917516257
4011933818
2959362111
4162923328
172234829
113397750
2463725963
4196725788
1140388729
1804663090
2409757079
881081528
1224330085
414185518
2590594147
213721364
1003883537
2154809578
2930628079
109149488
641589629
2655692646
562858555
856878348
1219377065
2325778338
172834119
1214172328
1859959445
3425910174
3450764051
4225382404
887346753
1667378522
2549190559
4246604576
3912152749
1260821206
1369868011
2890064380
1998931929
3956245010
1530408183
1744640152
2258122181
3145572110
456658371
259574516
3152866417
140471754
728397135
334877968
3305740253
2829920838
2962386843
908317420
2667652105
207933570
687720615
3409846408
1082080501
3972406398
3184594035
635951588
2499038881
2509146682
3809707775
2127026944
1954645261
2213893558
3531293771
2028257244
77909049
3613883122
754520151
499180664
2913259557
3489904110
3473176355
3979764948
2428304593
1456898730
2745681071
1561533680
722042429
1272323366
38536443
3832850636
2436055145
362709346
3812951047
1860461672
1876684629
2934795102
4145892819
3543362500
3167352577
769546010
1822568031
2853608160
3302261613
2162589846
4054823339
2692910524
42959001
3717260242
985441207
566730840
3921123973
486161614
489066627
4117622452
2472426801
34408330
138265615
751916240
4141192349
628981766
1762740827
2088595116
459050185
59089474
1157295975
3712587848
1854591413
1734421054
384515891
288681380
729599841
814322682
3145041343
1744980672
2126492109
766647158
4154183435
3751037852
3539821817
2307112114
3864717079
2080984120
1919456485
85537710
1492539875
1939302548
1760079249
4231724138
4127486831
2317909168
1392892669
4015739622
2738503611
3098944652
2241136937
257045282
2247592647
4234525736
3122914325
114907422
2794643603
3915669380
740612033
4257759450
40209695
1568860832
3537571885
2450531926
2560072811
1855060348
604404057
1115162002
3182156407
1887299608
2337259333
2266536590
3251360579
2938819188
2188660209
2476237130
3050558159
940610704
4130492765
2133300678
3676235035
3482765932
1676981641
1312568322
169006631
3996176392
3695126133
437123070
460075507
1631175012
3587837985
1372741050
541738111
3952114304
2109644429
3518538038
4110096843
32741212
4022517177
1269153394
2055699927
2132636664
2214926757
1034973550
2197748899
3953142868
488185425
1918711338
1015276079
3045170288
586348477
3331999910
2803317371
1939300428
2526253545
2977670370
1629802887
279106536
1786026197
3384215262
3603903315
2049774404
196376705
1155525274
2684070879
790821472
3355598061
744721430
2568898347
3392218428
2085237273
3292850002
46518583
1675620312
3089146885
1603844174
3018315267
1752135220
1106190001
2663480074
720150927
1030984784
2816462365
3547032454
159072219
3543131692
1233755721
105416130
1191541991
4256417736
106707765
3666642366
638837939
834032932
2093748449
1260971898
3092366143
20081216
2252229453
4257801974
2102994059
1942135580
1538578041
2811068466
1748948119
381508536
2402967141
3213455150
1474191203
1628483604
3322826513
2063413226
3454406895
3336469552
3750810749
3478322790
1889727803
2564316172
4109294249
4124759714
2743916615
2338040744
1569590677
2907075742
1116882451
2169341700
2755189057
887444570
1277463199
4139174432
420112813
3181425110
100905451
656412924
1813687001
3434580242
3905587191
3417159576
2095728837
3426391566
1580898499
217831924
1250865009
3309851850
508047439
79320080
2963147485
590150
3068549787
3943219692
1557874441
90871682
2324882343
3415375752
698486773
1050465150
1369593715
1584048356
3373453729
776810810
3930849791
1621629440
1828632589
4288867510
58060619
2294378204
3616780089
3875209714
3997231959
4071162744
13132581
2422484206
2723447331
2678649812
1015562193
2547706282
3236626351
1711217648
2376036669
3343217702
580743163
1815680972
2439439209
2519713890
1005559559
206586728
808469077
659006046
1687951571
3129326276
4268882433
3214442010
3449825631
1274960352
4206048877
1938266006
2986859691
3105799356
339207065
2240801490
242876087
933707608
2792140165
2998809550
3951303555
1217396148
3574792241
1760358026
111574799
363123664
1965885341
2730514182
1713386843
987848108
4004097993
3848431938
595266151
3616339784
1120969909
2617172286
2027391539
2199305380
594432609
3439278842
3707306175
2175896000
3334464717
3842421366
3121707531
1420819100
3827255289
330187698
189645335
2191551288
91170789
1979755182
3978388707
858322836
424079505
179725162
3964841583
4205018032
4057910781
741452262
2680597179
4051276684
482061353
205158946
3641517511
4081097512
1058748181
1836748830
2007804819
2710941316
3810515649
2528733146
2871953439
2260314528
1639760685
1004027222
803915627
1944922236
1432476761
3633187986
3532928375
4153181976
3244806725
3101921678
1183080003
2263605620
3661369585
2876196938
449285583
3086160784
441238621
424766662
1508429851
2792995180
263510153
4293917442
545124647
1633890056
245889397
141733630
913538291
4219113572
3030291233
3103720634
1998110591
2618210688
3896627597
2075408438
2481702091
2874033756
3256328377
4150740338
2116376791
4133720824
2314120357
4129220718
2198144931
1733344084
3037356369
3578764586
3873250607
2894830448
2433673917
1003986854
2329847163
3965308748
128791785
2444946402
3919932551
1609347816
2802772949
1973370334
1988361811
1916625476
3674372993
738726298
730834655
3198728544
48697325
3293750038
3530322475
189486140
3495466265
1869737554
1406741559
454921944
446412549
1147842382
435904771
4090463540
315220401
1854890506
1365990543
4083487568
2226995485
2172404358
2499816155
3515995436
2428289353
1859341506
1348179943
1758799560
166202933
1505246398
3845533619
3814073380
1701024737
1141673594
1600863807
2810161472
3863248461
1365999094
1136971659
542921244
1916582265
468059954
3314003863
1035107000
990310757
1451157038
1858038371
1205878548
680694289
3110508266
122309615
1668774704
2951726973
4093072742
1185243195
3768175372
2197519785
544284066
2625139527
840207016
1154179221
4118129566
467800339
675075588
786029633
2974055258
1434682783
3414919456
1391598765
2058799318
2890718443
4076421116
3856403929
3019608082
1896407799
1914328728
3200801733
2064878862
3500745667
2063263988
4152128113
1410153418
1632758607
2411385616
1497267677
3103840326
3659941275
535408876
42035721
197942914
1104412327
2913132168
1901126389
630164094
2682233459
376010724
3732755617
2145900602
4239424767
1539594496
2508712717
3018621878
1012701771
127540700
3041825337
3404368114
540329559
139272824
2239231525
2631967726
2064682275
2694283988
1285522129
951799978
1683634863
3341228784
1396794429
307284774
4124760827
301565644
2137425513
1914507106
3762698759
158868072
3037762901
1656609118
3800490963
2136213956
3882220801
405710106
4023002207
1159862496
2258495853
2361699990
2420901803
1589046204
3064743577
3488281042
3370342839
2353192536
2058207365
1117661902
2504894083
3358461108
3239297841
3181958538
3241884175
347362000
4237327005
1570713094
2887458907
3040955564
3049444041
1889218626
1135027559
2945209928
1101166517
3250100286
1093653811
812944292
2292962657
1045488122
1973975999
815581376
2328631245
2968996214
2960336139
1959242140
202189561
238340786
2364316951
3321072184
2516695781
2399412654
850948067
4248209044
3119592337
2500708970
3570198895
1062894256
1069793533
346292454
2067731899
2218328716
2913881897
8306978
1674494151
1171749416
1419676181
4080518942
87193235
4081253764
3446070721
310808282
2166588191
2200725664
2460644909
3896267862
287961707
1111775100
596197209
2902463378
3123220599
3109496344
3674989893
1087015054
1386801475
1193865332
1750062065
3441569610
2816952527
3390149264
2473801565
3440853958
1302248219
1968744556
3141598089
4143956482
1687489575
2924580360
933022837
1140024830
1676068851
2369216356
2360284705
285715386
2970827391
1573451904
449905805
374066998
2462609355
1000666460
3073934265
2944715890
3396285399
2791682552
1499742117
2997444462
3765899939
2843560532
3376915537
3491628074
4016199727
4090600048
4197899709
951121574
2039615611
4212670028
2123552745
89535202
2513569671
116560360
1077231317
2627957982
2124728659
3217666372
1771863681
302790810
1347396063
2641000544
735560429
987609622
2175180075
1365345084
3442669593
4110087506
1670940471
152514008
748866053
3680020046
3011177475
598447156
2784011441
1681475850
202774415
3079836240
44479517
623450502
3245413851
66044972
3820741705
3099202498
1935520487
2847049160
3489653045
2181034942
1657043635
1215427364
3544651489
1238119802
1437645119
3674794048
1515630925
1906971894
2518448779
4025614620
3079707769
949653042
1467779735
2573441464
2086634597
1301306670
2399958371
2972438036
2472727825
2880175594
182093551
3427564080
3344611965
2084023398
1402194747
4200020492
584327337
2053334178
2769292871
747202984
1419031445
348185246
161340435
3769115908
80142145
1216324186
1678672031
1805404192
3336949677
4066959318
4102162411
4291718908
342454489
295409426
2750627319
1262679448
2083679941
940082190
579055299
1232467956
4072027505
615391946
2760353359
2767671824
4008374493
1133817670
3394384027
3301351404
3220409609
2408195458
4274067879
1634680200
1200338421
295584126
1485368691
1038370532
87283617
4200496954
3393255423
1612486656
505224717
282204854
758072651
3849243868
3453318457
4080406514
1926537559
1319977336
1806928165
1702435566
154703907
3758232020
4043490769
2843195306
1039496623
1888164336
2884589373
2633507366
738477563
3317036492
2335320425
426137186
2152256775
1448870248
779937877
3511685214
551399123
295590084
2812674049
2812333082
2199920479
2239879136
2559876205
1016972694
1014772395
2169182908
434940313
748812498
435729591
261782872
2524631941
1016734158
3397595523
1682447284
2271249969
1883290762
3892049167
436195792
3170889117
3323593990
3942779739
3684514732
2695361993
355465026
1434402919
1430762824
2600487605
1217285950
536092723
156129956
2335529057
4101933306
897840831
1690568640
4209265357
25419894
2327891979
802904220
2059865593
3910619570
456620055
906144056
1411403237
3223558318
3652942563
3250591124
2061989521
188821866
1601381487
1213036976
1823781885
414341094
3852697787
1626632588
1751970345
1545537570
3594279879
3827980584
716037397
135331358
4280566163
3463203972
452583617
3778000346
876903967
1121658784
2510563629
121400150
3965001067
3382150780
3195839065
802036370
610855799
2782774552
138147909
2395832206
2520347715
3756130164
1555011313
1756436042
221447119
1584140688
2443553373
175708870
1715512859
741578604
2526617225
2741733634
2253924135
3304844552
2266865525
1016077566
1405489907
108015204
2383124769
3387708090
2117711231
549402496
1164720013
293561910
2710641355
2734138460
4280641209
3825095538
258281175
2133053688
577098405
3813660270
1263869347
2720389460
2312169297
3536349994
101946159
2069076336
2389364925
757484966
590445435
2412948812
725908201
2085452258
363504263
4122243304
1709674965
2932059102
2670826579
1389494340
3884089729
1726767002
3191577823
3144169312
1926526445
315670
1456261163
2356392508
2732153625
3303013458
3791905335
499961048
506846469
2489490766
812021507
3892552500
727934897
4022284298
183292559
2046562640
1369188125
779219078
1053688027
1514779436
1921451849
1409080002
1611386343
2957763784
2292429877
3278088894
1321125299
1359594020
4134967777
3429358714
1260532799
2345543488
309650509
3464801270
610280843
3531845660
1538293625
1839928626
3458033047
433109176
2202277733
347984942
1757773923
2364759316
914298897
3251463402
2291581423
4049434928
1439804797
3625190246
1198405179
3591416076
75023273
1941023650
1834199367
1790593192
3169453717
2066225566
3150292755
2593092612
1442832961
1788266842
667253663
3337160480
2766504621
2495018710
2393060075
1033870844
667079641
1435999762
831101175
1193776280
3844637125
1931049742
63584707
1751975668
1815869553
2804615626
2548654415
879743248
2711839709
264537670
929700763
3382677228
3308367881
10742914
1901737127
3606551688
3696396533
1925773438
731789427
3302692324
1832278689
229713466
50164479
1571870464
918442253
2253631926
2246963275
306150364
1361598521
3487405810
2518711383
3049873528
3816496165
1512935918
4241269539
1307091156
1504839889
1511005866
4257001647
1378556144
3349760573
3610999078
1964617979
2003723468
3838430313
4228619618
3421990919
3808157800
3430234965
3808315230
3483400659
1633986500
1865548545
3723424538
933370463
4246574816
1620529005
4078099606
1721261483
282806716
1845038233
196411346
2981760951
2980977752
701752965
280107214
992263299
215886516
1475954993
4038370186
719892495
361189584
3866845341
1278270470
3537172059
2650090156
3747158217
1126219330
151214951
3099530312
2129272245
2692744766
3307498291
4255394212
1527438177
1602760698
3431690687
237455040
1191738829
1185707894
4177165067
1978337180
1615655161
341170354
1714311959
3268266040
1875566821
2036273070
2452260323
1892000916
2351544721
3713046634
1011179375
92043440
2830214909
2824646374
2398350267
2007752844
2096600361
2400931618
3763730119
3191420968
4048105493
470168862
360844435
588356484
4225295297
1924455642
1955690783
3049645728
2594823213
148406870
1902921835
4192646524
1446774105
3505922450
3243591287
2904581144
2029521733
317486734
3241541443
1092030068
3881523697
3994811722
4205493967
1694666896
1155800413
1098314182
1406046491
3138029164
3518841225
1966297090
902251047
2506247176
757756533
1648940030
3054591475
1462041956
3904117793
1403845050
2391552127
3572594304
2551409293
3712941366
1883620811
3511047004
3386788281
80992882
4245088727
1889398776
351495589
4161949038
1939810467
1095395412
648424017
1297011242
3673214511
856791152
2108343229
2302125222
935126651
2592676940
1036131817
1721811170
422526343
473059304
1210442965
469754590
2284478291
458641220
2226422913
2594735770
626235359
144832096
131934445
2210916374
31388459
2894192956
2169224729
1327563602
2132491575
1228827608
525660165
3750270030
1086194179
819442228
3542231729
2166429450
4260334991
715231312
2711460381
223790982
3172395995
3298796076
1830693449
2962989506
3328567527
1822507976
1674807093
2380489150
1495601331
3978137892
4277279969
1004503930
4022316863
2848941632
1050613581
3623568118
2660225163
3088146204
2392613497
722967602
3647619223
2935609272
2142546533
470240046
2884275043
3409374228
1105681169
1808452586
813628655
3265951792
2337579133
2005686886
3526664507
1673926668
1474913961
2086400674
2772649031
3701942184
2915785109
2561364126
3797512723
1173537540
1384441153
2273964122
1353217695
3446785568
485569965
3516992982
716201451
2624376060
1340618457
4025459986
3385586679
1439183768
699045061
2621862414
612156611
3353351668
2483927921
1266938058
3950451791
774131728
2707936989
2375048518
3513648795
510950892
1111216905
3474568066
1235177383
4265343880
1604672501
3104812926
3374285683
2605573348
1183112609
702532922
1457909247
1149310464
258704397
2222016694
4137196363
2114726620
1866939193
3504414194
974673751
765558648
483307301
3942516974
97300003
3662360532
3064810449
3129247146
1404038063
1543968752
3597614397
823840806
2166037499
388158412
3157094249
2316100706
1934756615
2673327976
3204025941
130580062
2664383699
1588000452
1846150657
723065370
3176142175
2616546784
245760621
539227030
3198191787
4251416764
3805376409
3710125778
1076325047
1652407128
1689844101
786829262
2536654723
2985310644
1658719281
2936310410
973171471
4148875216
2835534749
1608758022
328458587
3964213676
2715171785
1785562434
238253671
3388109640
492826805
965590334
3770725939
4252367012
673996385
4016953082
3938380991
482772416
2671292621
4033941110
2871010827
922138268
3969831929
4293943218
500248087
1549068088
419525605
716605102
201691363
4198970260
498597009
2067529578
457415279
1726445488
599431677
866321894
657479355
3093254028
458111017
158570018
840667591
3288602408
3631252245
2669112350
4165719955
3778210436
2684610241
924189658
4060771359
3421283744
3518730029
1561368918
1349481323
3274826876
449275993
8267922
1089315191
3206480664
1564483141
1025994126
2208205379
1523064180
944970993
3445810250
542013903
3453292432
3710816349
3792750790
3326639131
299726188
2628609161
3696695042
585260327
260352776
1505969525
622693118
986228979
1867893860
3433602849
508141754
2450172799
1784657280
1120312717
3921318966
2934337739
3062956636
1197681849
2181390706
1129628887
1792282360
1628240037
1626391662
156578723
1995110228
3485953361
2947627306
502925615
185309040
4160140989
3169123238
1731481979
188451660
3859529961
877660130
1348458631
1785474792
384841685
1415059934
3918473811
156671556
1899136897
490778010
899125983
1964488032
452058093
908525334
853351979
2710310972
2559189273
62786130
3940456503
2070678232
1610613509
751471438
2491518211
3995582772
3442273713
2287926794
2501789839
3112374096
581635357
836214406
3964393179
854692140
58805577
1050044610
1449919463
3467813576
2442091061
1367283902
838294451
212688932
481927137
137570938
4085852735
621585728
248859213
4262320630
3031137163
2426080796
2153006457
3772785458
694360983
1222571704
2712747365
3547120174
142317155
1542880020
3852181009
430191338
2995992559
808679216
2548274045
3399528806
2749828155
2474084108
1294338473
73546146
4242464583
1917847208
1463331989
3712649118
760823059
3536982532
710273089
257496922
2394386847
1865844000
1594419373
421995734
2024376555
204864508
3168377305
1352903698
481971959
1730466456
2042144709
596601102
882593731
1473193204
2586541681
2176374730
1328600911
2182401808
507005405
754463814
1214116251
3007671532
1729230345
1793817218
932211367
3342621320
25439989
1416783486
3775712883
2973545444
3240059041
3203036218
1979345151
76371200
3626284813
2066407350
791627339
416602588
1479679545
1715512562
247214679
2788531832
1202602533
2280292334
3560487203
1965670100
938774225
987032746
4023330479
2115966704
138489917
446048038
558843
2496873164
1096618601
862595938
643343879
2070912616
906617173
2947462494
1047138259
4184163780
3559786753
4280238362
3291091039
1376326880
3535844717
869337750
4103386027
921675708
2826293913
284102098
1967179191
302602840
1999244421
120981198
2393625219
1132349620
3624849201
456159626
3309708815
2940882640
882263709
1899137542
1564396635
3063482540
404709065
4212542530
353341799
2028065352
2791424949
2209838142
583598387
4173580196
580510049
338656762
1075734463
2158085312
863298509
1859233142
1362219275
1660839324
1337767673
468117170
4062185751
4070049336
2143553253
1143602606
4148992995
1313129108
1603420049
1426286186
2892879215
1552840368
231705853
713383142
1582875067
319733388
1936775977
992468258
2072849607
3851089448
270784021
21275422
1468113555
4174395780
930802113
2656250586
1555001119
1968137376
1792623149
1944367190
962502251
360256380
1008651097
778055570
1395784823
3420037656
3843305797
2105435278
2373129539
485829748
2140594161
1988479818
773731535
2296614544
2323972957
1548132294
1840146203
548168812
661227401
1222041090
4255741991
593693192
1021843573
4111352318
2448159731
1057135460
1776886305
2579646394
951395967
3507090560
1971703949
2797742902
225647563
1121431900
2813595577
3415402610
2454626263
1573268984
917670821
2381003630
3161931427
856131156
3040129105
1777311786
2133804079
4081161840
760129981
942559910
1637334139
3521772108
1411474409
1432047330
1799123847
3496087016
38177493
3352056030
1935668563
215149892
3707538049
1588909210
2668072415
4039734368
3692203757
2267158038
2579974443
1536311100
412386329
1387729234
3578655543
2757077464
272045573
3962077774
3685816323
267636788
1233367217
1970857226
2155414415
379620944
79986717
200570246
2087502299
2503966764
1706061897
1844260802
3223199463
3330277832
1104620853
2117521342
2301994675
2679713572
2144150241
2707607930
108963135
3984974912
3004661069
2965139702
380839563
1277213980
1624778873
4278495794
1846015639
3615495608
423219301
2867738926
779657571
791808532
1369170193
995727850
3201528559
704149040
2877195901
1095829606
1820686139
1428485644
338603177
2076475554
606501447
464840104
3912368021
3104161438
1287981075
825057540
225635137
1912880730
2448583839
2620867616
2603391917
3679009750
680440811
2096835324
2660695257
3887313682
3662981623
1799188888
89307845
2029281294
3827686083
138032116
2929017201
3117006538
1930859087
541150736
1209318621
1576799046
1278860443
2014469100
1672747273
1142505858
3945629095
569948552
4058972661
3035700606
593893747
4138173156
218489761
1020336954
272294911
2379584512
3236555277
3665852086
3752980811
3533277404
1005125945
4294716402
3289124183
260423032
2484720933
2700277486
403751971
243551700
227004881
1258378154
2182767023
2826114544
2367628093
61701670
2715939323
3766464972
2757277033
1747153506
2500542727
1732476264
1638282325
1253108830
1584454355
564106436
3516795905
3389089818
4231007071
257479648
3706153069
2652512662
3094666923
2910049980
4008064409
387323090
17178807
2958096728
2435260293
161611214
3515964803
2978502580
3884683825
2771933322
2092359951
763743696
3107305885
4028457222
1607841627
3974428588
1916043721
1696273218
3449269351
3045929288
1240438453
4009569086
993872947
3750598308
2052285537
1036854522
2091508415
699990976
868030157
835599478
2603580427
3926004892
3114703353
3627642290
2468013079
1972839736
3557988837
901346478
67086051
1555976596
2176352913
3668364650
2680426607
3597759920
2532343805
4244878310
3832360123
2008690060
3042934313
2486707234
1823131591
315479336
3361941781
2995640862
3810749843
1508477060
4064144577
409752026
1686137375
2716738464
2516776237
3176449878
3694774635
3770434172
3930205785
3399366290
2820822903
3276816664
1081361477
1139891086
2394136643
2006858612
3978732273
1501868618
3558469583
2251165072
2095543901
538474182
4194325019
3614921580
2716969609
716350722
1981584167
3237832968
110685045
1109063934
1803239155
3056298596
4034241825
907472570
848011647
4176491392
1615922061
2221261366
1005307595
1713004636
449901241
1367109490
2582936279
963923192
3320061605
4009865838
1023756707
1704990036
116257617
3960080170
2928705327
3685979504
1303551165
1796450726
3605473147
3734268236
3087206121
969053666
432344711
1041493224
975756757
3864823774
3583819859
365640772
4161965441
3473210266
295930079
1807168352
2067743213
3870895382
3869078571
3398725180
829089561
2886473810
3999878711
3019589848
1610230021
2376235342
3326911235
2252070708
2015785905
3094268938
1879031439
838470992
2011820829
195906694
494513371
3683217196
3282801481
2929718978
3011262951
1141465288
2762670133
2215282366
249557427
2520841764
1479321057
2003728506
3634372671
4080739136
1533390925
1611073526
1957089675
3668077596
1613237113
4119146802
1465438615
1256010936
374236005
311144494
3454119011
887724308
3051889681
1089143018
88059375
2683925808
4129651069
1268604774
3692028475
2563663116
3707981737
1384302498
3407484231
3369452712
2478264981
2614949278
4036809491
1359261700
735833665
529229146
173631391
1148453664
22826669
2282181334
3932151531
3736885756
622878681
622836242
2996503799
1376915608
4235775429
209016590
3810289091
3374400244
21693553
1672914378
120081743
4171877648
1325215709
2426135110
2365704091
1557875436
1747074057
3399682178
343318695
4268824712
1625674997
1250677886
1076585587
1536053732
1513645729
328450618
3584515839
3495547648
4189789453
309464502
3089144907
2606381020
1248584761
236172018
168290391
1502731384
840001573
2786553326
2169818915
2522537172
1734808785
1527364266
3130105007
3405976816
2500400701
1549849894
380067067
3928498380
354441321
2553854306
1869208583
1389583464
1909360469
1221534558
2934154707
3344294852
2522484481
4223635226
358745695
3286536928
1561992045
3472832662
3124824491
1358169532
3861026969
1603869650
2474081207
760518744
3803198085
2787767502
266528899
3960366772
3243529521
3172745098
273914895
1643990224
1726033053
1285830662
3411583579
2133649068
3759514825
410769986
3888891751
1878298696
940140981
3948864062
3659372339
2714985892
1599661921
3695627258
1348558271
135021248
3490793933
2842088310
957949707
3154232220
1516010745
2766664882
2965487383
3578938424
1173171429
1868884910
3793662435
364109972
3022701969
2082878570
2772847471
3297801392
4011684605
454953702
1768789947
3596721292
286925097
2225367842
3044303559
1003271208
825130005
586354974
1261516947
4101953412
5042113
358709466
3112002847
1103684256
2201528365
2841697878
3909153899
352022908
1429311833
1161313682
4022252151
2508382232
2673891141
8409742
929049411
1522748020
2969724401
3865024842
3259083471
3048508560
3830835549
2642824646
457063707
641614444
1011207561
4058672130
1010544167
3629369352
3872767605
2084810750
2004257267
3301980516
2421041185
1665635770
797842559
3524424320
858273421
4070922550
3931140555
274272092
3501839801
2210526834
172381655
3990776824
1050784165
4097059182
989811875
4273251412
4109579857
2785046058
1545452079
3026293872
2300743613
3314876582
1998754427
557504588
1102096873
1367727330
200911239
2743192552
4002885845
537444062
3225783123
339708740
4067725441
3727762074
1030456287
3588289120
678950125
3303818262
3378487083
3734150460
319638041
2143100754
3861948727
2589779928
2135505925
2167959630
72625667
1090514484
2299868849
3242242826
330463631
4220488784
2887476765
2701271942
2138216411
4124007980
1299363401
1890500034
3766899943
927907784
3926577973
3539615166
1928740019
3762605348
3587713249
4199948154
435002175
640442944
935322445
2079170294
2122742923
740301596
2923687545
878819378
2505419927
2465616824
3371103845
2051352366
2528556899
1562191892
1115711249
2589485034
903342319
2184606768
2815978621
1501935206
2726710587
1316213772
3617845929
4171042466
2713301063
1773314984
2261296533
4124060830
3370163731
576192260
3046175041
2280557658
2817286815
1475133984
3247964589
2405525974
1847396843
561613052
2155201241
2028454162
1435328503
195211160
2401951941
1309822478
3783192771
2323927540
3259811697
4018113738
3144026191
4216212496
1660003037
886552902
3132469915
1369455084
2757517065
1854459778
1668004775
1285912456
2120787957
2235730814
3881611123
3488686308
3635866017
3006425402
1983896063
3155825152
2996326413
2466227382
1752909643
1662445276
3015362361
8862194
2427437911
1952054136
1368718117
123200750
3221543459
4239223764
1972525009
3673039274
1228199855
3587118064
1342114109
2494573606
240699387
2714537932
3283352425
866779234
1702131463
773798760
2525157973
436820574
3754062035
3666358980
1382158849
72988186
3217031519
1605128672
2203635309
914378646
2851681451
292566204
3190487961
1517822674
3700741815
2031368024
2613396869
1288563662
4188042115
3809506740
2506692657
3537643146
807163663
1018219472
1838718877
4140240646
1338477915
1567675820
2445461449
2235081026
330031719
2551705416
2695838901
3906771262
2942951987
798307492
27945569
1604088570
1799674047
194740672
946961613
1167813238
3673084427
3372053148
1641963513
4059200434
4212431383
29975352
89374693
1630298798
1101642979
1764061076
652806289
2843843434
1827964527
384529328
1180067325
4107559398
2639921851
520424332
3063989289
2087498274
99220935
1351062312
2055589653
3262400542
1068172179
3096454788
2443702977
87203802
195452959
1155506592
1652185901
2819159382
263462763
2721489020
2901210201
237913234
3657895287
846298904
836266565
590039438
930657859
3060029812
4213844209
2367062090
2828363215
125242256
4040186973
1150297286
2171086875
4244713836
644214921
243151618
444711
1499866888
228495733
327706366
1709036787
1525745764
2037558049
2438216890
3753678719
1282453888
504064397
1635840054
3366001867
831766108
4184783033
3529735538
2470719703
1795459832
3505079461
226664558
1717919651
3997512532
2940500305
131257642
936834351
1833669488
262046397
3081918374
4064935291
2312980300
556420329
212149218
4057613447
4037782248
1334936533
3838899678
3814348371
4163885636
4230124417
4231612826
3529473759
524726624
331130861
2444974870
4060989995
2274151484
3984305433
1036658258
1822688311
1199212248
2653179653
921331534
1170716931
809499956
2890922417
4293827082
462501007
1667304272
3512260893
1005779590
1381466843
3557903660
856021321
605652162
4147933159
2421169864
1106683445
3674600638
1702397875
1841601572
684698593
2585380474
2053576255
1985585472
2015761997
1953510902
3830589323
815385116
2066469241
731529010
3623782295
2680910520
1629194597
1377476142
955761251
2546775828
660908561
3080834794
10232815
3232723760
4036452221
3674869094
1877522491
1712669452
873502121
3725809058
1476741959
3997926056
4066769045
920609694
2240833811
2502381060
3666998337
455979866
447438239
3332473120
199210157
1633124566
1673934059
892516348
3768002009
1393281042
1932245751
2280607384
3983078341
2915779854
2404219843
1013145844
563776113
3441718218
1070580559
405719824
3018986973
3132067910
2236980635
1180772588
1214415369
2680854146
2282542759
4237678216
2054650613
3574940286
3371825779
1137700836
3095489697
2343374906
2718192895
1091981568
461472525
3425254326
2697065035
433034716
2815797817
1196867826
134454871
1339955832
581209637
884235246
2216748323
830208724
1745459921
984516778
3724808879
3101102832
3993041981
479953702
955659003
4151115468
3759382121
2859943778
657134087
3911653992
4290981205
778015070
2701999059
1261863364
901125377
1406131482
2873752671
3534754016
2141421933
1151166102
933060523
3739771836
2801753753
2008230354
2354983351
2207241816
3966130309
1838015182
1053425283
2257487028
2479479601
1450708362
2349928975
2912963280
4250669725
1585833478
2636281947
2008073388
3074157257
458319938
20446567
502746696
3017871285
1467371582
1797401907
2027094948
2437410145
936253946
2102678463
610713792
2631774157
1986789750
816872715
16064924
2900729
794362546
571700503
3942416952
1111904997
2064636334
3533752291
1192427156
166939537
3535340138
2798567791
3179442864
3432732925
4196841702
808611259
1101298316
3589498665
3952146722
235641031
1090417192
3563659797
17923870
1888538259
2518513028
3595498945
1474283226
184245023
2603770016
1674055213
692915286
5458539
2020462460
561272665
2508213138
385575031
2317098520
668761413
468861070
1056784707
2055301236
4221430769
3181995850
924131535
1802865296
3528904541
2234907590
3699249947
1270882412
2421298057
4033739266
1904075815
875857416
2868077685
2011766270
3870367731
1754126180
3689098785
809296826
4078375551
1477111936
1358601357
1090029366
2262681547
3117051228
3304037305
2908816498
3840805847
2699471352
2898319269
2867664750
1865902755
609337940
1709292625
2172730410
4055642159
4134638192
287733181
2976624294
4166871163
142325324
2255482857
3676334818
2070339463
361859560
2367149781
2763336926
4007338323
2979801412
1159501441
2568843418
2155837919
937980000
1829591789
3173413398
279442731
3045260092
4038463513
1446194514
834887479
2874418648
3968557573
515399246
984040451
1140591668
299285681
3833102602
932966287
1500416592
396512285
1283445126
1177054683
1716468780
2758081609
954223554
2812185319
1057848776
3698227509
204319678
2523321011
784362276
2165518049
3334040954
2852950335
3552763968
1285048653
3113143542
1443484299
3624892700
4141855865
1261356594
3478348439
1633456568
248781925
168564014
1688522083
3573040660
2492787985
147273194
361520879
1264874032
6443645
1076520038
4097254203
3484594700
575223977
1927650466
2650596935
1184915880
110054293
3473578654
3601609747
2574425348
3403609921
1229511258
311842975
2157068320
271804333
1844025302
2069585899
166192892
1971620057
596365074
3145078263
3069701528
1194526405
2610969614
2626160323
3468586996
1328827761
1822776010
1147502159
1061898768
1912506589
2451793734
2632026267
723392492
2218042633
3462946178
844755367
4265751944
2232569333
2852387198
2500019571
2804596452
697823137
218347322
150261759
1330548736
1685501453
770626230
284466507
2944681180
1455197497
1384269810
537098583
3692968312
3577749797
2653737710
2108223523
616991188
1858919889
3930779562
687820207
1679495664
2668556093
1680005670
1182768635
3674828236
2587836777
1822461538
1687006471
1944779112
3717169237
4124166238
2730755795
157339844
1884690433
1512178714
2281699167
217042912
2180658285
1767275926
321751723
2841416380
3500130713
659173586
1389595831
1019704664
76770181
2020202958
2405403011
3330839476
3967196721
3085956234
3560033551
2764818896
1177257373
4091591942
1667851099
3186406316
2155941321
1254502210
1617959015
4052921672
2711544501
2804680510
3175512115
1837945508
1043427425
3571171578
915394239
1114505152
760603341
2883098742
3932039179
1407766684
1699096057
3441134002
3586019351
2162925880
751101413
755978414
1157878499
2675740052
2370408081
1741449578
47512687
2824171952
2985053181
2601848806
3522615483
775940492
2668759593
1108426786
2111386567
4247867688
1859679509
1321907742
2380437907
2099692676
4265736385
2104028634
1736201759
885071776
3072442669
2636981078
1792963947
2275475068
3804740185
1261326994
1453048695
2357378328
2976682053
1523922830
4260219971
2535094132
3797790449
3893907018
499178447
3517974928
3102294621
3480736454
3699375643
41619308
2852796041
129614082
1084292903
1488905480
4006885237
426104062
2851105523
3718686308
3886002465
2952891066
429755775
3839963008
4227190669
17571382
3573969611
2566724700
1664908985
2226817906
2940462807
2139408632
35809957
1014206062
91583907
2430226772
1221263185
2198577962
969763631
1070829936
3183110333
583075238
962384763
2367038796
2709623529
754430434
1486846599
36923624
3609864661
3484771294
2462575699
813987908
4251097473
618502042
4157306079
264646496
1684671981
3073214742
3576569899
1484073532
1287418649
955790418
3851336247
3051996376
2591978757
2829210958
2465386243
1815354164
3920199601
3739117578
399682191
3451390288
2935471901
1118349446
182802651
2626235180
3515883337
520295106
2712446439
864476360
3916581941
3597755070
3049332147
322452004
245543393
4030010490
1490947135
778575680
3843456077
3142149110
2209185163
310454300
1365219193
52383026
726941079
3349786808
35172197
303664174
3384662115
77583636
3121688593
4257783018
615029231
307589424
121193853
4175870822
3748761147
2068586764
3528317865
655614882
597721415
1655783592
4081360533
777114014
1815346963
523889668
3061316161
2185232730
1068323743
1975451424
4271053485
622309078
1692175083
2409174524
1866329049
1516754450
3731648759
2294058136
3431537093
2274439950
3106836931
831880948
2065305713
1040335306
2032613711
1621346576
3440835549
724778566
2975429531
4023846636
2278737929
1784816770
307432615
1101698184
3459850485
1947119742
4218982515
3925970404
1543140001
2805358138
1527859967
3603091200
3178752269
676358582
1762871371
339014620
4033835065
2450116338
2293191767
152721528
2573710373
3015789038
1553791779
3331135700
3118211281
1505973930
3659958447
3348828400
2468930109
3678810406
3874818299
1017240780
574022761
3928348002
3449571335
3194673256
1609028437
3764387678
2498154963
84352964
843193089
2270178074
98693727
4268461792
3126650733
346789014
3970545067
1624031676
1795957913
3644667858
3757369271
2495288408
340557445
3714175182
2606830723
2466161332
3480183089
1732500362
3095300111
305350864
2013722781
651662342
1385975387
539271852
496120009
2207708738
3780391783
48893000
2582164917
1207811646
1440138035
4257391012
946271073
2797955066
1190611391
1437679296
433722829
1440821110
3086471947
2983755676
3240888569
993661106
3323276055
3013001272
4107237605
3878340526
1221778915
1650597012
3773550993
3636187242
822556527
3345248432
642334461
1201628902
849822651
3570882700
1107078441
4025321250
89312967
1965043752
2043922453
463465758
1201693843
1571558276
964754369
3855488218
3509145887
25943712
2357687341
1940470358
4283801707
3218091388
552017241
2671270290
1223171703
698702872
4270367557
1339305614
608851779
4230973044
3748229617
2086876490
211326671
707168400
3565663581
2471864774
829286683
288489068
2744015241
3294726146
493885991
3070575624
155257461
1744735230
1604040179
2856023396
3433575457
2158113210
55576703
3807604352
1325204109
297514294
1662721483
3207318364
72704441
3362787954
2722480599
4141803512
17825189
840303982
3642720419
601808980
2281718353
2087848490
3221923375
963743856
1163549629
2075286694
1699233403
128750668
2724148713
1915418850
964957575
2794538984
1573420245
3587283678
2132850515
1692976964
1425316993
259636890
3896733663
2531257952
701677805
4023427094
4020259627
1617123644
831444505
1444494162
939922743
1463509976
3623716869
1151880270
4272577027
2565351988
1674068657
1595952906
1815438735
2956822608
3344511517
2389540742
1351500763
1723800108
3934732873
1182915010
2506539239
1572617160
2567053109
2849053118
1938254003
187435300
25048289
2257369978
920356671
1984519744
1906356045
3919575798
490547339
3488536348
3131800185
3278623794
2617317527
3266498488
1793671781
3661824814
407036771
381903892
3352916753
111543274
3723547887
92434480
891041917
1967067750
3784833339
1491177484
1948155561
1788750498
2565872711
847126440
3901092245
3300198558
4129802771
377305860
3445423425
907225178
1374703263
2519186976
117362093
4141991382
3494491627
3058058492
4257435353
1738530066
2349779959
3980209048
2909482181
3785239054
2504072387
1424526836
3578516337
2973444298
2383737935
1815627792
4114312925
4125037894
1925013147
2223764972
2201807625
3820481410
3623364519
3067016072
2246833141
2738186110
2891570035
4233387236
2141779361
3393520954
1213842943
3346206208
1451564045
726532278
1495135051
937534172
2767082297
1978488306
4060557143
3335681912
2669365029
3849437422
3506243107
114272212
2033673169
4179082666
2709111727
3545698288
4199470397
4060448806
3394663419
204884940
2818213737
2466716770
307684103
3097933672
3066832469
1577727582
662019283
774467268
2876907009
1264210458
3572493663
2535673312
1489738349
3063720854
1947328683
4114149564
2789509017
4253826770
3821159095
2070590296
1267831173
209045454
