3872202155
1476987324
97242265
2045296594
2832912311
181918808
326280837
3997292750
2180086915
4190366388
2854488369
3848299402
3324080143
1407783120
3287425181
2612567046
3006903899
3885165228
920377545
2370076226
3411286887
2203636808
3409501621
2701116990
1914776371
989456804
1659214689
2921590778
2566140351
3958965952
3710860749
388249462
93272843
502843292
595570937
4134115506
2142180119
450332728
2328469733
416206766
4049028579
3666568340
1974761873
3252443242
1172184943
515782832
3817367293
4123291366
2478353339
3660161164
1473926441
3307147042
3708204743
3216177192
1190653973
3597006110
1927203987
2504481668
4078150593
691051738
3344578847
2792859296
1714461741
3476046422
979437675
1926526332
4107191641
384557458
758515319
1946821656
1968622405
1681667726
1757593411
2545733236
407247345
2995240266
2728623823
3374600336
2367348061
2092872134
2901627163
2791851628
3758096777
2266435586
2631402023
1035734024
1010381429
3330839550
4090371571
1849343332
2135874593
1644739002
2545217663
1216558720
1224354445
2307308854
630883787
2333348700
4090563001
2661784178
3947342295
375894008
2729584037
3946974574
2475419811
4107282516
1324411473
3785003562
1363775023
1376999536
2202108861
2724160678
356623995
2126961740
795139561
1147437282
446692743
3681292264
3230966997
438280926
3594985299
1196166980
1789871233
4041492122
349984735
1863562848
1310976237
98543638
3549672235
388997436
3869146649
752141138
532413751
1038625752
4000559109
1687704654
151699971
2973594164
2731338417
3578582794
1923632527
1954762832
345266717
4099835782
1325116379
297624108
4062243401
1245667778
2453055719
2998600648
4121052981
367206846
3886141619
2649968932
3830242529
3388687226
4121456447
1931552320
3393574733
536019702
3164901515
1134501660
3746505337
1017863218
1550516375
1652791224
1077111397
586615598
1284983651
2289871892
1760697105
1876331498
3549936879
2808887344
464216189
477370982
1215914299
2311313420
541861545
3252662946
1802765383
429975464
150608277
2592805022
3778425363
3953689348
3879707969
1032171610
2633053855
1772324384
2650273197
3480800726
3307544043
3101330684
1006302937
627270930
1596765175
942797720
2341033157
353776142
3448341699
839243252
3262675825
4017074378
3975142479
499519504
4280194781
3763871046
1544734363
2370977260
4261319433
2961011586
976228263
2719333256
875830261
617574270
1750877043
2783159524
983539105
4156263738
428781055
596825600
902972429
673777846
1030576971
2606361308
2797206329
439672306
299439959
2934652792
3490541349
3316500718
3879300643
1632694228
2625113041
3998238122
3817384879
3330856944
2978348349
566399014
1344265211
1054905292
458239849
4149257314
3192048391
437354344
3169341013
3446160990
241960147
1042069188
1904526849
13949466
643355999
770119136
2322383469
1505473430
3788851371
2341812412
363081625
710395602
2319985335
4071062360
425179525
1534447566
3774809987
3319134644
2953366577
1655720586
2285513487
1286377424
2977534877
3731583750
1459134811
1021761964
1415117769
1402029378
3817092711
2341221192
4105089205
1225620798
1354593843
566999204
3943112289
3171522298
707243199
3516417472
543125709
2951270006
3669288459
2785310364
3402732537
1090789298
173141527
1801365304
2130719717
2569422510
3996274915
185398164
2185411729
2663890794
1474058863
388577200
160520701
806012390
250943163
2715619212
3509647401
1584879138
3251392967
1014880040
958350101
3900124190
2561185683
3127421572
3527321281
3968975834
936588319
329147808
138563373
2456312150
3160683371
2199889020
1415194713
628222098
4291715447
3171468056
614391365
3715575182
774588995
3631078772
1681775857
1355719754
2068265423
1224134544
1348816989
1280870598
2188196891
70989164
99624073
2369443586
2633178407
2933811976
4090627445
2556250878
998598899
1835764836
507731745
2879742138
238250879
3035723136
3735903629
2230473782
2268803275
928957020
2354441401
2061050226
76907735
3349008120
969652389
589333614
2890003363
3513825108
1930571089
2197616938
3344091439
3238877040
2827843261
2232204198
666440059
1987660620
2997780713
823379938
3838875783
2695229160
2589915093
3782728158
2058086995
2622250564
2452440961
1920757146
404771551
847869280
3426261997
658423574
2811354667
1396297788
2564612377
3228682834
3732887607
2803223256
4196320005
14306126
1607355651
2509078836
2547494321
2609561098
3168209039
442814288
3231829277
1205821062
3778057947
2265927980
3817082185
2000300226
893174759
197944008
2925402677
3900627134
2205424563
2760056868
3172229089
357493370
1819404863
3311297856
2239498829
889559542
4123016075
3811102236
3959883129
1366549298
2137250711
3009984184
2905603429
2841412142
740841059
3225172756
2275827217
1555034858
2292971503
2884974384
3543815037
512258406
4247505979
1081427724
4035496361
1759902114
1443864391
642369192
3177671829
1848264606
1865809171
3750220292
4195395649
3293894490
3456119199
1651000608
1259317421
2248074454
3055438059
1873001468
1139562969
1696033810
85659383
2156827288
2794940357
3948882190
3769110467
3908363508
3281403505
3835992010
61445967
2293665552
2800683485
2931815494
906146203
690171116
2111092233
3947838082
992029351
1645615752
1628630773
3476170366
1128894067
2731701220
1882857633
197538874
2879596799
3130987776
3918231309
232955830
2567177803
4246903260
2862931513
244606194
3111973463
3732889208
1173160485
832192494
950368547
2737798868
2562674385
2912988330
2997348015
2141247216
2388127805
3124619046
2987214587
1133576908
2071974505
3215846242
