1728004947
2197676868
19859585
2709076634
967097311
3910716000
2052975853
3328826390
3209713451
1025242428
823575065
2215130962
1636884791
2895101912
3320722437
174655566
811329027
2293515828
2689445553
653183754
4078547343
3961349200
2136956445
2823142278
2758889435
1276032556
2210016841
1679807938
2765393127
3516372936
3721251637
447796670
2949379251
376382756
219062497
870987642
1610797887
2710583872
1541528397
309802742
3457365131
1066758940
71919225
2021183538
2517755031
315960248
693104229
973193006
1339715427
4148002836
2436161297
961708010
1176183023
2515553328
3428344957
1758809702
4162913595
1151282188
887581353
1322919586
2992891975
2359786408
4081556885
1192412318
1238521363
4126037764
4081281345
2110694490
3319634591
1903991328
1979054509
1626800598
2235941355
2145050876
2893495001
46848274
698718199
4012738456
2269632709
2858083854
1438558403
3440421364
2793226097
2378540234
176504911
3895731216
380476125
1915965766
787245723
4256666092
1184618249
2912020354
2389832615
1850101640
1638113269
3323011966
1516922739
385054948
4209336737
2875097402
4195160575
2849368576
3039971341
1168194742
3040870219
2724478684
1404583737
3593884146
2250505047
2979058552
1601041189
1714191598
492868131
1034273748
1295962065
1048590762
3845132207
1373694960
3505848637
639091750
2401992699
433055692
3371135849
3783202914
2027335431
3295417192
4000961109
811856478
4075563219
1794542276
923568641
1154600474
929642847
1469327840
2452538989
1882056598
2589584555
3349777596
1881437081
2180201170
1097141943
100077400
1029324165
338592718
1847077763
2020920756
3197210673
3250208394
653496079
4260275152
4190934941
37398278
3409331547
3076533676
402276297
668580162
3714718311
420529992
1801598133
3133354302
279943731
3748629668
2261836385
778078970
1690964159
1135565248
293827789
2891252342
3706423819
2351090332
3285440505
1899598770
490787351
3562552120
3097802725
4145609390
4215108835
2834679700
4287463569
3920343914
3433545327
3545582512
465985021
2689858022
23378619
1893753740
3688119337
2581187106
1409562055
841771816
3052717845
904323102
2634857363
1574338180
2504682177
2822944730
352819231
4078926240
3284685613
3788410198
2437732203
138934396
1558080601
3946929298
126829943
1085036312
1961189957
3986940302
1680371267
4137726324
3779764465
3834419274
2133106127
1963778960
1299993693
3055271110
3155091483
1556646252
144009353
750209794
2692546855
297205512
3083438453
243728126
1834716403
3416481892
3650167585
1320178874
2264518527
2799470976
3314901389
340953142
936760523
3499169372
2505846969
323130738
438855895
2867553016
565460133
1921464430
875632547
2230160212
14741841
1016393002
2470587695
1108175728
830896829
357167014
4052530555
227581772
3730162921
2980723682
2997648519
4121461480
1719172053
1297845726
1123290707
172896836
2528971649
434200986
2776151775
1541310816
3213008877
1670968086
3168698923
4118160444
325395737
3899997778
2598648887
2936889048
2057914117
2625306446
3803148547
1934906676
3345510833
3623662090
165178511
1431233360
4135375133
2878771846
70662875
2444272940
3912061257
3588922562
2792007655
1475933896
3281624629
2535230654
3408805811
4149146660
3689292769
1577967226
123489855
3407706432
3861384781
190434806
2025774987
57614876
3373353337
1175541554
4221222807
621431480
1197244773
506934830
3539696227
3712814868
1777934865
4177258218
2411682799
2244561712
1459050365
2193204582
3261296699
1939905292
20188585
581987746
3280962375
4003486376
3703894165
746716062
2674008339
1813882372
2216979521
3412970330
4017919391
1771133216
4196248749
1665997014
802090219
49549308
4101545433
3813597202
3659789047
551167640
1533406149
1181998350
1416442819
3662657780
3920298609
1036684234
2110716751
1718919952
2576223709
3228248134
1718375835
3117973740
1250032137
4248022658
2113080999
2878779016
3415372533
3930315390
1156035187
1043482596
915399841
1849239610
1286704383
1748117760
1207663373
3744125878
308718155
2021453276
531833401
1399183602
5756503
4067750520
2522711589
4293456878
2723978531
2111066836
328602321
2694881450
3638512303
1179183856
2430137405
2791512870
2527652603
3872413388
892278377
2796314466
1970096647
3168006760
3046778197
1226451294
756478931
1057282500
1715506433
2930242842
3117626463
3019368672
2824436077
246087318
3168671659
1686223804
551081625
93209042
1678666167
634564184
3822801029
3511581390
3827414659
3612531892
2161267505
2008425866
1372080655
809378512
2607811229
2455338502
1701916763
4177534124
2102616777
1012039746
1976972647
2354062920
3430156213
1572661310
3041387827
1007508388
1380869473
1358049786
2109311935
4124743872
2144315341
2642778486
932001035
1132099996
436321017
1157634738
656387351
2196462136
997673701
3713823150
756318179
4064499348
2524431249
1967331946
1164048751
3947645616
2750107901
4261826790
1360864699
1793053324
721870633
3076395298
1996869831
3221441064
1303910933
3638826782
651331219
4274244996
97611201
1968168666
2336002847
2463250592
3203794477
1400022102
4140565099
232728444
2034618201
955474834
2539888759
230094360
2697557317
3804944526
2089613635
3592274036
2241750001
2810150730
3162790095
4201341584
551733085
2132906950
1141164827
854030444
2455866249
3976663554
2631146535
971333128
2197707893
122140158
3071203315
1285566308
1474405921
2549676986
2167687807
2882979968
3798242445
338304822
3673325515
942130524
4173140921
3835698290
783434711
103645688
594136997
1011986286
3185779363
2254051924
1264464977
2023969834
