8234091
611344764
633454937
4289375634
4029571703
1263456280
2354808645
3462513294
1853020995
3369482868
1134073329
3743418698
10967759
2499706000
548870493
395689414
1688661275
3333370476
3517054345
4072201218
2002214439
282834952
1599925877
675356670
502610419
3814664548
2167429153
1843660218
4263496831
2342019712
1821730445
240175414
2426741195
1892024156
2380400057
3521930866
3675129303
1210211320
1437917605
1968019822
3689546915
3703542868
119629393
2843270698
1977313839
3340993648
849067965
1507618982
1701003899
816040012
1235540457
3020704994
2372753799
2122431464
2000052437
759049950
2795256659
2160491332
2834219137
2173014682
492123103
2162090592
1962747117
1758442518
2861322027
1274514748
1221425689
2107608914
4082129207
353949656
208956421
2441732174
991354371
3405962804
651912881
1802576650
4106758543
1036614736
2393675293
2877395846
3196798939
808472108
1409214025
1357721026
340919527
818327496
3468821301
493333950
3307531443
3603152164
1575639265
3529674618
4147071807
3198308928
1667044173
67702518
1183526027
1652362012
3902545529
4261161010
