2221069667
4040076820
2481468689
917626346
1365698287
2947373616
3431340669
1739295846
1404447547
240523788
2483388585
1176847522
489188935
1543915944
1596724117
1320207006
1846295571
1417872644
4230233921
1820164698
1060298911
1790257184
2221485997
1247068118
1186752491
3473231612
1467142361
2505406226
1134796279
225957272
1243729605
1836082190
470421187
3750287348
4142634353
4288938698
2588149327
2378707472
3670429917
100175686
1420071067
4248141804
2866081033
2839283074
201947559
1146887560
248714741
8266110
2368163187
1680811748
2889955233
709648186
3767883775
2158327808
777027085
3148741302
1436132683
3038096604
3062814009
14675954
3014984023
1615995256
3797084453
1271986926
2666461219
2223305172
1357391313
1281202090
4209104303
2529950192
1450882877
776733222
3632702971
3667187148
1203997033
4178064994
985740551
616096104
2322876501
1830809694
3182169811
2723756228
1449353217
1535028250
3970203487
4286232544
3547855981
845784470
3541471915
157416124
5638553
1010555090
336139447
2830064984
2378838917
3420586446
2489946499
3476749236
2599806513
1393990794
2216187151
3048255952
4265299357
509469958
1370778459
2230066092
2263438793
851564354
3576143975
1192531272
1671932597
2303602494
3170009139
3162061476
2577578081
2756471034
171464383
1881991104
947366605
977256566
663433227
677525660
3068161529
1923166642
3866613783
2391247160
2753539557
4032526510
1876024035
2871195028
2586629777
2785481066
4072637551
2439928240
480252925
803616742
2659573947
1454592396
3495842345
799074338
856996807
828848424
939867413
3854622238
877830547
1543974020
3776397505
82679258
2351488543
397674400
2917632301
2062043990
659520875
3935200892
2823160409
2873621138
3638119287
4124222744
2297124933
1475698574
2424296515
4290043764
3752130289
862385738
2947507151
2365387152
2285963869
3634166470
156435995
643987308
3627712137
2765973762
3630204711
2779303176
2971991925
2939157758
3106173683
645598820
1675163937
3650761402
1900942719
4144502656
274700173
3088795190
314276555
2757657692
4003382969
3379049330
3305467607
4270371064
2881827493
1030207086
1103855011
2959653204
3363194705
1164856106
3485463343
3344202096
2746626237
2855939494
1215552379
1181846860
2660621033
598694370
1961034375
2714849512
2225009109
2924710878
3435131987
3175931972
620749185
3666493338
1686109407
3407943520
3363296749
3515920662
2519148587
642421308
4026710809
2352602194
2966700599
77704408
2286238981
2003467598
3138180867
2629206836
2109261745
2186612746
331952783
460124496
1570211613
1383452806
2118148315
2237174572
1871210313
424590018
3832819175
1608041672
1946883125
1206094526
3699189171
3186926116
4087609825
469089402
3163984959
217515840
3402122317
3271592950
3387590027
3167391772
1586093945
2398418226
3458057623
2685769912
2785245029
2025174062
530309219
2685811988
4102322193
3964880106
3903005167
540956976
813501821
2600985446
957388347
764381452
3811189673
3472067490
787220807
1438066856
1291937429
2090334622
1102317331
3253359620
1792885313
236235098
2087312287
4051822368
2548621997
2753746646
844993259
810974716
944518105
1221688850
2059008247
2765911192
2560090565
1342266126
2127600067
2449467124
3992017009
3785419210
1730527567
683716880
587121629
1772643910
1933343643
93220588
3717402633
1775619202
2283967655
895777928
3910789365
3911768190
1102878835
1587934692
4056136353
2099185210
1389482751
1773778688
1014083853
2830078390
3218624587
3311819740
3345070137
218593010
1082186839
586039416
4288314405
2818929134
3556967203
1173061844
4145506513
477494954
1411977391
1139538160
3350506045
3222231334
2468090107
1338852556
2396728425
3945626978
1341116423
3973628008
770480981
3327010654
233757139
631211972
3144639233
2437731098
2594601567
580286176
1358606189
543079574
3467820459
1014114748
2715970713
181329874
3578425271
1715666008
2258847365
3346659534
109780099
2337344180
1762568497
3003810698
545591311
1018704080
1026998429
3153378310
1795642971
3401845420
1931114697
808623682
304855911
2785801288
219250101
3904890430
3282225971
2756643236
3338156897
3470135290
1522520511
2232428224
4196130253
1994938230
658823947
3522291612
2850443513
1298118834
451851031
4141000760
3846848741
2434199470
3921733091
766018708
1760500113
395737194
3910254447
2585614512
773654269
2534444774
961956795
2968174732
1382610217
4061998882
2259572423
3338016808
2216726549
3241547038
1815112851
1680636804
3749069761
368229594
1173739807
3055470240
3899472941
872702550
4259752043
1046320508
226846041
3153199506
524658295
2559919128
3743902533
2207536782
1023172419
4100583028
3889215985
408018250
1990663887
2668851344
3506404701
2803552710
2824925467
3099158124
1088332169
3324325890
2437915175
4052691976
2628899445
1550365694
4243570163
3937394020
2617343009
2732251578
3139473535
2528794240
1485228685
4218084662
4075824587
3056415580
1188538809
431864434
472336855
1266864120
1137886629
3114937710
2878703779
2735556692
2731248209
3748966954
1042099759
1251113072
3900056509
1573618854
3464447611
346553420
2660466153
495100130
1105698183
63909864
1818051797
1661977310
1463336787
3109105476
1605493889
231106202
3306682335
3285898848
318802157
2362689558
314135339
3923296572
469048857
100328274
2003541303
1267944408
4007940101
3926946894
3437519363
4178219572
586648241
4080465674
1615588751
1469214800
3273194013
1222289286
772361179
1932427820
396331593
1164804546
3561900263
397288392
347793205
434323902
1214476467
1300787492
1503624417
1257071482
448007999
2524464704
1819440973
3287753462
3583651979
98058012
2666906233
4225858610
3270156439
280934328
3354659429
1736387374
608234339
2983840788
3178019601
902867946
2852871407
1024153648
998244477
302004838
3042378043
4274321420
2753218217
1730007714
2958795847
2200176552
3278027157
1637560478
2311574035
550347524
2229421377
2861027418
516740767
596289056
1165268397
2559372758
535477739
2997071100
770807513
1386841362
3162264567
1325208472
3264869573
548295182
553854147
2230515188
2470648689
3849965770
2486402127
771043344
3091412701
2129935686
3200280219
1575181804
2283614985
2278265730
1776791463
3626556296
2985081845
3069153150
3233670003
2828584164
2828156321
3637357882
3761917439
1007285760
178185229
508373174
1107491659
347278044
1929419577
1032519154
1308145495
4131807096
3731754789
2689984750
511905315
634261460
2442308561
2624218538
1134316463
424146928
737844541
1903079462
278756347
3003233228
1405013865
2293154914
3234491143
3837042536
636546645
848846430
2124260563
1449252548
1472685569
3723950618
433354079
1827550688
3028902509
2230309782
4164610219
3430832316
1681575833
3418220242
2369243831
848468824
654858629
221114318
1679337347
1138956724
1903389745
1356491402
2300431119
2851844048
356397981
3878130438
3712368987
2627205548
3809975241
654271810
2698761831
2998883144
1896304821
2303565118
1086264883
2543900836
4053384801
507229946
846417087
4281296320
3352039629
405597814
1793754635
4135425692
1136145401
3900325810
3155267095
1809434424
3019953125
703489710
622588131
2326401940
3086834833
1426186090
3784309359
1191729072
2124806653
4191610342
3272783547
891170700
1581226025
4227167778
569635271
2285958952
4039631637
197610526
1887057811
3587033732
2703312577
1507058650
1022284831
4156917152
1425993517
1069316438
778687339
724092028
2677065817
1526204562
1214120311
1175708440
2834267717
1431260558
2162485827
2711289204
3058203889
1461240906
1976228303
325447568
4274647133
3744770246
3428506651
319575404
961463433
2093545218
2280308007
3878783752
248161653
2797431550
1663502579
1986047076
1568014113
2901901498
4162784127
396924288
4172938637
2136372278
1125175499
2130174556
1373408441
3329180018
3421840599
2704862968
896293029
2315822190
2194379683
741201748
2305609041
1633098026
447113519
3993794416
3091338941
3908623270
1870049659
1222273868
878518505
4205963234
1117272199
2374569704
1084725205
3806853598
1511885395
3671162436
3920619393
2413727130
3470521055
3687880032
3683990509
1991434006
355958315
2187522108
2159247641
2853694034
212793399
2571168472
2500813573
1590848334
573041923
3386548532
444747185
3656703498
1358604431
1911811920
1504079133
2228977286
2394830555
1694527788
1535290697
2733131970
3990119399
1967096520
133610037
3841915070
2192948147
1620590628
3571908577
3602975354
3623717439
2100659520
2989009485
3783899638
2100681611
1105325596
2653791609
1630143282
4234378135
2250495672
259038565
107258414
1112667747
370760468
513867281
2200572650
1168087023
4128528176
495907709
1016369510
2022272059
1911973644
114780585
2124683682
1366769479
3561809576
4065332373
1840932766
4131888403
1630335492
2050181185
2983655258
3596341663
4040123680
3171698861
2542994646
3210995947
1173150716
1751316953
584944658
3102387959
4225348248
4163372997
1333217550
2996940739
2824996084
383835761
2066659274
3513595727
2372251408
3398674909
3051099206
3878703515
4130622700
3664991753
1931303554
1633208999
480852616
2571865845
3654436478
3123392115
839357412
11321505
2908247098
953075967
3885380864
3369604877
2357641142
2350491211
2465970652
3916135993
40535282
2350682711
3394928248
2932711973
2764201966
779032867
338468564
1348071121
1010486442
2033944239
115341040
3008139325
2993293094
17491707
4096926412
3329127017
1099696994
1028720135
4232871528
2726379861
570332510
3216535507
614475204
1533765889
2977767706
439251039
3464623328
774116717
3491555990
4289663915
2844166076
2002727577
4010339794
3956352439
4255005272
2667146373
217966286
1561473667
3908118708
3827576625
2626048394
1843561999
3984273104
3058804381
267807238
1483811931
3932678316
115392201
2267556930
825749863
1563341384
3213435829
3673642046
3829883187
2255398820
1233600865
41770490
1095944127
3465192640
3515368397
2383250806
2726048011
2248492444
3025540857
3018901170
2044750103
3718047288
1078159077
719445422
3521313763
2988941972
3075973009
3460908650
2352625007
2284803760
1044049149
3359194342
3954909627
3545079436
602028841
3173629218
3034942663
1699206696
2918921749
896828190
4046455443
2699762052
1444432321
1083247322
554946335
3433579680
597467693
235966550
1759051371
2700079996
2389191513
4166651794
69360759
3998122520
373526853
1025918094
205092163
4148694132
2064400369
1606134602
1562023119
3656674960
1101030237
4041899974
625002267
626738284
4052412297
952679938
1815205927
1989143048
930052213
4264436222
2613728243
3113057124
3627450913
1743792058
3628697215
1775424640
553201805
3017673526
3005053899
4005466460
1068330937
1065142386
2221866967
4020964856
2962353061
511908718
2003672739
1003120212
2891583569
991264810
358327343
2713876080
1125779901
3150066342
3680115835
3540572748
2415051753
725429986
653579143
788458984
830335701
2648453342
2238600531
298700100
4076464769
3503469722
835448287
50484320
1379266285
4281202198
1302440235
3756597052
1312678937
3901813074
547246903
3718941144
2865133061
1169187406
1792505859
4280725556
2488864945
2794374410
2513789839
1519480400
1363140637
1987597702
1348411867
1255039020
1798426697
2713653186
3775299303
1754063304
2109639989
423014334
997459635
3877900068
2507834081
795914618
2759001407
2972632128
3421166925
2344112374
1891468939
1625791772
2352056441
785287730
713578135
4031051192
2893623397
3311802670
701432163
3168070164
1210138897
1147107818
1801442031
995710512
111797885
2328160358
849860411
1998837260
996150441
2240176290
3258899015
959563176
164192149
284532382
926115859
1929920772
2060471105
2483166810
1394003103
1229988896
783285165
288693206
3234403307
3660712700
396385497
695046930
537201143
2607960472
1765939909
1281114126
3819715267
3964474356
2831851889
314547914
3469931087
923938320
2314214621
2120215366
2626436251
3196140524
76904713
2613780866
511042983
4075133320
3476447733
3251699070
3724835187
3941753572
705905569
1790901050
210715647
1549693952
2803714573
1666995894
1310478667
809527516
1520591161
3416656882
2867621207
2401934712
2696492325
625661678
3016172579
17247700
1668100561
1810314154
2768683439
4239652336
2376762173
4076953126
342118907
56529356
384439657
2244301410
1971560711
597712232
3550319701
75549790
2168404691
2153411780
4133186561
2078230554
1270115167
928101344
3989489773
1910899094
2500804267
3280647868
189765017
3836736722
2702606519
3076905304
511082373
921296334
2708979075
1786460084
4045468209
101595274
2127773967
4147555792
1349589405
2791391494
2357729115
2754860972
242606537
3232559938
1933577319
2505707848
680982197
1304234814
1580969011
1622701732
4274046049
3952805114
928924351
3810649024
1196455629
1217010806
2113526795
1888023708
734001657
532893106
73090071
1008469304
3121740261
66147502
2685798115
2485203348
2533221009
4083985770
2567991407
1301435824
2631655421
1916244966
1666157755
2071530892
3545292329
2780431394
4018350023
1309324584
3954870549
2923280926
2656161171
3045353604
777735361
975843802
2724514335
617022368
2219201837
251701078
1563699563
2410881660
168529497
68687506
43169655
2168791320
1461953605
2870557582
2398748739
3849395060
1713111793
2721747530
3700838351
3804163472
3380794973
1279022790
1662169627
3752211308
2576550537
1780778242
3995398951
2410301704
1184910197
3535460606
1457102579
2755021412
1011025185
1136971450
195035519
2100892544
21259149
151102006
4078315211
4118888540
1078612665
4108734322
4120173271
651767032
3846405797
3877212782
964405667
3252876628
999510865
3702515498
3728531247
1437889904
3103653053
1176996262
3257501563
2738047308
3780404969
522483170
2667409031
3627076840
1860189653
65824734
2301304915
1313217604
2878336385
1084414874
2649221343
695210848
2799870445
2521107734
1811403819
4067118652
3029616409
828766290
1664724535
147859672
1611237637
246045006
1458766595
2297347892
3229340593
3372526602
3738967695
23784784
3655684893
2377198726
585895131
345526060
1991045961
2985416386
1575262695
3784720584
2786222133
646604478
580800947
3509313060
3411674593
3304872058
806649919
576979776
3921219661
847439862
1613836683
1391021084
2567007097
3570340146
4250481047
1059198136
3473785701
344166446
2327317603
2517399828
1777173521
3916488938
3410759151
4242167088
651221373
1821458278
2477933115
4266476812
1907666857
3955533730
2998039879
2714936488
969847445
3142374814
4236981011
1180667908
3065597505
3238610266
1157482399
487383840
3395268269
1970483926
3558489835
1601387004
1806286809
3596196370
2714461431
499576984
1172843973
2271033102
1680000451
1085547252
2030068849
472679882
1013230927
452635920
643338205
1216332358
2396268443
2798267116
914594825
1909778562
1363083431
1256061064
2209166581
3739989118
3695821939
3277402596
1422247585
2164367930
192659199
2321724160
3580787981
315485622
940244043
3699447772
4138026041
155030258
1516783703
884391032
3828402213
2448379374
1586179875
3697130708
4207703249
2607782570
1996356783
3938710768
3943986749
2738140454
4205427963
3498508492
1966192745
3311049058
425868295
1253063784
3913672533
1243546462
1932658131
1502659524
1486319361
2904387354
1583769183
2539483872
595426157
3662354582
1750821291
176874940
1342961817
481491922
1560796087
1340700760
3581907589
4210152654
3779676291
3095479988
3362370865
4252114826
1810889743
3073256656
329026717
443029510
696975963
3120285356
701957321
1133361730
385099623
1262579784
3694184885
1369358910
1587279667
377374116
1095124833
1234480122
3298147775
754262720
1495574989
3080893302
2908981003
2785584028
3656768761
2616317106
193077015
2002199608
1366068453
622644142
1068831203
546750612
2263885201
879498346
3088231279
2268157104
3397964541
1741810406
3654285243
497056908
2626388265
631655202
2177680071
847877160
3657817109
3861049630
668965011
60405636
1508528065
3063896282
1893844255
4028744352
2801535021
2995568214
3145421931
3883028860
1115353433
3996261778
4088337015
4009213976
2609887045
254292622
3106310979
1544956532
2809644529
2392160586
2755529423
499477648
3329313117
1630154182
902864155
837624428
1634151817
2161921026
3183742503
578856968
1818041973
2489552894
1146415603
643504484
3113977889
2960487866
1109556351
1104892544
3382417037
4005640502
3002782155
2202005340
2209559993
1454102130
3479614935
918768632
58790309
1405880686
2029368483
2927068244
1729664593
3055963690
625613359
4192367728
1240330173
4163428518
3554996859
2841229388
1484917225
1181203682
1521617287
2032053224
684626133
2232983262
357821267
2151312196
1131540609
1330578074
3274695647
1058656864
161174765
2885166102
540671787
2850651452
3820399129
4103536466
2223049015
179423192
3839400965
700469326
2524614147
1462947380
3471480497
2975240970
3691960719
1451256912
597083677
981861254
3060070363
2992520748
2918454857
1132502466
342799591
3495665608
2968662837
2096766398
3895762099
246394148
2793769185
123993978
719452991
3235201600
999506765
1172930294
4220574859
132578076
4103949945
3274414130
618007703
1656435640
2804831845
1673332526
353179491
2445281300
3020277521
3797829610
358893807
714560560
2919484541
1375311462
1269345595
4151489548
3654636201
559869602
3536982087
4264526760
2992637333
3703573662
4132371987
3409108740
1575899457
2834066522
1544602271
1543873056
3223019949
877480406
2841078251
3316672764
2491359961
2577506578
3997024247
1926729624
3189391557
1887055374
3825553603
2509713908
3078760305
125136074
3391252559
689908752
3486319325
2218498374
1846022811
2668567020
2688401161
1698344834
2847153063
345134984
3870296053
2703387518
1694175091
2872836324
2965653921
1612728634
3851696639
1638068736
2211164173
182158518
4192577355
2277361372
3983812409
724638194
1250960215
2868829048
2838780709
1521468654
3736812067
2519747540
1182250961
986972586
2669754287
3239048176
4220152125
855903270
1675307003
1269526476
289758057
1884020834
3639400199
1635523432
326777429
1658403422
1167118547
2688750276
2988405249
3040319002
38035807
3735368160
4282134125
2035036054
697537707
1854346428
1972657049
118620882
3483711159
3072923480
4094993797
3373648846
3431388035
3271775668
2583590961
4071753354
3845699343
492940240
802422685
3691704070
3749309787
465548716
2298750921
2143977794
3428074087
1860489032
173448373
1453095230
2506637875
2545947812
1092078177
2355778298
2566469823
2617532864
923065549
1264011894
3770233355
377770652
4009213945
2558286770
1062533655
2135835448
911417317
4267983534
1623203043
1200115604
3073271953
21461866
2571167343
621564848
4148282877
419971558
4282147515
2848189324
2945590313
2901316130
465722823
46428968
2833067797
1294215198
1037656979
2066417284
147149505
636518362
1015726111
515408288
3149773613
1756681558
867073899
2553118844
1740002393
648553618
2272750967
661020440
327666245
3646105998
985601603
1261910388
1864337649
2496421962
1678886351
2064116624
1751891037
2679375046
1299875867
204476780
2030522505
3975156482
2333026599
521340680
3634753909
3005761278
339490035
805038180
2151680801
503454906
735115135
2813956480
2852047245
3575435318
2731244747
2281348700
971511993
3570228594
3252981975
258566904
994747557
3566895214
3856383907
4052226900
1592383825
930657578
2592298287
2118939504
636084925
1103509414
3230424443
3581683532
628862185
285672418
168993927
29919976
2403918805
2439042526
3655906899
2544548420
3936351105
1826040218
1369693919
872386912
2858420205
2957458198
443034155
4133727292
195366169
2720269906
880043063
3545196248
1764994821
116541262
3647871235
1509088564
4020591025
3481565706
1030591631
1238494032
1582577949
3975600774
3133792987
337653036
1090992457
3328926914
3030700007
618462920
3462268469
2357580990
1010231219
2410642468
1459424225
1722263162
1155233343
2088927552
4051269197
904664566
4074538891
1876994588
3473224057
1776557874
1358882711
1259360952
1692068197
588414510
2026775139
2683279124
1449789969
2670178026
4188570607
3029357360
3426926461
2868768102
176887867
1385440012
2747397545
2522166690
3533548359
1044931240
2742900885
3847177118
3565078803
4051840516
2691650625
3148583770
1213185439
4131021088
1071846573
3183698134
4034958571
4243167228
3256911321
3812993042
3042712311
2326015640
30954437
2008229134
324262851
3673571572
2488265329
1150964682
671884111
1367321360
3058529757
2710794310
3928489371
2538604780
1908662793
3858527874
3621074599
1073919624
675207925
2020942462
672684659
2459619300
1846463649
2015031354
1255716095
3525259520
3795116813
3146062774
1135366731
569800156
1863256633
2709561586
727973463
3791846008
532934181
4018945006
3830924579
511630036
1986984657
3121899690
3446698671
1872229104
4010564669
309289766
4294480635
1691082444
455409257
4137232226
1680044551
1476655720
2184875349
3199168862
2824575955
1148281284
854816001
70106394
3880672351
4247318752
2970018157
3202958998
2293743531
3749659580
2884157081
332204498
2834207159
3710170712
2855647365
290833102
321937027
2046911668
2514434865
1439559050
2595058191
433138384
3575083677
1531561478
1582618715
3112150188
1543326409
3848489026
1130388839
4031000136
3808980917
3434491966
2996866355
3565020068
775245153
605813242
1686680511
542089408
284233677
1940382070
3355106571
2986082716
2596643577
2237850290
1339282711
1140941368
2563093221
4291279278
3006736355
4176862868
1471720337
3388924522
3969589615
388190896
1392949501
4124743910
2207567291
266558092
1013237545
2878527778
1835268295
2931511848
2285928981
1396793118
2420059795
205018500
1793873345
4162692826
3042949919
2693480608
4069223981
2709056598
1976412779
2447683452
2847782745
494545810
1844168823
445709848
4010532165
2040144014
3284377923
2731821172
3977464817
618612554
3423699151
3934677648
3748802397
2010766278
1511027483
1584332908
276001673
509598210
101073959
1969317384
3145385077
2668166654
1989115891
2971187044
3224407585
4234855354
2024501887
2664681600
3530423437
739534646
1921525707
4088483164
2464742329
3746227314
2098097111
2697693688
3164616613
3649369966
808307363
2064949844
1392974929
3500612650
3991441455
3539104368
2096223677
2466221734
941607035
396006988
2017546217
4009904866
1562328967
1647208936
3528406741
2563050718
2263449939
2224490820
3508139649
154882202
4181973471
4162932832
3106978541
322064918
176313643
3352943420
1549758489
2852982098
588496695
1386808792
488292869
373309006
3486360579
2167335988
1387011249
2475581706
3002617743
3412027984
3122506781
352563590
3759853019
702422060
1608932425
2863803330
4001819367
3474611656
777378101
3308096446
3466932915
1143687972
213946081
1388793210
771813695
1164689472
996911437
1921690870
4128518795
2060867868
1480135801
955819570
835961495
3894505912
940801125
3263427886
1710959971
2962957844
2165984529
2412582378
672710383
2328187440
2978853501
3885909094
2153349947
4289827340
4286224553
3131538594
1645561415
1377649064
1025944469
1157266078
1192924179
2840427780
2923190081
1766242906
3116021919
3685425184
2042021805
2178250710
1502986219
4112434940
613279961
591769362
2804315639
1428999576
1092773573
218635278
2718852803
13717492
1063890289
1134246602
102882895
2216438288
165275869
277301062
3006523547
2139944940
3675653385
1679441282
2342670759
3173979528
2019143157
3571702142
3584140659
1769316068
3164950433
955356986
3947442175
3419893760
548017677
2496311990
3311336779
2603295964
2876632377
3693881330
2900613463
3385006456
2011136293
3229922030
526340131
1699310036
3132243409
2301677482
2985012655
3864785392
4120530749
2977348134
2130836987
199773644
3268452713
3359796834
1795558663
508025192
1703338069
3449923678
1267885779
907784388
185825281
167765018
3179566943
3806900192
1759351917
455237014
902294187
1299411644
587800985
3001290962
2565074103
2984007000
669174661
1135720910
1699080579
3447419828
3960208945
2529547402
1011756303
2625415632
862381469
136617222
1444660059
2201719724
3535957449
3830976322
739801191
3210710344
2521186997
602662718
1715787827
3166155428
949932129
2158600442
3611569855
2849431488
384385741
2694084726
321423371
1752150172
224364025
3534055858
3976114199
3044049208
2831435237
2571579566
3877253859
618622356
2559504017
4270999914
1646353519
1299599792
232238077
1850273766
383334587
1073662348
1929603625
2442338338
649171911
644755752
2821707029
1752864286
3473996179
2797708420
2959038657
2636565978
2338371103
1704591264
2070225197
3436774230
836293995
3298287228
949033561
1118319250
1460413303
3094846744
1578889285
1610422158
70528067
1391286132
1364397809
2932747850
2352823247
1547757968
1535418973
1503376070
194141723
413790060
1470862985
2234228994
3735641895
359384328
1155241845
3355817214
458148595
2578548324
2842497313
3148835514
3635539327
388632448
1927884685
1671953974
3526415051
3060005980
3199590073
3861146482
2967750359
3672746232
3078736549
3532353134
132896163
991768916
1936744273
4054942506
3480865583
3889459568
2131085501
1540679078
3936301947
1605698892
2161308393
1348047330
64477831
2320517352
568429013
189088734
3428207699
922703940
652212609
2491119514
1779422431
2071924576
1712156141
1153001750
2693300267
239864380
98947865
2085753938
6232631
2025759960
814601477
3349820750
697904899
3169254196
671014833
1836337162
3970894479
3408456016
1727209245
581732486
3596073179
3818392364
982613833
1616179906
1913980391
3205741768
14265397
2532393662
1333755315
472062500
4157608417
1002632314
2521984063
194051904
1231674445
1808090102
3040337291
415762460
3224958841
2691247410
2002034071
703500472
1356336997
2987486254
2358524003
3015882004
1679200273
609123562
1354037743
2637582640
2380572029
2010815334
1561587259
4006281484
486489001
4267033506
825811271
699277480
2942041749
1807856030
4263665427
3801402372
3075824193
566092122
1615967135
4233617184
2643884717
4035153622
2492918507
2656040444
3955706841
3382818322
1939656951
3262213272
2885188037
2692289294
1077211587
4146618100
3905908849
1954030026
342071631
2968824080
4201798621
1092034118
2032915355
1204152044
204744713
1335100546
1964731559
2081911944
117473525
644780158
496431219
533491172
3431453345
312753722
1994763007
1053536000
1865107725
111954358
788375627
3814446044
3534278713
1261678322
2131735639
1379874936
3783726117
1033447918
1070816035
1519384788
1128366289
405354154
4237486255
358346992
1060389437
2149191974
2432133371
822131916
944260201
1430762850
2643765255
2756163688
3982439253
4289716062
3744805331
1698824132
1786739457
917375770
887509599
2145677024
1455441773
4260852886
3770946987
2825101756
183862425
1414993874
1334134711
625996888
2635849349
3492393166
1925674115
2909897396
3431252273
630832010
2048583695
2506369232
2059557021
1385919494
1993256539
1760789164
492015817
3970487874
914133863
3426151496
1410340277
3426590270
1616192307
1080918436
2421445473
303253498
2703993279
681189056
2028828109
1109200758
1916941067
702504860
1992648953
4030984370
3335883543
3281756216
2521749733
987932590
2892578275
3141860500
2846962065
251768938
2849216367
3087356080
1471454973
4065543910
1762239419
706099340
2205027625
3471796002
4155190983
1507659816
950741013
4241476894
2857288851
986116996
152984513
2232153306
1854779679
1575272096
2253050925
1523915350
399507563
541527420
1144028505
103954834
4074274423
4045028376
2427978565
4235988622
2886776643
1266837108
3420377585
2727941450
1419048655
3224856720
212014429
3036252614
302008603
719380076
2125445513
2438162434
3304618535
4013040648
2764597877
2652793854
2994345459
3653653860
1811256353
3419410874
4226050175
12340864
3144704653
3956774198
1908768203
3222448988
3981361593
1499066994
224797143
2915289080
1542413733
799925614
487973027
564248660
4028998225
177728042
4013360687
2901569648
1545976765
205929638
2282397307
2647356492
1865455081
2769082594
2923197831
1781409768
2919226581
1491172062
1513035603
2665719620
468843649
2123865754
1409798111
2920861280
3774226669
3034349590
2356849451
3115989308
943207961
2297633618
2086040887
898647000
3549227013
2335190094
2530261507
4246407732
2677908145
3442880266
2593244559
959342672
2496959005
2247188358
1300276187
827193900
17343049
1465104834
4014940391
3838385096
1978236725
1909520830
1858455731
127330596
1210815713
2442828666
768599871
3203546688
1265897293
2442910454
3762784395
968210204
923064953
271954994
3514923159
7843768
3743982181
1639637806
2627289955
2573616148
794743569
3433817066
595408111
3689107504
2437388413
3417502310
1354389819
266366988
743431849
3512732322
4027087943
3036348328
706564501
3383027870
2845190675
2371361540
3954859329
1427179610
3960778399
1212194336
3682741677
2043520470
1367610859
3900515580
1204596441
1180286226
3401526263
3262253976
1918536901
2718304782
2647096515
2918936052
3229692785
1194395850
47273039
3356043280
3088502493
2739074374
3960454811
3757757932
891177737
409586562
1145079719
1824248712
70472693
3709159294
2952280947
2778676452
3451278753
1966269754
2645435903
452718080
4256726029
2167005366
814240587
3934814940
346534713
1586968050
1374130007
1802983288
2361042725
3603538158
4122175011
3998386132
1075626961
3606945194
1566974895
3969380336
4225381693
3998836774
3856192507
3289721804
2878072681
229178466
2882487047
3657668456
1237550677
3302626910
323222739
3252965060
2167897601
4197986842
4252257631
3290181088
2863594093
3613952918
967590059
3763327164
2477647769
1747328722
2094178999
662672216
971043205
649963470
3954507651
165908916
1732871217
1917428362
68395791
4102531024
3676949405
2863549190
1886230875
1520923052
1806742473
1851104578
311209575
113920840
1281747125
900420926
1355902515
1335840932
1700124257
1213787898
1916740799
2358861248
1727899853
3359745654
2504515083
3863678620
116870137
1312716722
2371380759
1585626936
2439343077
1419386542
3005499619
2888207252
3139400849
1800214378
1941033583
1188057008
1620939261
4059667942
707137211
3190400908
2644815913
3550981666
2421213639
956821288
1773304597
2151744542
3522727827
3091743364
2770951873
533535706
249998367
2037087648
1128040237
3144495446
3618843499
2498903164
4238073945
3625468050
4048607607
3027819288
3068139077
3205957006
1801011779
2090038644
2360775921
1883241546
3575165391
107603856
583895133
4193476806
492450843
2232667500
3045055625
3000446722
1760793895
4071916296
188824949
2438144766
3960561907
1633100900
935991073
2630662330
2453857151
1267371392
3691222413
883108918
21375179
12409436
1320395961
2834004338
1116994775
156886776
3655921829
1626102894
531360675
513953620
4180075857
2337952042
4246749487
306999152
1146203837
341021606
3227650427
3252544332
1935292649
1562124258
206377095
4056418024
2796171221
4053381598
3765690963
2890135108
3763339137
932169114
1730923231
2146340192
1508561901
3550189334
2119751211
3122948156
592877849
1072702034
1190776887
2032001752
907541253
3503432526
3346285827
835393844
3918030257
584324618
1822457999
91219792
1942095133
2933012102
4120219355
50325804
3813393737
4289626306
372587495
809138888
3179631157
3318526142
3698856883
4136024100
768808929
3293463162
2759418431
1334803776
1904886349
1410232822
658715531
3449775644
3969695097
4166925106
4032451479
1539100344
319108453
1098930734
1175080547
1367724820
317920785
4175776490
1349611503
919359280
3954609021
1395083622
189580347
1391582988
1567392169
2747683234
1317279559
3825458856
3714753685
3466862494
4185257235
2576837124
2070634561
1933586266
218343839
2942655776
1668931757
2377366742
1079853291
3282457596
1755189721
158188562
1552778999
1160686232
3293093829
2175729934
1791363011
357203188
4135515761
734392266
2171277135
3109660432
1925661149
2802502726
3151997339
942392556
2245291529
781947522
2836505255
2132554376
2683447029
1758985854
1019577971
3941469156
4029733025
3499985978
262316287
1349004544
4233211661
1950578614
2046754379
2695967196
2708641337
2253831410
3580586583
90928760
2843359781
4229306350
4043272483
277944020
3779331793
900596906
2221235887
1544548080
1535911997
1815396134
765869819
3039140556
1285261929
1634091874
1169546759
2944104040
2863913301
2367704414
2545862611
1006804420
2134606081
3298711834
3341699167
2677009632
2494147949
393585302
4034948011
3845652412
3979496089
1582376402
3503029687
2825597528
775029893
3077414606
2148436611
3536953524
3965339441
3973417354
2318949903
2850498256
2224897693
2153587206
4076373083
1213685932
3990476489
3646841922
1883818343
1595517512
2940713909
3493137470
3887708467
3662487460
3886242145
2474284538
4202602431
3319045312
286907341
2734833014
741968139
2377301404
3992268537
1553268402
4035395863
1982193208
3389521637
1450022318
2873840611
3884194452
4242126737
2205449834
1874595183
3923201712
1485997309
3711694054
170817979
3963164300
4054274857
263976226
2694997191
3018772008
1799736853
1657682718
4128135827
256217476
3028312513
3714728666
476817183
2821602464
3795466797
1587628118
562189931
312044412
2446541657
677005202
41235575
4069751320
9709893
399375502
4060990787
3592455284
3285866481
2277696330
3184028879
517498512
3456367453
2559129542
3718258459
390249580
740032393
1505162754
2056957991
267575816
2823164021
295950846
2014620659
543421284
1022007841
2661638074
1271750271
3885288576
77777037
2919940918
817025995
1751386460
316966841
1155072114
7198679
3719038456
1634632613
3594965870
3215849123
572448340
3195283537
3824728106
2838854703
132279920
1737073085
3825003174
1134916731
3152826956
3176127465
3901187810
3456740231
287172072
1004569301
1164830942
254061907
1327514948
2751070849
795077786
1400620511
3774893152
15435501
284601878
639828267
4287272764
4148231193
290007378
273230647
862421464
2284785157
143661646
1803800579
1257711668
901720241
3729653002
316357519
535651920
867923997
223284614
2123790811
1219352620
291170377
3378857922
2529646311
2439502280
128787765
48523198
1217814195
3639772964
3636894433
1138616698
2857295167
2909322304
3953947981
589105398
975888011
3297056028
285253753
3370304050
2212441751
733867448
476956773
3244413230
954685795
3424739860
1054038289
419082730
2274470639
2649837104
3442572925
2117574758
1019948859
2818526732
3763676329
3850934434
4239110727
2798173608
4181981077
3938408094
2646720531
4149393668
2523423553
3964360282
1931388063
566631456
1702728621
2620773334
287468523
533431036
2117825753
2195573522
3641172471
984041880
3519197893
2943612942
1462801091
487951348
3133716849
2453067466
1076939343
1961240080
1518580957
3161367366
2560332955
1079555052
777425161
36264322
1401863591
2738393480
171768309
968275326
1946079603
3753433828
1677155233
2497983290
2093161471
3473959936
2599870989
1341722294
3143739723
4124434652
2835970361
846349298
3113960791
270243192
1741016357
494833390
3786898467
2974524884
1454852561
2755292074
563124655
1405349360
2387221309
1772885542
408922619
4096920012
1266101609
3229583970
457734407
347034984
1076898901
3363996766
480613075
3281841348
2492171265
98598938
1108624223
37727200
1152409709
773765526
3040908971
2803642044
1199746457
2799185106
4218509495
2551370072
2853115781
4063860174
3755218307
4164661172
2344028721
87912586
3163101455
2776802768
2803675549
1135081734
2926538587
570642348
3553556937
2646813506
4289782887
3307538760
2897579701
198886206
3574465587
3497455268
1195170913
1668824314
3924433599
3293305792
2806124237
1113511030
3877057547
269905052
1539248633
2336720306
2690784279
4203019576
1882624485
2958888110
1155423971
1566419348
2665478801
3346523498
1307723887
2434420144
1871935485
605703142
3106071739
2755954060
2943743529
4079762466
3634364359
3130109224
1835344149
343372318
3331335571
801038468
1730372801
769878490
1193058847
3660381088
2470702381
3027328854
2772271467
2302450300
869705305
1727549074
3594882935
2607421720
2647931973
1990259598
4029569091
1210684276
2705988337
1495386698
3198429135
4186105232
1044803165
12259014
47319579
3513625452
310649481
4126326018
2850933543
921518344
2882986869
2400227582
109311731
116179556
2874613025
1096419002
3632519551
3302689664
1699609485
3356383798
2953543371
3875977308
1776380601
2636285810
4143166167
448406776
578819749
4290595438
2904293795
471297364
1879927633
2222137130
2742466351
2108976496
4123890877
3946987942
3251953531
2079768908
2098298601
3075386850
2742175367
3090138344
2644694485
3294502878
2520873043
2004390980
2532312449
3591639962
3371679967
3243117408
100153837
3706570006
869870635
2045560380
3824639769
1828597842
2286192183
1416437976
4191297797
2724860238
855595779
949958452
3024219057
1873011722
1027733135
2024203600
79751965
292021382
2558747867
4065838892
3140881225
611847874
554004967
4166072520
2220947509
2568494782
1663084979
2665109028
2030444001
2152304762
4015020095
3363699520
3923421261
1858576374
3372124555
241615900
3559949177
4056107314
1007683991
1618676920
727866213
1365198894
623928419
4181258516
3808402449
2632718570
2027808239
22170928
1706586493
3169056614
2503318075
4278762764
3842623401
111599522
2860469575
3981024424
2913553045
2381745566
1182370579
2525628420
1823565377
808615258
3462766495
2405620512
294471341
357821142
1943246571
3974935036
3097810905
581554706
4029562103
2463885464
3402155461
2606034702
319233475
3042745076
1029602417
3934502346
4012016975
3937314064
2672568285
1399749190
843284379
3900809964
1587852297
51585154
4088912039
3373330568
1930677493
3216075902
94641267
1946135012
1493819041
839309882
2500826879
2264181504
162010381
2219484598
2763019339
3656814556
1533828153
3538537202
2927042647
2072491128
4154286117
2869102062
2010875683
3229758676
3497430225
2460144298
3840398511
3283348720
3289648701
1455385894
1443173627
1899657420
3625898089
2599735650
3699840007
4187960424
976781141
3875584862
1375231443
1219705796
4045899521
771663642
505822815
3693832928
3938653037
2338574486
938262955
368860604
3533639833
2981835730
2898441143
3866521688
3715639941
1193381070
3137708163
1780596404
1969212721
729896842
1258673167
3613009104
1923622045
1687080966
1389517403
3618324140
1301290185
730067522
1891958631
686581832
1957650869
1486649918
3368963891
572308900
3022151521
676455418
4035024319
2013207232
1500922317
374827894
1977671435
1568021404
2153051385
1247153330
1290336023
3684703288
3018925285
3530064814
803039715
4256381076
3509730705
2807516266
3193209711
748244144
3584060157
915710694
3875753915
3595302028
118528297
3992486690
3897137863
1022397480
2685432853
87861534
4085117075
162803588
3977406401
2167967962
1056546079
4284988064
2254020653
752711254
316976235
3906718076
312871257
66213266
482470519
2667362328
3198177093
1267722894
364569411
3266224756
1426447857
1415360842
2276188879
2255053968
2744443229
2726880710
1022358811
2744425068
2562213257
4153050114
2800543271
1470341128
1173599861
2040088574
1197425139
82940260
3004145697
4109020602
3899020415
3546106496
772091533
4071485750
793782731
1822779228
2208976313
566759026
3592785367
2961458168
1293789605
1297072494
2549484707
4237032532
1039314513
3704194602
2615407151
1673686128
522028989
2586024102
3941616251
4059902028
3802079721
963769570
1015472519
3606946792
4226885845
3731511006
634012499
357360452
3912370305
2610969242
2006957023
282577504
2568023277
2810240022
1467701035
424342844
427409945
3272554322
1592516919
3425615832
3137418245
241174606
3454461443
3938666036
2500898481
1188416266
2614407567
4288439376
382885405
723303302
4082913243
4026381868
282930761
2162611650
1693420775
1425446856
1671482165
4167554494
3692491955
943596836
1049731297
3918608250
595448639
2429499968
2618612557
2802726646
2210280587
2604954396
1714185849
3808415794
3370968215
3925093304
1877143141
1635303214
3135598435
3368845332
796385041
4105797610
3562414319
1357859888
3846923389
2133610086
3297510715
1208888332
2609539753
1998661282
134146119
2810608552
714775957
675923102
2744997395
1732073220
776366401
2935333978
3470301855
3896220192
2544433581
1762525654
410042859
453632252
1205484249
1490147602
1375770615
1036814232
3747272901
3042043406
1313450179
3458181620
2923446129
2762777802
1044398159
179512336
1897962205
3691663686
953641627
547787244
1186912009
2706958210
965538727
3768930184
175546357
1791501182
2713020275
2546104548
4285030817
403013946
143135231
1746201088
2019903501
2167946422
3857383243
1024671452
3902488377
3619508722
1677654871
934269816
2298540837
346258670
1667994147
775209940
2122436561
1894201770
2120945583
2615143408
753533245
2741945382
2526445563
473884620
580023145
1623595106
963751687
1313543016
3368866389
1486549598
3887540435
3141896900
3306129921
2901986842
191117663
491989472
3068249709
2672093078
679799979
567839932
3196547993
4009376466
2495614647
2207649624
4167908741
639992782
3248696195
411291060
3646197809
3483451018
3853422351
795714512
390043549
1393665798
2418099547
1498361260
2333949897
4070619458
1938102887
2054145864
926233781
645542206
1929026099
3208547492
1582555745
1376226042
3192197311
3505281472
1471575245
2397831798
2291567115
1708247708
2344015865
163615666
2786841111
158808888
3308763109
747633326
474510563
3095709588
3285221521
2467476330
1893908079
2891205552
3132710397
2225797606
1137687227
1917805452
678902825
1881197090
2141140423
722168616
860342037
2770198558
752335763
2368044676
1984785089
1198110682
3020068895
132020640
3950727981
937790806
444061547
561444988
1581345881
1867013266
2246722935
3981137688
2465751621
110813582
313749059
900706676
252551409
3916666954
3370098127
3045843856
770659421
3992108230
1006231579
2109180268
4005062793
3464383234
563609895
1645608712
2795276661
1094582014
3936783603
175267940
2215912225
693589178
729075583
52136320
2395496845
2649327670
1585501387
3913291356
2420060345
1120507250
1308846295
2399822584
289881253
788412526
809244579
3011283796
1478750545
1560014122
1115499823
2852940656
326728381
1621159846
1861727611
234856268
502842601
3740351458
1229421703
1569161960
2261482453
59936222
1841237587
412955204
3401583489
4027081114
259241695
3214772576
3929382893
3769627414
1091142187
3450151996
3351782681
2205957714
1144994871
2326552280
4223420165
3161587534
3963252995
1365464372
137064881
3554914826
3734203535
2764956496
2582630685
3396178566
1059142363
832546092
1112559945
1320262850
310749159
2539124424
3580665397
2429783230
1668890547
2501768228
1500062689
4021608058
4141305407
4133255488
844828237
1005637110
443146123
1528701468
4143204729
211310386
3665149847
3089713848
435126629
1638807086
2852551267
719064852
1413227025
2422400746
1241144303
2093501232
2078955389
890283366
2060349499
1930402572
869731753
2801233314
3307897671
3313457832
2685923477
699988894
1697456403
1500292612
187132993
3633630042
611816863
475027744
667987117
124000470
2935614699
2585989116
1541119449
2505433106
2927555319
729360024
1064889285
1835719950
3103273923
1465825524
1030619761
816942026
3716807503
3304301328
69085
3326224454
1549227419
3636953324
379910665
1291497090
3574468263
3656756872
6648565
2868566654
4164072051
989939684
2266162337
3068143674
2267843839
1651583232
388922125
3066155958
789686859
254537180
2157322809
2968312050
2318587479
882111096
1274054181
3395285998
1416076579
3932377812
2430145233
2936512682
2652523183
3427265264
4174115901
3216644902
2316561147
3846133452
1523717737
2180210530
3792194055
45281896
468526421
2370906462
2380395475
190044612
1078168833
4073649434
3117298783
3048663264
3641473389
3653369494
923342763
3132144572
993777305
3465888210
1667852727
1601285720
720261253
4282743502
2746005123
4083276980
3885323057
1637688714
1015237135
2646418128
3303213725
2133884422
375140443
2532252844
3161875145
1662615618
3086038375
2846828104
608634805
3849578558
2207442227
2547800996
1976657249
1352217082
53775295
3206125760
3523389389
471636342
3476567307
422148508
2917448441
965155506
1543154967
1946835512
3557444325
785609134
3122626531
2110936724
2797257617
4205451882
362609007
4934320
1323192573
2120044774
2139628987
1749996172
1135206185
3919909154
1319162055
1960987176
1460345365
1679496990
580748947
2853358980
852782529
4034322138
1446482719
3817945248
4071163437
1166648406
1811350123
588130172
1185468249
419062674
3250495607
1985345048
1255961925
398579854
2534930755
2435629172
4284572657
2288418634
843012303
1995072144
223725405
1392022470
2951727899
1339455596
1149537161
3939373570
3387890727
1178885640
4258356341
1442756094
2690242547
124727140
1315218977
1319107514
1370442367
1142278272
3080164493
968957750
3986522059
1289143644
3214939065
1881611378
244138967
2790031864
2667368357
348696430
636363427
820582996
4003542097
1963611178
1195534383
1083337328
48328125
2931443366
4260044923
3221098060
1595828201
399278818
2041845639
1003315688
1848757973
2748761310
505403731
1902739780
1805258369
1129089178
1081323999
3181332576
694571757
4168813078
2692984107
2264617788
518162457
507856210
3896416055
2145779160
3959642629
480245326
1039793155
1551852596
1032991921
2261621002
3044943759
1480286800
3189326877
1599760774
735192539
2805830700
2140107849
4258816962
3653747431
2943702472
163868981
3529196478
2840038067
2776220452
4186744545
45385082
425511231
3911563328
3702341965
2641323254
1023511179
1039388956
3062377593
3733773874
548051607
3139070392
1502090341
3254758702
2727576931
258448916
2169267473
3756543466
2311755503
1960659504
1502956157
1318124646
1744624443
1879902732
3723473065
103396514
2449612359
926169512
1042367381
38023838
992537619
1561851140
861171521
487584346
2135068831
463542304
4060372909
1616261078
3882817515
1513635580
615055577
1211492114
3047771639
1273087384
455278277
866112526
51560131
1092208628
451396977
4271010506
2097133135
158343696
2079162589
2182479686
1287864475
14970860
4267121929
1979217282
1983588775
2768375176
2229290485
4031353214
3105619315
1304172260
537487265
2123812666
3237808127
1711892480
369339917
2498194102
807687499
1077976284
1398605113
3463995378
3507663191
1647579512
1886132517
1010330350
4207912995
3842892244
930895313
3171157930
4092954031
1156311536
1471801149
463565350
3766310395
3158033868
2967320937
1853662818
2253055239
114741608
1671002197
4112736350
4101553875
685648068
2462289921
1870732314
3647221599
2505484256
2168663149
2866484630
326714027
3498371772
2025601433
3230419154
3367945399
1778994520
2767938437
1115779534
287457667
3938184116
3491894833
1366625418
4286842127
306749904
2878504349
1491817734
2508397403
2156596140
295405001
3975038786
3993587815
2796193096
1810160309
92905278
2862034995
2616601252
714795105
2483476730
1867515583
847304640
4166703821
770257014
4190494731
1736255644
383688185
1235853746
512067607
190413112
275308005
1228073134
3110243043
1033627028
2851145361
1310556522
1552102511
410929584
3255780349
2477500390
1244434619
2823438732
2292744745
3397736482
89025479
175450408
995781909
2989772318
2228179347
1350311044
1386705089
3965715930
3583544863
2189424544
3420633389
3318332246
3076664683
3718338172
4225512025
1896376978
2151611255
706516248
374114373
4010069902
1390969923
3307589492
1442916081
2704631370
1942688719
3129270672
1908947549
1100638918
1221703195
166815596
3390877321
3162102018
1341273895
4096703752
2073177973
668691710
410591987
3957849700
1107372321
3569656506
185976191
2253129600
3631400845
909424182
2359700171
2271835228
1103951545
434152306
3351453399
3863650552
641622693
1856972398
688663971
1691461972
829060945
2499066666
1513333551
391407984
492134589
4100955558
1204456315
4160257356
3591375593
1409534434
2110567047
1640972520
3794018773
792132574
3874268243
263311428
4223668609
91008922
3131026655
4208789344
2258830829
1591877910
636082219
894272060
1321790233
57298002
4209635895
2614861016
3151392005
2666130766
1931839235
4229395252
1699018673
3482550282
3499418255
165994832
3008280349
1508065414
1768886491
1087865644
4170880841
4267387586
1790303719
2370745544
816333877
754907838
1568789939
1498518052
1325148641
2458922106
990790719
1495988032
3406525517
998898678
2609198475
868581404
3571978105
3369952562
1267430807
3804727480
1588373349
4067238958
1418498147
1718562068
3869812753
1397339370
1137103343
690899248
2924232061
1001214822
1008158267
788953356
3386135465
79166370
512080199
3970242728
884381333
569076126
3583031059
1648313348
3603788353
3966179674
2402913183
3593328416
641995437
3823388374
1909474027
1263103484
3527566297
3782340114
394242295
2399560856
2723746245
2012269326
3701033411
2068895476
1991084145
2119129546
3433132367
3358105872
350614493
2139477574
3122342811
2298306284
768950281
2354199682
3440657575
835349640
3353811189
2863941758
2490452083
3220366820
4199279265
3744036410
1710850815
1658693376
2766463245
2343109046
2569207883
3226553308
2431641657
2690639602
3902704727
2962239608
645114917
3660374510
111391523
238317780
2724960465
182218410
805093551
4123781360
2041829949
656722214
1238548731
2436117708
1421171817
2523000162
3594092551
1253486696
3486632789
1152862
3413871059
65304516
3968832257
2467250970
438708831
2888984288
3750092653
2190486678
1842703787
1398086076
2802359449
887050194
1958748087
2472340568
2526312069
1608083662
3120811139
4002544308
3271219505
254342026
3736125455
2098208976
4216189085
1346513926
3180725851
102955692
3129780425
2035266
3318573927
1633805384
1041149365
4139472446
2550627123
3146512804
2897242977
2354085882
2996273599
455349952
4206824909
877774710
3091172107
1087166364
4137976057
2854758578
2646369047
3211040824
2857595109
3954073518
3390150115
3890312340
4252191121
4251773034
4120211311
3840755888
1145845501
882245350
1404894139
574730380
661857577
2193727266
1403520711
3687057448
271958037
4285105438
57482387
1885432708
96891841
2871340250
3794110751
3567957664
2804444205
681955926
2897827947
1093698940
2916848985
3883037074
1902859895
4171183128
625515333
4234397326
4129623875
3248152180
1122822641
2749386058
1031982799
1885036688
2336664925
702038470
3063914779
2617792108
2944455049
3011616770
1671516711
1540693000
1340015221
651437054
50621939
2816265572
2397678625
734349754
128467071
3116254848
559544973
54807862
3952793035
2297963356
1187371449
2952145522
698677719
1057275896
3607885221
2897321326
3918936227
1060517972
1350548049
750461482
726720047
508717168
2463454141
2713777318
4237686395
2783898700
2999823849
60231906
93408647
3213697000
312636629
364065502
2015719251
3816169284
2872185985
2791888538
771205087
1733740128
837531885
2212837398
2168193835
3365646652
2273005081
2733331282
742477111
3465362392
2603974661
3008357454
1002246659
539722292
2940451505
506816266
3755449743
2848612432
2844797469
705173382
2818046939
4000150060
3715217993
3225022914
1968175335
551818184
2048399157
280932798
807936179
2695192868
2310515937
256365434
199999295
913061440
762685261
2252378870
3858030731
747843356
2182345337
998894642
186142871
523282360
1499282021
1660328750
1878104931
536001556
3025201937
1518803946
669977839
2310752304
2853122173
1818602086
2803740987
2684086284
663025321
312623778
448091207
3587307432
3017271701
4172193950
3831792147
1491243780
630355265
3063562330
73172639
1006016032
4103062957
34495958
4263341547
1565957372
2494023385
3507090706
2214724599
3840344984
85664965
2858271246
4119581891
4127450612
2160020337
535314634
2087660623
4045217808
4209665757
781299014
1415517851
1628589548
3575603977
525186
2308530087
1884212104
4185517045
1245380478
976393075
2175120612
1171942817
1217928506
639761919
1223550464
4090631181
184981686
437103435
2136865500
1766771513
2527292914
2161534807
262688632
2651275045
339564782
669236771
1440153556
27712465
143709610
36699055
3471304688
2394541373
1380196390
1981033467
1411949516
1985544041
1772303458
2178161415
3193081704
2425757269
505138782
3270137043
2355545796
2108134913
3447286298
739517791
3930727904
601133677
3504423830
4129134763
857819324
4129357721
2609796818
393050807
3412888408
800688517
3343736782
1313953667
4007922100
4028603441
179886730
2315877135
3457392592
3826607005
3577021190
1049948507
397863340
3880373193
212587842
4013786727
3386196808
3401875637
688459070
4226008627
3869100196
739372641
2843092730
2097872063
1761826240
154091725
2673237622
3131389451
2501412508
2100716537
3405950898
2308914711
2150348600
3519677413
2252723886
2620170467
1822622612
3510733969
2023247722
2429790831
1436043184
93661693
3508295142
1278830267
3325370252
1342818345
2186929698
3920470471
3637438248
94180117
3149577246
1316415379
4190288516
2083616449
2630243290
736003103
3390141856
3027902253
3726502230
4227629931
1035711612
2359752793
3963123858
1162064247
3520975640
2815471173
2950610318
818780739
1988881780
4129598705
6763594
1063684559
2288902032
2312183901
2075269318
2841218075
4128982380
615576713
1071998722
3036441895
1832352520
2864174453
3270040318
268155123
726506596
1696476961
3282170042
4150705023
3463218560
3259837837
284156982
3128656075
1099092572
4270505145
2724704626
3828536535
2692407032
3781527717
1053824110
395068323
2954282836
2078342481
2891811114
1788483887
1166829424
2472625853
648956838
3427623291
3118553932
626479337
2525386722
3238127751
1158086376
799852501
3343608286
2177514067
3702943300
2851084161
2520841626
1249616607
4077684064
1530948589
3615772438
1652174379
820371516
4177113369
1825069650
742697015
133880536
3122696965
3385973582
1203805443
3099300148
1267629489
3803401738
2470860943
669769552
3504184605
1070132870
2540496603
2684313900
1578425673
3010771138
2845184999
1513452232
370403893
3986319550
3510266803
1802842148
3653185505
3906697850
1005926975
1894348096
871094861
3985844726
3427830667
408739356
3993752953
2794615602
256977815
1616234168
2040122725
2208043566
2764220003
737299220
440741393
1705018090
3863169007
2256815920
2094932861
1354367334
1494228027
3001898764
654416297
2682816930
915468103
3803895464
3951377557
4136490910
396643603
822206980
1336113217
3953747802
2393604511
1023104288
2363979949
718566614
1012308203
2153761788
2614700505
2264792082
2872073975
1032037016
1936275397
988199182
4259995587
2704471284
1763511921
1398613962
1013507919
1951244048
1576720861
4281959494
3415146907
2032352492
607487497
1092209282
1539996327
1351559816
1234747125
1054717566
1516232307
2194965476
850718881
719504442
2977331455
138028288
852182797
2197827510
1659131467
1835444700
209301049
558036210
1236943447
1870425720
119984677
1516883950
244304163
2884996820
2234392273
639712426
445593263
3225413360
3335241789
218068774
356620027
4112061132
1170776681
1480620898
958051847
1370123880
3588649301
3208775006
2328174547
2992969156
1980471553
2394919194
3207471199
1067312352
2117027181
97409686
1548862379
1609136060
2516935321
1687772626
1623643575
37235288
2691341445
3906819790
2114642563
3685882036
2274385713
3022307722
2978887183
4115865296
2515064477
1472453126
3363822683
2772883628
3352489673
2190777410
442081639
3489964616
1107710901
208847934
2251034931
220960676
3636425057
1534578170
2125100991
203330752
1403745229
3740726646
2968969483
1415591324
3667150585
473511602
2452494615
1034868280
3066861285
2298039726
3753094115
3152056980
1432080273
798996074
3728598383
1518290608
904535293
3644763366
