2200979521
4105172826
2975912351
235955488
525945005
1132201174
1345906923
2126371836
2432694745
3235286034
4103057143
3241849496
2752841669
2021673230
1578545091
4216521972
1394466417
3628578762
2175940431
4276530960
4095781341
332870
21320091
2806336748
2656065033
1935039106
440257191
3192535688
4101541621
1763395198
383790707
87593956
1076478113
3031520314
240371967
3176609024
2309297933
82821046
2137957963
3427580380
411598393
4108551410
306287191
1480294008
2302321189
709582830
2355370275
2006818516
1662447313
2111032490
3288368815
1356920560
3680079933
3910338342
497018619
3317899980
818639465
3057978210
3770025479
2255322728
3425583445
768054622
1861054419
676406724
292055297
3176538394
708014175
2630022368
2372998509
1426451094
2508460971
592938940
3975951001
1979837906
4235601335
2482977368
3890637957
788981454
2911318659
2632067252
224472881
43995530
2468840975
1341927120
484353693
1931438598
3079023707
477685932
1472052937
2959158338
4280086887
265269832
4155909045
2738902078
637296947
4204767140
3053732193
1389780474
3419916223
3578504384
257246157
1601602934
449917195
2153137564
2960332537
258590386
1426417943
3162367544
934307557
694869422
1423440867
4137198228
924098449
2564965994
3422500207
1127241392
591916285
2548186342
3444580795
2782830220
2604612393
3672292642
3981085895
2154354216
883439125
4198335262
90505875
3315341700
3105180097
359271130
1712901919
1273578656
2146017837
1811517526
61734507
1539371900
1359293273
1750273938
3922156663
1437565464
4231041349
1479492750
28210499
205065332
2437496817
3470043978
4150236367
762670736
3844957021
1829994438
3377841947
3630974060
3479693193
2332147202
1326897191
976284168
1285322869
4285997566
3263124467
3468589924
1907589665
21571514
399410815
2710819968
3687198861
3729197878
2960292811
2853146972
147484601
66439282
3029598167
529272312
3305040805
2517375854
526556835
1631282772
2568425553
2393800746
1243653167
3452139120
3844540861
611005094
2179931259
2795100748
340771817
4059442914
4099527559
3676302824
355134165
463810782
4272117075
1467927876
49736321
1856746650
2882596319
860050528
2877484781
907474454
3983976747
3686407996
1574626329
1099559250
3678622519
369854936
766735877
1505321550
88897539
1964486708
2543194289
514311434
2769970063
2668785232
835510301
195122566
963912155
2128568364
3591295049
486019010
3639312103
1026417096
1877708085
1400876990
1193871027
2639597348
1542947553
298430842
2566391103
435143744
62381389
253841654
4078077579
3711474972
575572089
1548192306
2947372695
1898313144
3722850405
3052345646
4140040547
3276139028
2715697425
553155050
2502218479
3629798960
1706485373
2356013158
2654787387
1270142476
3434941609
4114571426
