3644343163
165336396
2241757929
3121603042
3589925511
1483413736
2552109525
1035506654
504454227
1977559108
3575482753
83609498
276030687
1559486304
3017539053
2509682966
3114635307
2032523836
2346017561
3436995666
54864439
3637343448
1211000069
70354254
4132978435
3539651380
2078306225
2672334858
3696695951
2098313552
2191896349
3223181446
3405301979
203807532
447024969
2628993730
3871282663
4262890696
2732473397
2995557054
1749192115
2792024612
3931480545
3555411066
809401407
2062405440
1006660685
3402273782
1985801611
1007278108
326141817
228293938
3737300375
3571802296
2789252965
3250633774
39536739
2403239188
775954449
130731242
904202735
4144439600
2690594173
1299442534
465370683
2311115020
1012583337
559682466
1282076999
228126888
556306069
3297051038
569208595
742693892
3525503553
1972253018
1908786079
2912726816
1492454061
833674966
3250846443
1845085692
1883691993
1736181266
1133699319
3964681368
3811117509
3612369678
2734948803
202125044
222363761
2644275658
1931192655
1722644752
666168285
584609350
3319587739
1227077356
3470243849
1833063554
987069607
954877064
3969192181
274325630
2422866035
2632203748
4087177889
3055324730
2212608767
3858267904
391239949
4261517750
2352134219
1399694300
3966787641
766902002
3146630231
788924536
2659165221
4019747310
3551161123
484165844
2784694481
452298410
1490221231
3673997552
2873020989
1107517734
800094459
2361822412
36951145
2174616930
299284487
1845659752
3938173781
3468898142
3843047891
2311180228
2178747137
3184417562
3244974687
3505995488
263116653
2138358934
838935979
2900193724
503649433
2407622610
4236990391
3909010520
2212261509
1364263118
2074510467
2435142324
1367757105
2517502858
1474492431
518846672
1234495645
3366765574
730840667
320950956
1384587465
1000810050
1564910439
3604593736
221554101
3564695102
1027093299
2153075108
2079974241
282826746
825735615
3616992960
1722025421
566386550
2072462091
3066113948
3877435641
2551595186
3898841879
2721214520
1255631077
3744593838
1850756579
878759060
888848785
2166227050
2367924079
3111526576
2907647741
4035745510
4157780923
380373132
2280234281
1419097890
3573366471
3647463464
1368897557
2452823326
2721698963
169264004
2903239617
2407285978
2250359071
516525728
3435750445
1822583382
2635927659
697359740
1976569177
783059346
2364444279
513346584
3070792517
401825422
1795147587
3456513652
1097884145
2858247498
3245147855
3985651856
218473821
257612230
1053907227
1306439276
3061008777
1637988354
1557301799
396686344
3246193269
346668030
158148083
2893948260
2888508449
1978163642
520124543
2273910400
2125918861
63759670
924487115
969177948
1144410553
377242226
604254679
1579849720
2550656421
374158702
487387299
562925652
872362577
1006909994
1771509295
3123921008
726682557
2530184358
384020091
3945874508
1044129257
3556976866
77497735
1871247336
1920756949
76860126
1412048723
3909318468
3698297985
1549266586
111927263
2932711008
1157935341
2801389590
1440201515
2547255612
409454105
4005391186
326927671
2631865304
3379394565
2432138318
466602499
4000242228
2512335537
3158998794
2793002383
3663149136
1455890973
346206086
39957467
2635844140
3411817033
4176611778
137965799
4211862472
2251165493
2796308926
1338562739
1025423652
1827742945
922938234
4093376319
3985575488
1951047501
836840182
1907136651
1882687260
75262585
849871922
3979315351
1387167672
852570725
3668587310
3936375651
4028765204
3150471953
224932842
1156400367
3304333360
1778526333
848052838
4020463931
2383822860
1441492649
4188428962
3480915015
270913448
707387797
3685234846
3047242259
575138564
1489497409
1445025882
1237892767
1489333792
3978345901
2621109718
1861297643
1801909500
1720467161
963906834
1861565431
865131416
3351977157
3793574414
4174810307
3726589428
3341992817
1838504138
3184092239
2902587408
3415826141
3057927494
956354203
1687725548
570546953
3679984514
3996817319
1087284104
2550653941
541103998
722160499
234294500
1728832929
1709913402
384447999
3244867072
471796749
4190056630
2650628939
2916766428
3903800121
911836658
2191892311
796796792
2280863525
839446766
2714400291
1809733588
2769703889
1997139370
904278959
2172174320
1847903549
2172827686
2765218811
1125841868
3216471913
2134854754
609309447
1526622056
358618709
2368562782
1096748243
1906581188
718605825
1855488538
372792671
3027303904
4192045677
2049301398
3140047019
3624509628
2164094873
948989650
1041806007
1919837016
2128707973
4045731790
752095107
1222074804
243995697
536736394
2115744527
3981473744
3493616541
2449447686
1701751131
3356836268
186926025
2727603522
1570160231
1756175176
4090132661
3609634110
1978957363
3133612196
54224481
3563142906
2928358591
2060856768
183777485
1764161142
4006407691
107798172
1905187833
726714290
3810948631
1683590968
3291347941
3794366126
3444267235
545414036
2292778129
3131664234
323084911
1468080048
4235731453
24309222
422518459
234846092
744505385
3733847586
2984434119
2949824296
2430536469
1323586590
841195411
1389892228
458682049
1467837402
4072324127
428887456
1610290989
779780438
3443538795
3514567804
1216049241
3587346578
3752257911
2838997784
2070980165
1674466702
2726842947
2589410676
1686643953
4114893898
506511823
3808606096
2305824861
93630662
3396027419
2874252652
2541972617
2825223938
1695393063
2993115912
1446366581
3776869118
3410260211
2672751716
1782556449
337971386
2711548799
1368874368
2508858765
1306033206
1457207499
1303325276
3755685049
3679308146
3446803671
553694968
3561062565
1892396142
3085106083
1506680660
3208672593
3657867562
1941983535
1858944880
2579250877
4028425126
4017822075
2994975564
212191465
1364357090
3874431111
778229480
3110518741
378339806
2192503379
27510340
3004010369
2190480794
638573279
2682477920
3560530925
1727588118
4160087595
192821308
1573267737
3136975442
1918885943
3886854872
171477765
2681828174
78861571
4267632948
2179593649
3475531274
2496172175
2514007888
3690239261
784565894
1790353115
2987243820
2547995977
109891778
3546237927
498944712
1007280693
333971646
2243634099
3612248100
2228791265
1995870842
2531619391
1030507840
3500200525
898875894
2296923019
392246812
877940089
3490745138
3225969559
1429446328
1693304165
598714926
1817271907
595698452
1637656081
2531367658
2921431023
2937921328
2326862717
1262524774
2322977851
3026693900
2437419433
3511460258
4063635271
3060706984
1807168661
2582081438
3988849939
2043099652
985198657
563117914
3069688223
522857760
3411570861
2439056598
1309298923
4191167484
563978713
1372066834
3573782263
4253907608
939077573
3406188814
3189053379
1622035700
3748693617
1332363210
2560827215
3448928016
1820971485
3947633734
152091035
1074369772
2633498121
2529813122
927707815
1785660040
3792090869
88297086
3222836851
1048959972
4224084129
244702266
4112429311
4128570624
2432188173
1847117750
4155772491
3074621916
800728633
1398344946
4201216599
2964473464
3807562277
9791470
3042345251
1230825172
1216190161
1929008298
3643109039
3224420080
3558258749
3500019494
215961339
1466657484
2869369449
406623074
3262639623
3887482472
1150314837
1320394078
3994671059
1996647876
3138982145
641640730
1815238751
790936800
2048408941
3681743510
2721938347
3492925372
3032603289
3288036818
2790395319
2056913496
3513947269
3407146702
4184709763
1829073076
3051083569
3620329866
2692771343
300938960
2683293341
3639505414
674862171
2030383276
4153239241
4074550338
3750943079
406616648
1156336565
183524414
1427949875
1890906020
935913825
2898454010
3809128383
4082199744
1800432589
86478198
3590232331
1091866012
1389149945
1860652722
2056605975
2738662968
2064682725
3443320238
498230243
1461709460
212027281
2953891434
3414957423
164110000
984421629
4260709606
1501006267
2672748172
178447145
2682406178
108295367
570007080
2696044053
1790020382
3195628179
1964335492
4243452353
1113232090
3430922015
663948448
3577268781
854497366
2270127723
2187541372
4159886169
4216625042
1158366327
2928822808
1667545413
1170558094
2709314883
2401522804
4260095985
2315727690
3810557135
2863740560
2598800221
1433044934
183578395
1086360684
3093270409
1954891266
3673473063
1726329352
561684597
984558078
3750214643
3382428516
1637886497
3812470714
1198091903
1826724992
3026802829
3363836726
378004427
2291521884
3729528761
3967504498
4287358935
1553126904
436671397
258351982
4028958371
2559225428
114145361
1340409898
471174191
3013820016
1127494077
285620902
318669947
1339171404
551250921
2717759202
753646471
2230892008
2631733973
3818993886
1503640915
2948601156
2297926273
3886300314
513791455
540351584
2440697581
1167326742
1342181675
3290720060
2347797529
2710796626
3488561975
2838909400
982490629
2698472014
1627578371
4073388084
1885386929
1206013194
1464028047
2677421648
1110312989
2122341766
3019344347
989571116
2955835465
897816514
4163987175
1445636552
4101092661
1782560702
3122228915
1694127908
1644964577
63322490
3371887935
1518701632
2164458829
1172461814
1812983435
562488604
3539480697
1440027186
135085719
3430202808
1821792357
215032110
929982819
425538068
1337780497
339149290
562150127
2776768048
845942397
126939238
2620669755
3971292684
510702761
407824546
1688060487
4034104744
365987733
1866639006
2051854355
583174404
2817913665
1205577306
1767027871
4039830560
597435309
2166563798
252673003
154489596
3514500313
544742162
633205239
977672600
1672692421
34293774
2730468035
2209962996
2247772529
3004901066
3014187599
3093231120
981877981
837808966
3859588251
3413541868
1874469129
261597570
3322465703
2781569416
4203842037
794953086
4287750515
512797412
3788303265
538739514
3464440831
1945975808
2782753293
3406716598
1230420299
1604825308
4052814137
4105475058
3537458519
2728551800
3749600549
3409829614
3192818723
2773972436
3224426961
2126953386
4069566895
2267332080
219458365
2673174054
400079355
3115833804
4095917417
3163937378
2622130439
69870952
2823601237
2203440222
2604704467
2312944836
1655247873
1421922330
1935168351
823426016
3227447405
324798870
2537399979
2237005500
3914481049
2713877714
3845613751
4051804504
2878318469
1327556046
2440242563
3987701684
2004392497
762429578
1863395599
2093708752
3903799709
226052358
602963803
368123820
1203931593
2625731394
2470114407
3582449992
815406773
3755348798
2326860851
2451488420
1235381345
167808250
2125867711
822651840
3082329805
1707353206
3776726027
1454914716
3134628345
3537491378
1588603927
1323027768
2675909093
275537070
260402915
3359209876
4041837201
3511956842
1711429743
3226148272
2548959229
1444125670
1756099771
3130676620
1387365929
143821858
2192707527
534543656
2970726677
1436205598
4147852691
1624158340
2177955009
3222518234
3278942751
953273248
1552055597
3925782358
2068484459
742812284
3023451737
254975634
1830526839
514386200
2665794629
769147790
400386115
2624414580
1033612017
3634764362
3225171919
882619792
1902706269
1859935942
2959284763
4264262508
1225241225
906038530
1854397223
622858504
1397453685
2438717694
