1552212421
2970245902
38115779
3706775284
3257817201
4139379146
1869267279
306295056
1686881245
3956368966
1699838875
2929684204
963645449
571395202
2567410855
1325759624
1548151029
2960251006
1987156083
701953508
3376462497
1014498874
2153173759
3078272768
356430093
1494782390
2335002699
4139211740
2390669369
3078649586
514186327
684671096
4060576805
1703834094
167248675
2707194068
2715052241
370081450
4142796975
99416304
130132541
783833382
2276528379
425608396
2436377705
400981346
1263849479
4009345128
1872337749
169289566
2502154707
558925764
158098177
1428542234
44792415
1758951136
3360141165
3712466070
1015528875
2923637180
2944363673
1237835730
1039101879
1956904024
3884992133
562231502
788536451
927074996
709601585
3508765578
2647265295
389624016
3150168221
1461566470
2719766107
4107602604
1542944969
292265538
940620647
3500995656
1564376501
3909674558
3713518387
276826532
3413457761
3610185722
1027920319
64038592
1340661197
2152814454
2006571787
3292719004
1040404729
1624815794
1309913879
1303619640
4105650405
3349147566
1152771555
1780057236
2158762385
2586802282
2161557359
3441318064
724174589
2662960870
4075506619
2071707788
1640363305
3352702754
387143367
1511462952
583897109
3187610910
1483041939
2161998724
3664987073
2731261146
3808090399
2908735136
1555708973
3387777622
1891346539
4046361980
1747084633
3823829394
1558881911
2012627992
3709102917
3600635534
175202115
22736500
2517481969
1063968074
1760304847
1788113040
2358017373
1531171270
611709211
1674208876
3065749897
3495833602
3426001447
758131720
3386823285
2511451134
4221877747
4158709092
3447618593
4097038778
1386582143
1182488192
726911629
1574165814
3359974859
1769878364
2817829305
2520169074
2756463063
4083404792
1883227557
1764961646
730499235
3229501524
663259729
3943543338
3403820591
4002642032
2726503357
4269048998
1293174395
3761830988
3136323049
2621153506
1733074311
670052328
1745503445
416858846
2825764691
4144115524
128902273
1671390874
2535258079
1813763680
2219673837
4223453206
2324583211
3718889788
3281133081
385082194
2316344631
4227091416
2312196101
907637838
1062822403
1727762996
3191114417
592443146
3348163983
336818256
3148216861
369338246
4011740123
2671739436
444369481
2024178114
607340775
1682908104
518514485
2351710654
739799219
4223234340
3088874721
3846595450
1731792703
2000242240
3158275917
2137006838
804204683
2049523484
3440558713
3780803634
2685378711
161462200
291572325
2416454446
3375754083
2957691924
2938747665
3395922922
735075567
1376540720
2995585149
1269381734
4176216379
3411408908
3447178921
2396443298
1791009863
944048040
470792597
3496226974
1073533459
2139005700
3655288129
3378565210
634508959
2093721120
3015808429
3765824982
