1569384599
3482476472
899912293
832115502
1644278627
743699476
2307965713
3067417578
548709615
3193176112
656443517
1196892774
3006318907
813965324
1019203241
2964273826
2217602119
360820648
3943973269
1775179934
1255840275
4067543812
2049461569
3460708442
4108852895
3919400480
727129517
3476936150
190219755
550294780
335060697
2520050962
3724581879
3211049880
751664325
1434204686
2179460291
541138420
2183865201
1114781898
1849738319
2471614480
820494045
1971266886
1144925851
3405153772
2617654025
735116162
228456359
3508175752
119686133
2799138686
4260670323
537980132
2174502305
2776634682
2193200639
993041920
3464850445
858919094
772981579
3811586780
3041633081
1217029618
3361800023
3259107192
3878000421
2044186862
2492192291
737163220
1698608081
2941701546
2467140527
1287167984
329459005
2737674278
1337934843
3848854476
3840661353
2703764578
2254746375
1849313128
3400169045
3291760222
2851630291
1034813124
1452633601
2912772634
448249183
254336480
3094604397
1913174934
2532225195
89096380
2227820441
942755538
847516343
69354328
1883496837
3311654862
3779424131
4275650996
3957552177
4089107082
1609765647
2508216272
1307229085
3457841926
135006555
508764588
4085818313
3454848322
3663339111
4141415240
2269436085
1990034750
3426606643
3099656356
1479263841
1255546618
599430335
2927496640
1840945357
3615086198
1849839115
2745351836
3297459193
1348577202
1581372951
3976032056
3753925605
4208479918
2607593699
1148468116
2603705489
1641432938
1372144239
3567321008
3931537917
268291558
192708283
2418890636
4025786409
1263984162
559299015
2968428328
2592697109
248198174
3458006931
4207014532
2977386177
1029852122
2962889759
505949600
4277237549
3409797462
1214618475
1453452412
44552281
1481863314
3111274871
550210328
1496516165
2028811662
3797529155
2755208564
3292562673
2816552010
2439520719
756193168
2138994781
2660208838
1684579355
3513744748
1313328265
2392743682
2670789927
510866184
1846553973
2037732094
82694387
1764283492
1502611233
2709121210
2150519679
522141056
145786253
3507182646
632330443
851774044
423072953
4080970098
3723324631
2139395832
204726437
979012718
3244579747
3248488276
2217268561
3490939178
4087853359
2110594928
804953789
3414672294
2301131131
4103181132
3466209513
3908784098
3284304007
4250842856
2003902421
1062461918
2986889811
1701684804
328068993
4015322522
4249828063
777731424
3012543469
2291910422
1920681515
3364100156
777160985
2690339410
2441822263
622891736
878373637
3587724110
803517699
1008781620
3288487345
1084573194
4183814287
1640535888
2858611997
77489798
1544814299
2282461484
2097395017
2275782850
719498215
1202268872
943997493
2233393342
46433203
1292396580
1854474209
4213928570
1054134847
2228497728
3022467661
2913378806
119382923
609687068
3020991865
3135335218
3324232599
1771536056
423634277
2115930670
288538211
2939388692
954533393
3150871274
3479756783
805109552
693074813
3549133158
730018875
2522189580
2979819945
1943372194
2624161607
860524200
1042388117
193875870
276456723
2037455364
3315159105
4113915738
127343007
394399008
1259262125
400813270
670019819
3468035068
1753874905
2047407122
2576283383
3772865176
242978757
31797518
883324867
2991598836
1676207729
1606885322
1318747983
4217526032
1935159773
3724999750
2983074203
2783409388
276585993
2462237314
204411559
842719880
580982517
794439294
3766613619
1075821540
1071040673
1772796986
3329102079
2539445504
1155440397
3138103222
2236182091
3424182748
1440122425
4043959538
1436867159
1526081144
1940204069
3420735470
1436016931
3639527124
2451961553
2798073002
4224503471
2465242864
3675592765
3855150886
357347067
3107539660
2310765161
2779083618
2584432135
4067567208
2337982805
3912924510
1681078227
4069281220
3495522561
1086556442
2519840863
1901894880
4197358957
2799030934
998431659
2633478076
3524147865
253515218
1883073975
3821920856
3025466501
3805531854
459209347
2995212468
3702798129
1728493962
131583503
2174736080
1058942621
3364442630
3898012763
1321406636
1500628681
1236636738
2446735719
1575508552
702983093
3454483518
2028349747
3727609764
909724001
3199714810
1035603903
3464056000
1335282637
117075318
3539204363
1036676508
2135498489
2675453618
2335224087
3277884984
1210248933
3916154286
424920035
3398552212
682338193
3535646314
1335065967
241696432
168523005
2147493094
692382139
1627178636
129450793
4163577122
1801966791
2593488424
3151805973
236481310
3891448467
1283408260
4237185473
2210362074
803149599
2477452448
3048155693
590444630
1073006187
654908284
1268724569
1230337938
1951835255
2108041752
2997295429
509881486
3469622595
2827367540
656689137
2015630154
1540873423
1010898576
846523229
568682438
1114541851
1717464172
1755574153
104736258
3398967335
175215112
181731445
1988495870
1722883059
2197136228
2054195745
2350026682
2339950207
1642691712
688896141
1597174582
3806151627
1294711132
1898477497
2414620786
629622743
3533092344
2205774757
1551172462
2804311715
3487338068
1429608529
1097984042
1635576879
3391299184
988975549
3757120166
170648699
1365246540
2622475241
2770769634
2134842247
1265931752
3966202581
1877481694
2524519763
3272209732
3539464833
803806362
459224543
2519530592
844134125
985062934
2282058027
548030268
1979509785
3530840402
3298466615
3190436312
1446116869
441862734
4189339651
3222067252
4227406001
1960783114
1096461199
856036944
840722461
131808646
3268733403
2423883820
248698953
3793516482
2234828519
932612552
1110185269
4277573566
77778611
1244935972
4114385633
595270010
1449807167
1231907904
3859375437
1366636790
1740983947
2382152988
741642361
1277555250
2741542551
2019073464
3530078309
1790968110
164612451
4103016980
814041361
3030639082
2286492399
2917269040
2995416701
56348774
448896827
237174284
2017793193
2790770850
72426055
3838799272
4189775765
3295250078
713437203
1374447876
2622903105
1996523098
1601311903
1352846368
3839001517
1529218006
645192683
4254806780
2984731865
339278610
1070158327
1964636568
2880807621
4234815502
114361027
3839572980
3555895665
4277667530
1864383055
766432784
3805586653
1479201606
743048347
819225580
3703472393
3071314306
1349266855
2769764744
212593141
4244170110
1836794227
262834916
1331514273
2528207674
89033727
1019550720
1531171341
729890486
3563854155
1409126620
1898801465
501576690
1133819223
1684424056
2712714533
437042926
202370083
74012116
2472098257
2920520618
3669494191
1633983984
1972570941
2818590246
2110134779
3674585548
2354519401
3044981346
3915245831
107349352
2157386837
2170336350
517604051
3035012292
1634300929
1254469658
3268916063
1523342304
32854125
2990467478
3993175723
4053524156
538877337
946035922
2225260727
842367320
2146568069
2858403278
551847299
3266404276
3889232433
2016321674
1541966095
3019593168
2841485725
2962499846
26074971
1798242220
589752777
517626690
2063488103
3534993736
1729396405
3326931774
2080011315
1863884452
4052929633
3077926138
3202714303
3014691776
494862029
4212589686
1536271371
3001949340
3235054073
250262962
80448535
109030712
504463845
807091374
950456035
2334874004
376564369
1870730602
797554799
1282080176
1221355517
1268677606
368661691
3150460300
2303059497
1281059874
3710218183
267935016
3720089877
3699483166
2922681747
1740148868
3941684417
1559796186
3427799583
208251808
2121850157
767659862
1903161707
4033628796
2707592793
682851986
4058447735
1161611544
1604791365
3388416910
850315331
3310306164
810814193
37943882
1047762895
229348752
2859949661
1859600070
2237692443
592010092
4073460361
1933176066
329988903
2879752
237359989
1890763006
3403704051
3292426852
77401377
394737338
1777289599
3857693568
2172316557
2381744694
4025872075
2123262044
1541757625
3908417394
2781684439
2388972792
877332133
850098798
3662967203
3566542164
311384913
4205596458
494806831
2528451952
2968945853
737571238
2249936763
1948938572
3755044585
2762857954
1315419783
558265576
770295253
3415756766
3545622611
2787263556
3249403265
525943706
3264950495
2101001056
253569517
2070803734
58432555
2915857980
3597881113
2397659218
2790651447
3186610392
2543128837
3236970830
3874474755
410314548
1715198897
2129990666
226584207
1115657552
3403799325
2964591750
3129070811
4242765612
476969801
3455008450
3912425959
759163080
2124408885
3521793726
3035437491
719062564
1899761121
145145978
2905327679
3410144064
2616694861
1910493174
1146681739
1251898396
1126462329
902199602
2774104471
3956653240
2434616165
1736276014
4225291363
3966148884
2691795985
290801898
4216673775
671284528
4073808253
1187522406
820775483
2280418572
3233396649
3090550690
1810152775
437275816
1306540693
73448862
1224604435
1810085892
777999937
3282546010
2893615007
2231339808
681719469
151263958
3068528363
2642174460
537970649
3569680914
2158996727
1812895896
880522693
3037404942
2825358787
2816625396
38300785
2416242122
2144466255
439833872
2942113757
1407887942
1672605595
1539134188
818717705
146428034
2320844967
430940296
4114791669
2142477438
1424002163
2125552100
3761229473
2626947642
4015720191
459889408
1102382349
4103263670
3413820491
1792950236
928009273
1058863858
1110478935
3465700472
2705870885
3562092014
1744041763
2657084628
2564324561
893125290
3754902703
2819923184
320667197
1507040550
959153403
986589388
482263145
1085538658
610042887
2585125992
3663687509
4238011230
2313997779
1958538180
969242369
1000593178
1353297503
3145210592
4291298157
71565462
1584345515
4080799164
2667249817
604398546
531899319
3747160152
52107909
2349317326
2715160707
525823668
1027194161
2536671114
203768847
479384784
3165197469
4131061766
61917787
1670835884
2158496969
3176866370
1171418983
1161500744
1859015093
3486427710
2239414067
1535012260
3124252513
2769228794
1463616959
1310968512
124989901
600808310
3088797451
4077767580
3106465017
247020722
2064803607
2790968376
2441876709
1055306670
2842024419
1983965332
2491690385
2820701290
2712400751
2125069488
3600374525
3805860582
2174336955
2425332876
2761984297
3085415202
646908615
18299944
807887893
3926317342
3504496787
1013833604
2896189377
957202650
904727839
2019846816
2303627309
1525524054
2362907755
2731243900
871496025
1718453650
3793967735
1737451544
2419277637
3953531534
3187364675
3935588980
265276913
3057508682
3912979151
2438075536
394645853
4117042630
3711853851
4163914348
482358665
1167176706
711611943
4020391944
2818745973
3623581694
3782980083
486752612
672501793
3017268666
3415327871
2603743872
1106386573
3444973878
4244281803
3068991324
158219705
1851473522
247397847
2733569016
1319672229
754839918
183401635
3217665108
3962871377
1807922730
3618333231
3548585072
3255203773
530040998
2901850747
1290854476
3374256617
1469129954
3778826631
1859408872
1811421397
3261368030
413053779
4273378116
263190657
765815450
2734894047
3548674656
2046156013
3133213718
2497562411
1609213244
2142614041
1169844050
3871166775
342978520
679748613
967194702
2811713027
895022644
852139697
3471244042
232006031
2150962256
2763214365
1864952710
4078616539
3175704108
3587513929
3139306946
115145959
413485000
497007413
1845102014
3282265267
3741308196
310874337
447637370
4078519103
4199803456
99732301
2129028854
1289266315
1245455132
685790841
3888316466
2079741079
3020872632
2237521509
3830902574
2538463075
2260348948
3098136337
1105375210
3633156335
2388655152
438588541
231767654
503477563
4088519692
3136969385
426792610
2200197191
3272420264
1787923861
997455006
467781139
3075933956
2880723265
1261098074
2662075039
2761443872
1182656941
2440966614
2302882283
2656669948
3808832217
732760338
205654007
3049207704
3637364933
2613581326
3379173571
3949287924
518664049
2196624586
816820303
2969293840
150047453
1095139654
134601371
379732460
1017562889
4156561282
1776968615
2147745672
207982581
663376766
1186060147
2100570340
575558049
3948065082
882082303
592026112
674379789
2252369078
443903819
12250844
3628019513
3299901938
24669015
2306507640
2724979493
1790029038
423887395
2530374612
3533946833
2889902506
3138551727
1459657712
3820155197
1799549990
4152160251
3365050316
1794270057
3074771042
4211547911
2642527080
3367223893
3405062750
1433114835
571423428
2305653249
2203975194
4020742495
2204096992
598128237
216340374
1019698347
2446867644
2124637081
1107651282
4050747063
3677929304
1842359685
4157322190
1312004995
3094969780
216956977
873623178
3364749071
2875610064
2835384221
159241990
2663363931
670752172
2717200329
2503469378
2723318375
2776528712
1897145525
1517052222
1164380723
2472557732
3223966305
4152670970
3066069183
2379418048
1030972621
4045681270
2559638027
3995695772
2555037689
249807794
2651144727
2465327928
3532826597
2244881070
462480611
2077390740
3538055313
3969639274
1442459247
2502228912
3815919101
3048155622
472263355
3478328204
2311531561
2865756706
4154762695
1576147752
3810440981
2796032030
4294716307
3130994308
1906006721
2281629658
481691679
3348834720
103826221
448118102
1110067051
774285436
860707929
1921223826
4111185271
3567126296
1951093317
4084273550
548658755
139813236
4120350961
68470858
204410319
3073676176
2845852765
630123718
4194848795
3574806892
377510025
3980753666
3201659175
3369381640
141261173
476065534
1518533875
2101612644
349836065
3506734266
1616920447
1907374464
2591379853
2370943030
3119203531
3863463516
2848137401
2417804658
274520279
3478264
43134117
3144444014
3908339619
2172271444
304472401
78978346
1074044207
1888295792
2653055677
718610342
784213371
3417526092
2285417705
768633826
3887918215
605958888
3599920085
3293363678
374570579
3167150660
3976067969
3402469786
1821845215
2299148640
2732232685
1756373782
3962303019
654627900
2713982233
1726443090
902868023
2981039832
956249861
4101517134
3953844483
112788788
2443534769
3568624138
4065516687
3693515600
4019241245
3006907014
480226011
3249231148
1795703113
430492866
2385713127
3922110152
1328254517
1126546622
3771051955
1453302820
153031649
3381792378
3627204159
3332450624
1408761421
3901292022
826560395
2094387740
224934265
3525019442
3611242391
3238263480
3744100709
1363961390
2351884899
3012149012
2838368785
3058439914
3488730095
3505978160
1484998525
3363100006
2449793083
1098074892
2533817769
973512098
4195349319
3485862568
2144264341
3651349406
1395757331
608589316
1146444865
2106194778
3859482015
2674723104
1852153005
1687439574
1301044459
4029857788
717721049
2297499666
2457887479
1110169240
3366706117
547425550
433628099
2674157812
1507324529
1202895818
834235215
3791409936
529661405
2420004934
3376792987
1367552236
810347017
4095860354
2670427815
3356778120
2182374133
1685916286
4075758195
4214421476
1169740961
4075640890
2230844671
1147525376
1052470029
1351222198
1901861451
93560284
2214203961
513804530
829179479
2233377400
3575346725
1294869486
3489664291
3720413908
1891304145
2199965866
478263983
1579719408
391439421
1280199462
1757043451
1951598284
2800879209
2301792098
492681735
11117160
2073302357
1550539102
827745235
2900199876
2153872641
2448696602
1339139167
2726533344
2643552621
1008873110
957056939
3178261436
4011312793
39875026
2849692087
366239320
4027662469
1571531470
3590137475
2115472564
2263827249
3201193354
1092794895
1349898960
2657352349
1516023302
2193268827
2824522924
3071169225
376483906
1082041703
3816674888
2649094069
3592820798
1807701299
113118116
862410081
517366266
2372926399
1656637632
4018116557
3541354870
2901583115
2487298460
2386078457
2137672370
497294615
3158641208
287652581
1959895470
1059581923
2346714772
25998225
2901625450
4235487599
2145122992
2673295613
874610918
2510198203
1746043532
1757007657
2501132578
6701255
378075688
648153621
2187675422
3951163027
3528228228
1776442817
3117158106
816513823
3926780064
622720557
3709457494
1097429611
2189285244
3480534873
3170210706
3667923063
2087233048
1005544773
1364723854
181954883
244478068
296440817
1539813194
1464781007
1867715216
2428942173
1867826118
2344499995
2851219564
269253513
3663020546
2162986023
2076380680
1600146549
2917197310
3858122739
3573604196
4209677857
3742182330
3629824639
1500149888
3137635469
1038700342
3603427275
4238243164
1826882489
3191491698
1520874455
2520199672
2147991461
1308024686
610701987
161925716
3026396241
897811498
109697071
1574115952
1967807933
3182327462
3144781947
3765550668
1293834217
2540417762
300517255
824447464
2646130389
1095824606
2087995731
3495113028
2308439681
1725020314
3478594015
2378954848
3117105901
4114299414
3110477099
4078633788
1822324761
1651537234
1133512503
2242424280
4177938949
1634084430
1663724547
2090144820
2999723185
6211850
1795004303
1179914832
3682219037
3974535558
3876623835
4194911276
201811017
1502581698
792015591
2426668488
1128489269
3245175742
3159620275
2176545572
2231539425
2236724602
209205567
539650112
3054121293
516396278
2711353995
3530260764
549198969
1691356722
1731463831
45423032
3464692837
509467950
2323379555
1658146324
2717799697
3734076906
2441217775
3754818096
3723377277
3870633062
1022577467
1630583308
2229248169
2314790050
2158464583
809167272
3180868501
1324245662
2666355731
2729551108
675438401
3401917018
848691359
1702742048
3495514029
4064698326
3015804907
2198335228
659878105
1553012498
3278552567
22312344
873852613
3012953102
1236479683
3017766900
3809588593
1314104010
854533711
2637746704
591294685
2966564678
1467068571
4234158060
1002376457
1843373442
3659045287
3789602184
2253338101
2794176894
160984435
3903702756
2054117281
593755962
2424862719
1857951744
3041959437
3278871222
2150548811
1768443100
1786836281
3169554418
2181833047
2977874296
1767311653
3955661550
1009260579
1663799764
2736670161
702363562
3021796783
2911672816
3724728125
1828037158
1021560315
772765132
12429673
645650018
996168967
3012395368
587229269
553488478
3450678995
86497476
1319206913
3613805594
556244831
149116896
2642943085
33244566
54244011
1711577788
542648729
3575085266
4176491703
2133589336
3118355333
765960654
3912413571
1613863860
3678144049
2808495242
635663631
4223750608
3436408221
1490519302
1604422491
3568745388
4025710025
2969925442
3495346279
4013503816
625199797
3002847038
2827198515
2778192548
1139857505
2332297466
2336978623
3169159104
1301793485
966877302
2772455435
3579107484
3404893689
3494695346
2851010583
307505464
2101595621
2079398062
3291151075
2523501972
1350760081
1495708010
1159373935
785316272
977810429
3459241958
2650996923
1255010700
1903718953
3870591010
4040416199
450615592
716266773
3980295710
1131659667
1937099908
3312804033
1047868890
567016991
3485247392
370649389
303688534
982818155
2412840572
946348633
3049495186
1122003831
1324303640
387938373
1968897934
745075779
3981148020
2483754737
760649290
2056946639
2846724496
4244187741
1119263430
1113597467
1724716908
962895497
2093025538
548382503
4167920904
3705741173
4236090622
869634803
339324516
172431649
1307693754
3816895871
1113634688
3550459789
1327294006
59808459
3924894812
2194728633
1756615538
2644283095
1425363192
4144583333
1419597422
1833213347
1213159764
49047377
1848503082
3678081839
2337610096
2004766909
1210305958
51444603
2066492748
1204812521
73595362
264381063
2246439144
4050325973
2842766302
4211151955
693862468
360579457
1907482522
2067995871
3519657824
4006082029
3496104214
2894874667
3022860860
272947993
2824174674
3220922935
2153663704
2560187653
4033879374
3189110531
2263687988
3326011313
3252989962
668226191
2931659088
2557454109
2351919238
40730843
1449341740
3906111305
3939654338
2581810663
4248659144
703018037
1490102974
105792947
1347633700
3056736737
3186449530
1072280639
4142901056
1546150989
2443324406
1306502539
989671452
2463891321
266376498
3688162711
1763850424
2204604261
3146470446
1110769763
2224872724
3541735441
716367082
3443409391
2866739504
3664063869
3633415014
3469588027
1122642188
3028566953
2034707362
3337300295
3563833512
1408075413
190159262
2937399059
580449284
2273010241
2732345690
877460383
3872032544
2623079085
2861856470
1810019051
1188634108
145642457
378347026
1325471991
3812168856
1259078085
3299277582
150583747
416712436
3935795313
114330058
3830505807
3534835984
1140253661
318899782
1653185435
121179884
2398957577
3573116034
3400643751
3177782408
1226180853
1572239486
984463475
899978724
4033993377
3971393082
121959167
2454869760
3153187085
1324429750
4142755915
473496540
3151222841
261297906
2740452439
4271562872
2401147941
3061518830
230433571
387064020
2580383953
276143786
837038255
892115184
1740425789
1027143974
603533563
3855082700
2824162409
4280360290
84865031
2787991656
4009278293
2292959070
3664771539
451815364
606962433
3283383066
329882207
2793346784
1401605997
3463470230
1264049579
2073348540
1113885849
707428306
2394001335
121609304
4214711941
3619657934
936656003
1321708212
970246449
1574577034
651177999
2638794960
1682890909
1961778182
3849614939
2634984108
2091161801
3572907586
31120231
3098580040
925736373
1626179134
2880695091
1609410980
566647649
2886578170
1616048575
2353579712
2277244365
2496264054
830077707
2707720092
2121822457
1904957618
4075148055
2233419832
1190027493
187469742
1520043491
2339316884
4022679953
1630935146
3756842863
2449340592
3829737213
4091162342
3847449531
1736794252
3556971817
263245602
2028828359
1525332008
525119509
1463006494
3083963539
2384141188
3025429441
2247777498
2685991199
1755801248
152919085
699794006
3719022699
1176515964
2653390169
3438125458
3721184887
1009902616
903580485
3480876686
895844163
2491453044
2897664497
3904994634
638729935
1447301264
506961245
263483846
3454931227
4221830764
3263742345
1149816834
1310638631
785632264
2968384117
2016826366
4095794675
720272740
1928305697
2377284026
835956863
479393408
340191885
820804918
4031071691
2654983004
462014905
4287191666
2302568919
745500664
2543248805
1063243118
1938729123
762570836
767666769
515133994
1847086639
3910342768
3569238973
976561318
3046925947
2346884172
2823658985
3837149410
2437332359
308531176
27878613
1823302366
1106894675
3084898116
3232760961
1533937306
542840799
1157854816
1909500141
1780836374
1973318443
1513840956
3166125593
2828436306
1527954743
2446322648
1203269637
295048270
2892857859
364982836
4227705521
2303104778
3637972367
90378320
1450252829
18106246
515271643
3334021676
829008457
1030824386
2117953767
529712072
857147189
2035343806
1857327283
2993099044
3433929953
3815048058
579284799
988866112
1985124173
2971190006
3859763339
2794118940
2479350393
1129126962
3844194455
3830142904
769141349
2564082478
1666845539
148925460
1820515089
179325930
858160367
573306928
2112364669
235526758
4153680187
3600783372
1442113193
2012312226
2094711879
2891491240
1926158741
2128138398
866710035
2482782980
2449499457
1976528986
2603611807
324224544
40154541
4252929494
636476907
732318972
4275287769
652551442
3846403063
3621368728
1032721605
3285447182
128730307
3192493556
2691251057
3777589450
4125006927
1919275024
2981844701
651025734
2592966299
1645084140
1510429449
2574201730
553045927
1252883336
4201176053
4194119550
909050739
3524748516
3619708321
3202698554
2569891327
2669843968
2191459341
1661913270
2241338187
235252444
2817702713
2258017778
1162860375
1551040376
1987194661
491489518
4105973283
3916738516
2227751889
2800354730
1171745711
3842545648
3833773373
756568102
3455753211
2340180940
3451449193
2200069218
711559943
3364437864
259853909
58064478
127845587
3727718084
822445569
3336477210
3612841311
1800852960
4019815021
293696406
3244296363
3995138236
2235363225
1905886930
455010999
2651798360
3827071365
3421736910
1910622083
970570164
3535375409
1378486922
4092128015
621563856
2497074077
513880838
3291701595
4049770924
2367798217
4064478530
2232088167
803468104
61042869
1341865278
626013747
633305252
4243054177
4059256570
3162926271
3236431296
3454808269
1418628726
27239947
3899668124
3637138425
3542474674
2827529751
78014264
2653221861
2458125998
2994016483
1525724052
257129617
891387754
2095782511
2573793200
3444447741
354452966
462411451
2922958732
3227105321
2148079138
1219695047
3333789480
880018197
809823262
4170930067
305949316
1719625409
5997530
1536291871
2764973472
774836013
2481854806
3668898667
2506843260
817031257
1920182418
1533354359
875594520
3357777477
3484741006
3587050051
4096892276
2343476465
4261962826
162920911
1695977360
612503645
1179535558
3731356699
1484191084
3682133129
2712442626
3107577127
251013896
193381749
2433420030
3604490483
153046116
1692671777
240066746
1934764927
3623957888
2902072717
1398281270
1290137803
160072284
1729014969
4072333682
3448521943
212176632
2444261541
2118009966
3880039331
2836690772
1692593489
3071719722
1864468783
1728911216
3171563197
65174438
2199114107
43322188
2660712681
2825226210
1182226567
3332222696
4268996565
4211448286
22981203
1809849924
3140355969
2483432858
1855918815
3615044960
1927633901
847544086
3298598443
3578105916
2717229337
3543370322
3302365239
2851965656
912491269
886573902
3727756547
420561204
2215144881
3330571786
772130959
977571664
1165921565
3147112070
3958068955
990581036
365743433
3245074626
2353234919
3886293704
2396183093
2464979134
2777078707
2549538852
4168425441
1706601082
1683008063
3694011712
881379917
3979041270
439024523
85233180
1400882553
1863689010
857381783
1680897720
4258577765
641352238
2649429603
3751803668
2654412305
4002001642
1933228015
901052208
4168553341
4145951078
1732676667
206636812
2570160553
4126652834
1383489351
2818672296
1245457557
427296670
3702045971
3873149444
2010212417
3013515098
390001055
3675784480
847014061
1527030998
2447968491
560954364
969218521
4254673938
909233911
3476443800
1000089541
555542798
4123709379
2486740212
881262193
1298028490
395859791
1817595664
2626406877
1547023430
2944233883
4242468076
3437065737
725678722
2364009127
2041436808
3393695477
3948930686
2887536243
2919642084
1616568481
166720570
4131514623
2234438912
962082573
1875402678
3694052939
785275356
1591582265
2448827634
401846871
3137805944
1330758181
2419589102
2703767843
3394453204
2484080337
1564109994
2683741871
2904594160
2220142653
2895357734
3941074683
254591692
2699596393
578792290
1534076423
178331240
3029164373
22820190
87658451
1055835588
2770962689
1357168922
473010271
1198167264
2712941933
992905878
357839787
2913544124
417419929
459574738
1312310711
865786456
2760739973
2051245774
1197167235
292014260
3588902705
4099273098
1026401807
2198589136
2389296797
3320842758
2883472475
3249703084
1365958345
2028719170
166138215
1154699848
3131392949
4028953662
3310911795
3876407204
89481569
3434413562
1340467135
1254311104
1344824269
3907986806
3316732171
2591548828
166213369
1696360114
2060945687
2162787896
3001517797
2180480430
2075925475
4109255316
3744317329
1156114026
3423950191
890238640
627248381
2718096614
4038607291
250101388
1719425833
2814205218
270838983
1312585256
2586269205
3899794206
3050381971
4024023428
200698305
496544474
70709023
1949361312
3041706541
3233951830
3785236075
1840419708
537545561
374714258
1806269559
652943896
4260868421
3859539086
3181548867
4234062964
1626497009
3710602058
3582309583
3324317328
1071154013
1451499462
600696603
1833297004
3023374217
70016514
302053415
2295630344
481007733
3069952510
2348512243
2664176484
270836257
1070057402
1476175487
1688958080
3451474061
643803958
3379731403
466694492
2506067897
2991089778
444997591
3851922936
357960613
2167978862
