588145235
488404548
1582202753
2222736794
170805983
1175391584
3700511725
1292900118
2487440939
3322734652
3777304857
2859246162
3393998903
2202952408
2374925061
4174816078
447661315
985897268
3777422769
1558222346
3661824143
3585107792
973636893
1466349190
807407323
2869455148
1320830281
4215996610
3089611751
2290809544
3432763957
15806654
3897725875
530528292
2266077153
3011166842
79422015
837811520
3815817805
1942155766
778941323
2580014620
3987422585
1293597490
3639399319
170741432
1102820709
3620002350
2995048035
582898452
3050411537
1697762026
3411275759
860671792
1899826045
838584678
2266448955
3409600268
3692757417
430100898
2780206919
4036255400
2478908565
134782878
1854960915
2599414276
1340727361
615296858
3397790111
3456490784
1688232109
1940405462
3636969707
1880019964
1290572249
1751794706
1247807223
3084855960
1782521797
2788393230
2424342467
3468885236
3835524721
3931271114
2844626767
35268368
1468907997
3693038662
417999259
2696168684
3083005449
1052250754
1434722983
1609347720
2642978549
3229384318
3139438195
3834022884
3757004961
1682574394
3395625215
3410537728
750268173
1081604022
1135181387
1297723868
151066169
261307634
1753082455
1549530744
1722858021
3470432238
1878651171
3528038100
3131213521
1719305386
4190625455
286289648
1066575933
394870566
200326907
770579148
3519679081
734184290
3882376711
2223765096
2408208725
587517278
3210299347
1306205636
708444417
1519048986
523290719
2528144608
2488282477
3924435606
2339040171
2988474300
2013317785
835560914
2837347767
60535384
2728952965
1483873998
4165536387
3167363252
1358481201
2950826378
3973766671
3945244368
132365981
3253838342
4068672603
4049592492
1716016841
2113594434
2805680487
1214917192
459160501
3294202942
1486108979
610639780
3991001441
1269241338
2411798463
1496652992
2147507149
2612444534
946080011
2598059420
1006874361
2589032114
2920923415
4120272440
2512289509
3853653422
3167081443
431790740
2360883089
4173397610
1604226415
3612855984
454624509
3574625510
3405314491
3850475148
4250260265
2929227042
215278791
3514781224
4271656469
3576871710
1344854675
2979926404
3053380033
3621176026
2397972255
4157521056
1616951853
2643839062
1055708779
2147609468
1126286169
4032219026
1162327159
3057908248
3280644421
3042081934
1019759939
1889076340
519624689
3478086474
3672829135
3633899152
1875540829
1721612230
4289371931
2160802924
1795850121
315848194
3154980903
2177065480
48009333
575166974
1534012403
989623140
3651738145
4216446906
999284351
326454400
839469197
1396654902
4284306379
1443662172
3346204601
3071639666
1753241559
94143992
3148153765
2718651246
3819468451
1154965076
2228398161
499464234
2476211247
2917330544
2291147197
2823908006
1727001723
3048526412
3481164777
3689146082
2226924423
4147013096
4256629461
340945118
465513811
33080644
2079883905
240151706
1618888159
153144416
2106722029
1013657110
1175290155
2373130044
1326414873
1304799570
1033612087
3751281112
430280197
580164174
146690051
368027700
123578545
710573322
1786624911
3526223440
1946286109
3890449798
1126234587
4072036396
2529781833
385992642
1656346343
196630984
3502482741
2953373630
510713523
1141573412
2349144801
3305793914
1955683647
4056497216
1469248845
4107372790
1263885963
313365788
2886672505
4020191794
376549015
2083417528
2233747557
1235636526
4016167267
1599726100
3148994833
2538025450
3967036143
2087833136
3434610301
2399936614
1117105979
575131148
2030281897
2909083810
2111713863
3579395496
1771730837
2518931102
3705421843
984299780
3303465793
800577114
2594251935
2724633632
1621365677
875189206
3012357099
1312031484
4236899545
3017427730
1893360119
1331153304
2981704389
3321395214
3337294531
2559446004
2196191601
1656968906
1381190223
2678498832
3108648157
595796806
2141590683
2866885612
2051346697
1682299266
704724391
2785612168
3251862005
56309118
3159970163
458316516
2914376609
3130045242
2709887999
2884692992
3311231501
3459092150
2399938891
612262108
2862086457
2377040882
4138583383
151786872
1593593125
3796045550
2863791139
889464276
169200081
3875990442
2163415471
3938741744
3964705597
1191220774
2158635515
1861913036
3936726377
3705408098
3875207431
197121384
3741756501
3496412254
239080147
393571524
2575959041
768409626
68600671
1533029344
1045880941
2995992982
1512773291
4127502012
1817259417
1280617682
2109986999
2504216920
1485150085
2235438542
2718864771
2754883508
3394603569
3662278794
153852175
3368232400
2757964189
3074193670
939126619
3440103340
1715304905
2489297730
1621320807
3497363784
3536588469
1912554302
266896435
1552903844
2809879649
2913254650
3912014527
3115080640
271093453
3977466998
4248941579
2671701148
1137545721
2600732082
133471255
469073208
1978470885
832670894
2690178787
1368795540
146700945
1321493866
668256367
1620757936
2887383037
1307495398
65889467
2676819340
3575936553
3825777698
1859289031
4196543784
3132858645
4175163934
3937052051
337076356
3265389761
3125799386
597631519
2345499552
191524141
2774916950
3433562475
2024086140
2133141081
16043666
3273133943
18520344
2596977733
103117710
2229852227
2762085236
3597179633
2997766730
3318130639
2504222096
1510796893
13602502
2933688859
1022765932
1802674825
17775874
358632231
3401433352
3228394357
297079038
3017701107
1669677668
2719325473
805734074
843471231
1388022656
2360638349
524474934
2293628619
1454323804
3094342329
3781101426
151401175
3836388600
3065419429
3179399790
454459811
13626708
275508049
3493830442
2010724143
95743344
2429818045
3784753574
1864327035
2009022796
2839543529
4239076834
2217002631
3225437416
427382229
88252382
1826355283
1817252932
3371074945
1191220122
1073365215
1265535840
2090777069
3127002390
1573104683
2312455740
3586514713
2071638098
1603733047
2728239320
3309871365
2926481742
439999235
3315054388
1608543153
3450889226
2128901775
216491344
3204934429
503080070
3876447451
2657109804
1520733001
3289681602
385348071
2493626568
125270069
3090980542
50014643
1274205732
2252643809
2473988218
596826175
1860074304
1338058829
4068220918
3827894667
3733931036
155124601
3934243122
2023917975
1391168696
3457735525
3416508462
631956579
1316057364
970857489
758683882
3351274991
3251817776
3745444221
4290279270
620763707
2068921612
2545436585
545480610
1437715783
1037704360
3623864981
2874871198
1335102227
467830788
4113557057
94305626
1609047967
1912822560
112445101
1598581462
540940011
2639606268
3505608665
631656978
838909175
1233938584
3837740485
2748935950
3435240899
4074052340
3749510257
3440393674
3947169103
4151256336
2014488541
3968006726
2739797915
1426727660
3297981449
3073351810
4096415911
3990974600
3836366069
4216712318
402562163
4053281252
4240989857
3920845370
600971007
3319081728
772707597
3028231606
2186990667
2325680092
4143635513
2509554
2508824663
376976504
684974117
1640465902
2329282339
104510676
1574243537
3882832554
776623279
1018457328
2618986045
1712581926
1213175035
3993172172
2437763177
156324194
3526988807
313504872
2467233621
1625635678
227728851
3733699524
1344669441
3890947866
1244184159
2538334944
3731460973
3252179094
3872866731
3873758652
2439876761
691516370
3642045367
2242310232
3320752773
3425045710
3342868611
3625598644
2382253361
311285642
2175292431
3701122256
3924731037
170086406
1717361243
2226372268
4194213065
1948283458
4223106919
1446832200
1422254517
817953342
3450392371
4030021028
1851842401
75391994
1506022847
3479149248
3160195533
1930161014
2517327627
1855888284
40072441
739413170
1585149719
2668665912
4087850213
1168966574
3579308515
3018569876
353418641
1084476522
2184643439
3726232752
2351360765
2456363750
3150827451
3549721740
1186928937
819266338
2826705607
2659257384
2808542229
1537288478
3784863891
806137732
2727405505
2678395098
2239503647
319306400
4169146413
3486643798
1146039403
1514424700
4159998297
1877923218
3012848247
2796369944
4120301381
3440667278
4101333827
3777438324
1680104945
3219730762
2026791631
69854352
962290013
3567084998
1929016603
287119980
195478921
1420231682
1012885031
225714184
344602229
1849542654
3199844851
2743734628
63840289
1972841914
2888356991
3275606656
1332457101
4225921334
301640139
1582163804
1815662009
939822706
2453147095
477414392
458500517
4245963118
1341164707
2739174484
3092328017
982910506
1514566191
3452103792
874776509
3262650534
574278267
4022710348
684564969
3503191266
1194942855
17703912
835168469
2437863134
3328492371
1277518660
1966114945
2660022938
1487027167
4244130400
163015917
922049558
2338707243
2872276284
2772976153
2743842642
3762184503
3160358872
3229070341
207915086
4280378883
968607284
447688369
3068283658
3346477455
1977410640
1259920925
1773222790
3420901339
2651207212
3393957449
1921209794
2229406951
323426248
2696366901
2307675582
1173451955
659989796
2781880545
2394797946
3250606911
2570041920
4227554125
3703748342
2833822859
3983340316
893052537
2914799666
2944361623
2120526776
1285123685
3451731758
90173283
3758424084
1616273169
2533752810
221815023
4084190256
3637634173
4093693542
3730212155
3327568908
1748560553
3808274082
3711002695
437713832
250682773
3081651358
1991759379
781571844
281340225
375530586
3394968223
752622112
2261744045
1694663126
3470475755
1299341564
4196973273
768497938
1037244407
2524776344
860969157
2950063630
1376004291
3449301492
710852465
2570659018
610451535
4185105424
3286702813
2803814726
870443675
2402226668
3333248777
2809489282
1677685671
662032264
906829813
409772926
2114971507
1465579748
4247183777
1639055674
21664255
150301184
2529937421
1668070582
3449126731
1874575068
506052409
3606696434
4111563607
1956664184
4097274661
3177708782
3227914787
904741844
3856682961
3618879914
2983038895
4141902832
2129690941
3838002214
316735483
2600953804
4123063145
555915362
1495543559
2304480104
3684913749
1149203038
1834068179
2468219588
2114849281
4175777306
2707863903
980658656
2760394349
2277074838
3782175915
1958808764
391508889
947305170
1796378295
3301347160
451132805
2636776398
400403331
1216105908
3421704241
3366829706
105975567
380511184
143005597
715532038
766231899
139963820
1368113097
2369599810
678926951
3384821576
3511399605
1889448254
1104484915
3478588580
1922196065
3224636154
2441580735
2320423360
3030185165
2644542070
2998995467
4177152668
2814728185
3179090866
1638814231
1860680504
1055799269
2446621358
197326051
817710996
3786342545
1046426474
516243055
1070910384
3946831357
310344166
2728016571
1905779596
2183511081
83708450
1775351239
2929453864
4104013589
1837260830
3841080211
4118675076
2244733633
4158011354
1686444063
2105473440
1470223149
2363100502
1440896875
350189692
3717196889
2906971282
3334260087
2533087000
65987141
2048876942
997060163
371732852
4163641585
1728059466
2751602127
357327760
1035326557
1376206022
4228145179
3980396908
2074536073
2107296514
3775562023
971407112
791873909
2816638718
738266355
3943358564
785556257
1006884026
1496797055
1425803648
2855199117
1495140406
1261130955
1558746716
315470009
721818994
3021334743
2633687800
427670693
3502422126
842438563
473238356
2894229841
3435687210
3940527407
4128041840
2726296253
3136647078
809645435
231219020
2116502761
3360537570
2113535111
2845311720
1990327253
678890974
3629747795
2440409668
2965277569
2230641050
1517696735
230558048
1423712237
572814102
2129920555
3784156220
3986072857
905494098
1871821879
484237016
993183493
2893446990
1735717123
1650185524
1741287857
1441804810
4097174671
4245578576
1211519261
989991558
2712386267
3785893164
364826953
2454592706
1551378407
2007529160
3431145013
2482506942
2538848179
3325457444
447194081
652303994
4279881279
1622997312
2353106509
598035958
1234460555
793158172
1610795385
2840909618
1795702679
4003056312
816185701
3220354606
1048640099
68456212
1595580945
1152345834
1826413551
21547824
3916486525
3689227622
513339451
4082637580
444960169
1691610530
3294430023
1510988456
1047425173
723352478
38248723
1657087492
1202056257
3523300186
2314868127
3270564128
284634285
3042482390
1868852459
1317769212
2821332441
1012031506
1146188535
640263832
3446631365
1508859150
112374723
416758004
2475459185
926813130
2913762127
2511610640
3435630045
3277236294
3781285275
1229979884
2962455049
2769759874
696290983
1120284296
3858494197
3399441022
2660053619
1016711140
3738264737
2458691642
3924757759
1699850496
798292749
1257657270
549202507
3285478876
1344578105
2183747826
3309655639
327447160
4045866533
1696887790
4217511203
3021722324
3526857425
668213418
3145517743
155740912
3302126653
856595238
2422106875
1711789772
1207998057
2488262498
733661703
1606644328
3905135957
3946162526
3715920851
623663556
1396837633
3501946138
3117462623
886532320
3232954733
1949728406
4193490859
2409184188
772429465
3927032274
3820743095
1117924952
2271531141
1749678798
1139226243
3847904436
3023295281
1823057290
1193658895
1727898320
808028829
2294611462
1038528603
1207409836
2632245961
1337327682
2531505511
452961864
2019395509
2711119934
476931379
3925138340
3826247009
1355133434
1081543615
3665434816
686368717
3704691062
56800523
777124252
1676884729
3208878770
3247254807
2071648824
2277559013
2249716142
4086956003
3087718036
2660844433
3086391914
2910812527
1976289968
4184133885
1043452134
1750246843
1771524748
3076022057
3498152226
1658015943
443730472
3529611797
2659161886
2763523731
1416318340
2622680513
853761754
1891242783
3140597920
1489995309
1283335254
2975957611
2557912956
1610043225
687268754
2895192183
3255203352
4124243269
2101762190
164788547
866467956
3263161329
401801034
4150384847
3098206864
2535212893
3909948358
4193930011
3244226668
3950185353
3958018562
3009518631
1075109384
1080548469
782448126
2880722931
705146724
1394812449
4081875898
3916548735
4160112768
3439203469
2801114934
3829923787
1115637084
3694039993
711171186
513786839
1446838776
3778236325
2827825006
1911071395
1537317460
486519889
4141274154
3651463215
1855122032
199749053
990824102
1228251259
3251015244
3645695977
1395196642
3630602119
2849890792
403197653
985351390
1387944275
742523204
2878901889
1782122650
4118163935
1841285216
2383205101
3958344214
3899534635
484692796
3736143897
2730607954
3180402487
3021372888
1702484485
4272191054
53771267
796386356
1999680689
450500874
3038816143
2457592400
3865035805
32434566
408724955
1497764908
1828582473
2473911234
1304052455
2982532552
3134910773
1199555518
2804026035
412238628
348858081
3420521850
2342471999
3045472320
814989645
925099254
1982597771
2484883740
3113659513
1296653874
1530731159
2475354552
2856227941
306457902
2165179747
2862620180
1714087185
2788478442
2527925999
3680356912
1092340349
660962406
2512870203
4065692172
3734909097
369505442
3140787783
3989092776
2524431253
1973990046
2722327571
2825942276
3386044225
2826728026
1321537695
608278560
3576356781
3226120150
2983827435
2426453756
183992537
3241305874
4118531575
3901900184
3810098885
304370702
2597142211
3297921012
1258702193
387904202
924989007
3157303824
3266576605
2972352326
1540210843
1936519148
2990906633
538244482
4105021863
802327944
611763701
2179862910
695631219
2438239972
3519539105
3963834170
2378139647
3404326912
678047245
3676039862
734975307
1994988764
3169551673
1907679218
3055890775
3810824568
1336056101
3372018414
3955894307
1892049364
1390073297
1204848554
4216849839
1676438000
2646632253
3237343782
1892144635
1057244620
3087808873
3537446498
4194133255
2246529384
3933206613
3305627742
236142291
2226563268
4290908161
3748502554
1130803039
1987520480
1659481197
4149187990
3764634283
661482172
92977561
2919811282
4077995191
4013542744
997319557
2642801102
4217160067
2662624180
1992332849
1853983882
4096165135
3179880912
2430139805
2491405574
1192074075
865307564
201983433
730515266
4143698023
972752200
2046515893
867049278
225554483
806267556
4074334305
640899322
378701503
2950780864
1229019853
2694688886
938500107
4272269468
1726815737
2707825074
773326871
3033135416
4263468517
2457299118
1021119203
970220948
2077197969
493486442
3731207279
1878968752
3868574717
2239768550
3170308283
2878521740
374800937
56743970
1132522439
3523586344
1890643221
1587072542
3504984467
1020566660
371585217
3234629082
1511722527
3156244384
738801965
2126396246
114077035
3574191740
2938810969
1392831122
353467255
399316248
4215474245
1183403918
262341699
698240884
4078937841
1120003658
585995215
3729088912
1972288093
162458310
484193819
2105141100
2332765833
261511426
1667544871
268385544
2015932277
1920986366
3990070003
1350598244
2696915233
191963834
215500159
2620163968
3889776525
1432958518
2370874059
4279366748
4166743737
2786927474
2178260695
943399160
2725569189
4101219950
3204885923
1368009044
969471825
683752234
3600163631
659876208
2690375869
2999197094
487918459
4223728972
1782483689
3781183970
108999303
4057972968
1174053333
941325278
3850839123
210391108
2512294273
3193515930
3651284191
217941856
3846800877
72786198
2010404907
1295385148
2828495641
1508297810
2050781751
1913396440
1867312389
1928228174
2187331331
2433741620
2028173233
1973420042
3124191887
639983952
1435842333
779600006
3757674715
4108321580
595785
3858213570
145251815
2980000968
2612970549
337869502
626808243
241832484
3292178913
3988565114
391169087
2274064192
418509901
2269019126
3736057227
200146972
1911983993
161080626
807269783
1563953336
3915589477
884057134
2097614947
3282545940
2777098257
731264234
984175087
1907280176
265469309
1182913382
4091659835
3008297228
3833779113
1721007010
1907898695
3308624040
1192040085
122677662
111884051
4019700740
3343643201
164862298
3367766943
1087264544
57316013
4124624598
1178256107
61992444
1385227225
745434642
22161655
3451315352
2756678085
1215646478
3193162179
3234420468
2160855153
2832980426
1891889487
1558782224
3584848861
3768211014
1394977691
4253409004
4223909897
2288958594
1971766439
3734695048
561879285
2925054078
3469461619
1166763492
101345953
3738564154
2629567231
700327680
2974507277
2212331958
2664267851
2029636572
2491312185
362571506
2008091735
3548426360
1068117029
1492214254
1100886819
1542254804
2546604241
2812866218
559890607
4140591344
968514109
4269361446
1679638779
368882892
1977867369
1287548258
1944846343
3955699816
279464789
1106646878
2937457107
2713515972
3012432641
2499527450
3995642463
4015187680
3140247405
2164567190
1153428907
742234556
3453426841
4099657682
1225957303
3129830488
1728771717
2900224206
3997060227
1686796980
1134123313
1043690378
3176349711
173056208
1519677597
3184962566
4179658331
3140188844
3472566473
2428210754
4173327207
380789832
103099829
2531251774
3303144243
2443475364
3471764321
2960982010
3285844415
4202993344
1168477645
1493583734
6949643
1509250972
3769827577
3554977970
1464787735
181737528
3523866853
653451182
2542540259
2786718868
2840709521
3736692842
1635250031
510511280
3805460221
1483374310
1351056315
663367820
3475088681
228466466
3151660743
3310651432
4287381525
500040990
428317843
2662984580
591721409
294759642
3500673311
1883977376
21949485
2476364374
103012459
3130590588
4213839193
2607739282
2956842615
2286924824
1144986437
1172850318
4242509635
3893583476
3121310193
1466748234
3601157839
1981538448
151858525
602718662
346693915
294704748
2322551177
1486757890
2702430759
2577767432
108364405
3816334334
2724130291
1316310372
1202203681
4101097914
1936375935
832489088
717257357
3564686646
4131739083
2191565660
2538887609
238201458
2377611735
854933496
2369942949
611720558
3381704867
3991844948
853424721
3532104234
2444451375
273868912
2413548477
2450879654
1541437051
2880924748
1627139561
3807613154
3091451271
1906155496
813233365
2425860830
1086320467
575577924
2670761089
4048901786
3069847519
3682027104
2324838637
3680090134
3710288683
1652830524
2068434457
3412579154
1435749687
1186839512
2292973573
2035573838
2499252739
1998848564
2632071857
3594643210
3011124623
2819285072
3319179805
815568774
2827123675
2759193132
4276107849
4191580610
1027766503
1731498952
2670630709
1776497086
3254952115
2545803556
1492528353
4235481978
1378762559
3335304768
1968973645
2213876470
857694347
2260447004
3106042489
1313238066
2578108567
1000417208
504609381
2537233198
3798735715
1059798036
1294953233
1154718698
147950831
3023816752
2241179773
2839161446
3907531067
642017292
1546876585
3330196130
2548552775
3496114088
2150525333
1343430814
3749642771
674960132
1880159553
1711718490
2816411295
144119328
3417720237
3322076630
3699895787
2545884412
2935375577
3993400594
399803383
3315041176
1091675333
1826767374
558257347
4252788212
1692257137
1551155402
177318991
1742577680
900785885
3248893254
2003408539
3617246700
3171803913
1311015810
1544282023
1059015560
219180021
3219095422
1049432947
1228813540
2878926241
3661929786
3336863231
1909351936
4198011917
3040549046
699935563
3120986844
115166009
3722440178
3119048535
3566784376
4047355685
2231490798
2900246051
1703903188
3506789329
3076347306
3717364655
2984798192
3368045885
1536729126
442412027
3673236428
2978447209
1912583266
1233558279
2170752872
2339151445
3523235422
1887753427
1816086212
2661684737
1634069018
1779869023
2406131168
4185592429
2169881494
3607632043
2383005884
3069149081
755685074
2512386743
2493320024
976226693
106029006
3431716739
651987380
1253973041
1271224970
1387002639
1028923344
3176915869
1959363334
69169499
3468650924
364399561
4014495042
1278215783
2703606600
1289420981
992841022
4072556083
4273359012
2823843425
1604495098
4165827775
2858669504
1310048461
1980423798
214939147
809567900
21292025
3334418354
3979460119
1838954296
864060389
3012187822
3014074595
3973809044
1461718161
1810157418
3870698095
1897449392
505129469
653317606
3540248251
3447562124
297289769
1597400610
2078286279
3831457576
2935198485
1277115422
781281171
1780169348
4088395457
2503136218
2220950559
3350328736
144744237
4212287830
1600586603
958674044
1945466969
1916074130
773206391
59659032
13053509
3949149582
2173180483
1594125684
1195584753
3321082954
3263760847
1882087312
2174197853
2814810310
2439253019
1839449452
429880457
922871554
477031719
3439852296
458118517
4052572926
2035693811
333847652
2010951457
508457146
3442031487
2823619968
3316886925
2485412918
3475374283
3173732956
3910745273
3533975922
4064629975
913006328
3516663973
2828309614
1099350947
550455124
943684945
1680476458
3137116463
428664688
174573245
1224919974
3046629755
3249134412
3984969961
3353532386
2645846151
420970216
126044117
3023038942
342145619
1569648196
4159608705
1932361114
1031676639
3375170912
2917592045
3774402326
3362041387
1288593468
2261266713
1732565586
4288096311
573266648
3784774405
2178308942
3942325507
3518239028
321715633
2898251274
1357437071
137125712
1730419997
2019389062
569861851
1476911404
2575523145
1058093250
2609419239
3263558344
4113197621
3099519166
756345779
2760749092
50180065
1745353338
3963075135
1665791296
1976719949
2638719478
595266443
4102381084
3206174073
2337207090
1206102935
516310712
2018528613
2850066990
1631397475
220908308
2367925777
1642922730
2972043247
2466563888
3529810813
3213787494
618306619
993384204
1974475177
2781153698
3720572743
4283127464
1910226069
3220330398
3703491859
1113219588
4095866945
756410202
2620260767
1805374752
1577973933
2697524438
616634603
1019759612
1344776665
1979350034
3909279479
3224642200
3915364293
4016781582
1940185027
1789621492
658214513
2716444618
3029034831
3440254736
314661341
3293447238
2023326107
4054564076
639895049
3778431618
1480391335
1096788616
388972277
646067838
683302515
2355954660
4067651745
1318011962
3157850367
2467996928
858900237
3744772022
2089735755
705636828
1141386809
981431538
751616599
3597463160
2489143845
3173928942
3716827427
2108559060
780967633
3874340010
3757160111
2235590384
2060599357
1213462310
1133254395
2111935180
2599887465
2996632418
718091783
918220392
2327638357
3844506974
39821267
3560805828
4043970817
3031175450
1731240031
1186882784
1305855341
1749211798
1195131819
1020393404
4040417945
3356876242
2300138935
1835575896
3839958149
434230990
1178952323
3584727220
3157188401
120668554
1680913935
1184079568
3912193693
693656070
403332187
1582258348
272723657
3073449026
2706121063
3377799752
2115818421
2425832510
1191612723
1732515748
2935877985
2745454074
1676474303
2944341184
2459038669
1739289974
220291339
1904784796
4171417337
3925194418
2680199447
3441382968
1384322789
2822622638
1093544931
4263056020
3040497553
887895658
505439599
1476380336
3362823421
1628646630
4100739515
2372734604
236645161
1747627298
865189063
522602024
2934367765
1502376734
3221697171
2398652804
3076979137
3148872410
625344287
2991895712
1912492589
623280214
3264622187
1084973948
1233967961
1196883858
1050315895
2039018008
1624981829
2801415310
1302111555
2121366644
3402035185
4267088714
2526594255
3162300048
254677853
87846854
1124726555
2175972460
1755027337
448900610
2239105063
2586204680
3870500981
213783038
582583283
2429741924
1633497633
4177991610
3390289535
4030153856
3904037005
74185526
3354569675
2662465884
497688505
1668397170
1602170839
849182200
2676071333
4040100718
3605581475
3660306004
2045558865
1302884394
41014319
855828080
1073723837
1200366246
3661319291
764955212
1071346665
3022562
1724973959
3628948968
4212759253
316940510
276137299
2924166468
3489176193
3017909402
489561567
3323905120
2135400173
2234770966
3918453035
4229205820
4212298777
2642272594
675709751
4099209688
2853053957
4235481678
879405059
2428510260
197378225
1763292426
1115919247
915005008
1769836573
1975141766
4233646555
4288008236
4294082633
631766978
3548032743
3012776392
3451010357
1891016638
378746547
618233636
4065407713
2692194682
2506962239
1292055616
1247055181
1127629046
1606596235
1162546460
3017685113
817068594
3939010199
4138165688
672718949
3701606702
2843357539
497441300
2506354961
4074924522
3819307759
4262053424
641701501
4185839718
1471743803
3793962508
1626913961
1952927906
4081781319
1106261416
1276448661
3337457310
2926221331
771076356
2206137153
3472952922
1437138079
1507628064
3933318061
4130016214
3471197163
3805117180
1713704153
877298450
618478071
2911682968
3443116741
1074802702
1701800643
4166419444
4159000945
3912928970
514925135
2088410640
2631781597
1485953862
112553115
1001958380
1728456969
2980319618
437917095
3579578760
1876562421
1379986814
1028893043
4279751396
177861537
2880826170
750351359
2107827200
2352413197
1909081782
1196523851
3105085660
2080313657
2608528370
2153553239
3372027256
1493755173
1903609582
2208453667
2487786964
3764380113
2790925226
3632066991
1624532464
2146448189
883641894
2409988603
4006478284
1647494505
2123776610
3351236871
4224634216
1050231893
3949509726
346450643
3384272068
3669629953
4274927642
2507578207
89007072
3896277101
2781606294
1163685547
680928956
2877572505
897377490
3542003895
888162648
2535337861
1468911054
191556995
1626646452
3354108465
3766036618
2715906319
370089424
235850141
1266888966
3839969115
1507542956
4002845129
1484120898
2819898471
2134933832
3387598517
119339838
1908071475
3142444708
318207073
3967939834
3065541311
4191572928
1125787341
2649230454
2975796235
231498908
4140607993
2911387058
519795735
425620792
1594993125
1963803822
4028708579
3386024340
4087386769
2848955754
3082199151
3273835952
298946557
1993442278
1690352827
1465417100
4098461225
2558194722
2465159111
1705583912
795228437
3054873118
2112421267
4249999492
2657746113
4111016410
