2171399743
1035311424
1956752973
1564929526
1015644043
1350124060
3679775097
3309336370
1472159639
178678456
1158291813
3452458542
2954500707
3952815892
1689305617
2114914026
276298735
1055484720
2857957245
1148110182
3814068283
1806875404
4074745257
1780977058
4217119559
3955522216
1012568213
1155210142
2124988691
2255734276
1262750785
566815578
3235722655
725186848
3966192813
2798270678
2548665579
2282631164
1066155481
621674514
2006487799
931546776
920882117
429194510
1608242115
581818612
926065265
3614288842
1775737679
1923400464
