1666644511
540242848
1835533613
2178324310
3752941931
3241054844
2884648537
2329216658
2445993847
3661599000
2491110469
3903662990
287125571
911903604
1956033265
1888846410
47480783
1258773904
3788539485
2890811078
3650871835
1035838316
2808330889
1943893250
2351506215
4043356424
2560883573
2768947454
1317588723
3040590436
875148577
4103847610
438972799
4183655296
3284013965
2505019958
2427147979
389328988
1694958265
815480690
2237991639
395025656
653471397
1831174766
968284579
168060244
669385553
4278376234
403902255
1286923632
1621339325
4256266662
2043328379
3749886284
2281510633
4225066466
3281624711
2671721704
993783253
481581022
3841085523
75729988
1464769921
594660250
101325023
3259794272
783569389
940244246
4037346347
1616297532
136902425
3725781074
2141314615
2906298584
303118597
1496205646
558248707
2756194100
3064366001
2068814858
944393871
589520208
4242735901
2561875078
3886365915
2334113580
1647158089
496682690
2501429735
710717640
1489375285
30037694
779977139
144789028
1458615777
365119610
4258181183
1945662272
585285709
3854620662
2549506443
1762442268
3345881977
2926838066
844718487
3007612088
1567454053
2675933230
1797471331
1620961556
2515547153
1739837674
1347567087
3846882608
2972092797
3339399014
830698043
185382156
1309499305
2724566946
2290001223
2287015080
1054499477
3573859742
75653907
3675062276
1311243841
3150460250
2219833247
3277411104
2699124397
908665558
2331471595
2043587068
552497113
2566294034
2070123767
2107728024
480239045
3469813518
2795894211
2524812020
115020913
2724689354
4177714511
1713577232
67518429
4000428614
3518846875
2780928748
2947828745
795728002
1369649319
3943983240
1192289525
3004933246
744027251
2436800996
604796577
1639486010
3362123519
560407296
893922573
3707493814
973089867
1460963292
3737252921
1892844274
1687713879
2622041208
1866496037
299580910
1327914787
2573151444
377431249
1705151146
1999908015
883188976
135931453
2426316070
2930437371
498495692
926574697
1173064034
3495848967
3231624296
3607205717
1422324574
1465464275
1018049476
2343968513
2949406490
2766706271
3139035872
4172229485
2851145878
2171115947
1096177084
385919129
3846171602
600837047
3677612120
2162639493
794150094
3422320771
3099244212
2650039601
1201475466
3149802511
2613484752
1543126173
1263142918
446968411
2976069292
3770135753
1125558850
277370727
3001540680
1615100341
247378494
584787763
3939743140
71104353
2856033274
2695884223
2036961984
2410568141
2294326134
2844309259
4111209372
734170361
2172044466
451038999
1113166904
2301377765
2314779566
1887453667
1074278548
1112724881
982451306
1668864879
2726413488
708739837
3626752742
3556845499
457174156
4098109737
1613183778
1241051847
2817000488
1618054165
3518685470
406243475
2770806660
3636002753
2973649114
4002673951
21901984
719173677
2166533718
1723368555
2863513980
3407847769
2897153426
3618062967
363999256
3416745797
545006222
2081012547
1992268404
1957852657
2360371530
3074177743
198040720
696187229
217849286
85576987
2445578860
100130185
2991930370
3767025191
3247904776
1629539957
712212478
2898532851
1897957732
541210657
2165073338
1835838591
3015688832
2262124173
3067029814
3645899211
380854108
4012893625
2854274674
334947799
3577068536
2549137829
2375547246
435217571
2690184276
1915438673
3896065578
2883602991
1453515888
2622726077
3681734822
1145447035
3345557580
4125800937
718843106
1678653831
1575820264
4159324373
1101041374
1104878419
1345837892
3186663553
836629146
2819757023
2914402912
3962373357
1769870358
2376544043
1771367740
3725285913
2567171922
3047766327
1021065176
1235241989
134496334
1636679171
4232855092
1138050737
1398899466
3795650959
3187203152
1364489757
1363669894
2480809947
3936726572
4029990473
2531888578
2422400231
383913928
3328566069
3690597822
617860275
1071979812
1625045217
938143610
3579587391
3358175808
796717901
4108807926
2081819787
1338665756
701103737
1955629106
3465952407
1151181752
1213072997
1652094766
1446528867
3323033620
3200808721
811677674
2804578543
952615984
2736356477
2553513574
1647959355
2784109580
1827537577
2680151714
1298022471
3261985704
2049684885
1513618590
2399546899
966807300
2216493377
1667980378
3626168991
2551321120
2975666605
3502455254
150247915
4056668412
2961429209
335450386
2627071991
544341912
127004869
195960334
3880288451
891331060
2216482673
1030773962
4085291087
2047319056
2017112797
4125985094
2310095515
533105132
808349449
3398672258
2933410727
1921566600
3436427253
3104988030
2781495155
853635300
1858795937
3768006970
1061054975
1852269056
1583702029
2429121718
77256523
4094768860
2622543673
713427442
2306888535
1079069560
117705509
240891118
4028000803
2096217044
15362001
2496065962
1813473199
4038091760
1129322813
3425565734
1352423419
4204453836
1242434409
2023542882
4104718087
1965722472
2213931605
2436967006
2054684883
488669892
872292865
933660186
1166446943
1478599136
2939018861
3836878742
2875245739
1997702332
1665731481
1197404882
724395703
1345554264
3527169413
288996302
939131779
3439117748
1850288177
2895967882
1640425231
3350862800
49393565
2561466118
1767054683
1424434604
379901897
3876811074
2326295143
1414217544
1898597557
394029374
174551603
3855975588
2999876193
1288782586
3520293055
507040192
2823720141
2553625206
2778620427
390578844
3347345401
3586214834
1131751959
940618552
13815781
1459630766
1917537507
1354350484
3511752849
1462397802
3513194095
3860644784
1102542333
4112658918
4063072955
3374537612
1040897065
791642658
145657287
3588416296
1913184021
477894686
1055953811
1987606148
2522088129
1615818714
1996288031
1168437664
3663686445
2466956630
128692075
3978883196
3608872025
484775058
3224345975
467717912
912226885
3194427790
1046627907
799058292
4212799729
3265744970
1674573263
4006632336
372862045
2537944262
1971566619
1841791340
3025666185
1177092866
848517415
4226381576
1881776501
217593598
3983238387
3028375652
1436990241
240716986
1943742335
257819008
1643673997
3639263286
1373678795
2368605788
3961833657
1073892722
3140796631
1536940792
578442405
3257299054
664203171
2368308052
2294057297
2035000618
1842971951
1087169392
588223165
1355818918
3920465275
3578500940
3114556649
4248302562
4163818631
72809192
1629787093
4054369758
3610240595
2171087428
870228865
1327896986
3007712991
2019295584
3887183853
2307730198
1888836139
131013692
2897853721
1045493330
2052887607
2470041304
2159763205
2029401934
2772519171
2295090484
3813673393
1632594442
4032545935
4144651088
2530339101
259574406
2969768667
237477164
3657951561
26498242
1968766951
1763929800
1183954485
1866843326
2845185971
3131370532
1075035105
1995347578
3423970879
966193472
2686658125
3769239030
3156326283
3917748764
183624057
4077457202
1870600087
2595406520
414882149
2509139502
448352867
1040254740
1072478737
3169492714
2553197551
3900752688
739798909
3707231590
2581350459
2731774732
3986335145
3698730402
4058635079
3762737832
772343957
3330749342
4260755731
967810564
1432224833
904561498
19000735
3355889952
1273283757
905531606
4175283435
985991164
1155872217
358782994
947145463
2248056472
3188720581
1722225934
3612806083
3292508404
2678758001
710230986
3190444879
2821200656
695936477
3741671494
3734056347
2579986668
410292745
4078265986
3787024039
1538860680
824347381
3559199358
1504152179
3556786148
450198689
2555502650
1094903039
1420009728
932090637
4247980982
1461813835
2148132316
3836459577
949326066
2668899927
2769644152
1347657253
3606588398
376599843
788548308
3483478737
2747750570
1730585263
2230870768
1636961341
1465471782
628736763
1971015372
3400380009
2259294050
3835666951
158493288
1970683221
282550622
771935187
1527697860
59909377
106736922
659590239
3429196000
1001951597
3322885782
1933897643
3117069244
3227348633
3420060114
2570502583
2213488216
3139266693
1832497870
4284714627
2377831604
1760160561
2138627466
1140564495
2313788112
854925981
2745939462
2163083355
879170732
3227384521
3026991170
3329527143
1399496264
748429237
2438340670
3630153011
2622706596
1319894369
1145235962
4196590527
3628339392
3170549709
1011208566
1436552459
1686073756
4195504889
443011762
1219757335
3934507576
4127548133
1277405614
2776782819
3957804692
3499842449
1872876138
2978042223
2113127088
2285660413
1035241702
1866857915
1359137420
27096873
1972619554
2131765447
3751395880
2485924373
106516254
2719374995
1631962500
121308609
1916573402
2895244063
3711414432
2884443693
663673942
1921702507
2023759740
4293027673
1266097042
4217632887
3704319512
77827397
846073998
136761667
1358805108
936246257
2189047626
3096424655
3826178704
3623870301
3140209606
3671696155
3251007596
3800310665
2673396226
843740199
2415384072
4122899573
3164139006
3229528051
1868441444
72826401
209826746
3715474047
4231544960
2233969805
1805801270
2858244043
1789181276
2347084729
1648350322
723426263
2596141560
4136626085
2060511086
313064099
3228963412
2610547793
574229546
234799151
4214415984
618104253
3452534438
436271227
4180280908
53084137
3807591138
805007239
2189220328
2800412373
2630679774
1425060179
2283043140
3910706817
3947511962
3617982943
306036832
1363307245
137904662
1232045355
721767228
2754879513
1039793490
2109468471
2689824216
3881988613
470036046
2623591427
969432116
3306605745
353980682
312901519
3193428560
4250623005
1128636806
4011064795
3852831788
1336347721
3449494466
4093319911
287362504
155814197
732789694
1824809651
1759558436
613891809
1120812410
2449154367
3091214400
2765445453
419994870
135881355
641321244
2598749305
2581435954
3306418839
2776883640
4273155173
2831148334
1755733347
3094124052
1230830865
2102396394
3546214127
3832922672
2082693757
89666662
2288694075
4054909452
1263785
3364383906
639727175
3520836008
2322750357
2314365598
22135827
3409636612
4058711873
2739251802
2941053087
1127714848
2692249517
3586877398
179498987
1153054460
236099801
220372754
4278101495
2655468952
1880757957
1337723918
651269827
869974004
2307153265
3642108618
150998607
3766786576
1204263133
431568710
2153584795
63203308
2558965001
418590082
2588311975
2527430024
2751290869
1951648126
4159755635
1687883492
1479278497
4175988538
2121490431
3290161152
4039362061
2453185206
3784584523
3942552796
3889339705
184621042
1431570775
3130362232
2066690341
3685786350
1916436515
2676677076
2997153233
44285866
409066927
3783025136
2464153405
2720049702
3712167419
2119679436
3910750569
3759365730
1346518279
1836468584
3682766933
1133090910
570005203
3866697924
712124417
2347684890
4198926175
132456416
3461301357
3188215190
2299861675
4185842364
1581109657
3803250898
502013111
1718011224
1804237701
3008735694
3526957443
3941917620
3184963121
808502410
308043023
3528792528
470062493
3695611142
292877147
1071842220
232988105
455147330
1944889447
2688941384
3264869045
3964393278
1019480115
4266468004
131432545
9474298
3382599359
2542489536
4256363213
3841091702
1770895371
3434291356
4083955193
3211418034
3667845143
1236463928
2562979301
3647152302
3123012323
26271124
1882300049
4092934506
3016199279
1510392240
768433149
568516582
4215957691
2732472716
1862015529
2740195362
1562231751
3037503784
4141581589
4283598366
4054329747
1435440260
1533937857
1459994074
1062397471
3087429536
3481719085
2930701142
1465255275
1024675452
1970653785
2825200274
960779127
1215434008
1718853701
3968927630
2304203843
3403073396
1523433201
1009327690
1702587343
3683211664
2664583773
3903693510
3843788315
2109824876
3229369993
769954050
2410516263
1841444104
568280949
2840962302
3590191859
2444686948
1548992801
3951450810
1513889151
1783529344
543350669
3740659254
2462450379
2669112412
4268920505
2161728370
330594007
2191268088
1144093349
664231534
2334590371
708747604
3670216529
1392800554
1011874607
1976885616
3517675709
3260994982
2235589499
587494732
41657065
1275757026
3144944263
3361650920
4181539285
3003986910
1797094483
1413269572
228501889
1984587674
3308389599
1801158496
1491017197
1434409238
3358961707
3275192892
4101669657
134153298
1875331639
1411978456
2912257285
1630414158
4142685955
4282411828
422154161
3737073674
4179442319
65100112
3035680541
1554937990
4262521051
1629453100
2165452617
1795023554
3158914535
4275711176
1049451573
2167485118
509521331
983075364
1046921697
193586298
3607927871
874868544
1838386253
235090934
268242315
4125849628
161851257
3641580850
2136264087
1427177656
708296549
202202158
4026493027
626271508
186204177
3784404202
146483695
480690480
3275380093
2169801574
3722780219
2190110988
3562531753
3556160418
2584023367
2267844776
3211243157
343515550
1226411795
3728882692
2311326273
461164890
2460214175
4188294944
3742902957
540638934
4000586475
4289422844
1007418329
1799267858
2687828215
1498143896
1303390661
921502478
2243436995
1945226996
1906974833
3115520458
2214709583
320674064
52431837
369692230
521470875
1304254188
3764705289
2888627330
2290064551
323871880
1432629493
161382526
816193651
3568426468
1456374433
1918578234
2798639871
2899320576
3120888077
3218749878
1408424011
619660252
3586490425
298360562
1547691095
1892788344
3080111141
2357533166
3010366243
3197200596
3656659153
559687338
801708207
4131152112
121238077
478413094
670603515
87043276
3578852457
4107838818
3885029383
2436245608
3860521813
2572668766
106717651
2942267332
3634244353
945617690
1852342879
4204846816
2532439917
1016947862
2630960555
640618940
1827288217
4226025426
1766684599
3885655128
327388805
1401790670
1618650243
3567973044
2635034929
784640906
2095650831
2432473296
3995076765
2994562054
3404193371
1734013612
791953609
2335295042
1125172071
719150152
1663288757
2556268094
3885257523
4223857060
239797089
4055513082
4031109567
1276022464
2591499725
37420918
2439471883
1071828892
3818002681
885579954
2838870807
1167986744
420382949
1857984430
1614048739
2176216212
3759399313
1411686506
2285487983
1784004784
1651134205
296564454
1178260411
2931140748
3055992105
678450978
1389846215
1178304552
3390494741
2003287326
3718640787
1129603972
3270314945
2125128922
3745505567
3323014816
1965851693
2557151830
1712140395
713194876
1742024025
2746165650
701542007
1322560536
2345644869
1557134990
1911809859
2368460404
2484699633
1605633354
445851343
3309295760
2595276125
2412476870
1145665819
2444775020
2118150537
1640781826
4206668327
2236126216
613161589
1127111678
3723052531
193709412
2375828513
459735482
2586744959
1235271296
1672090253
2732950838
3139087819
444996444
1942712761
198107762
620122583
53884920
996085157
947508590
1091637411
3129159764
1983402577
2074794538
2832021039
2696077424
1502309309
2660248742
3681275515
1121641548
3885581801
2826815714
1251517831
3321665512
2283506901
2758372062
3384166227
3588298564
3513822337
1613139610
736755679
1941257824
780652781
3781324822
2632440619
3227887932
3448563225
207620946
8299831
2663035864
55875589
3094617166
1692658179
3375659572
260592305
776019722
1405089167
3081164880
3985785373
3417526150
2381960155
1888840236
2655605321
1237100994
2118340839
575638472
375205685
3755010494
1852111027
533485860
3179431137
1092717434
1263146815
2638655040
710786893
798608118
2211231883
1217996572
2268170873
547005490
1312925847
2572820408
3410514533
796316462
1623487331
1958196244
3038872337
1504629738
3896730863
2165555248
828196989
3236749926
1246464315
1163911180
2590543529
1858140834
4254379079
4030295976
4243128725
3592214686
2236439059
1657113348
1290341697
244316250
1529274015
3679260192
935583149
2235798998
1411466731
1536726268
4275134169
2679549202
3424082935
2802613144
2261925061
2352609806
2752163011
1954864628
2283529073
1009514698
3744433231
804362256
2340716253
1140122950
1790504603
1739736556
537852681
482524034
1550104487
3249685384
1968636917
67450750
3016190835
340045028
1186792865
1957287226
1784174079
4274019840
3276942349
4128755894
1581089611
500953820
3733218105
3169592818
1675083607
3083454328
898258725
1500877038
2316211747
2081683412
1972335569
1878035882
1566331823
3006816240
4003456317
914577446
3046769659
4194606028
3209992041
888794210
1519088391
1689388904
3309254229
2185365086
2334862547
2780937924
1041640961
2074550810
867597663
2493029856
3315640941
2983099286
1585017003
802898108
476223385
2272464594
727372471
4153017176
3808993669
3185678286
1512583043
987562420
915682353
3946091146
866243343
3051362256
3645340573
2521840390
1564920155
2597249452
1414620105
1956547906
3823165031
3811621704
1043962037
93013310
2295373363
2226438308
2450294369
2277498618
504976575
3855470016
3276232909
69178998
2100104715
2920185500
4202953721
3934480306
1685624343
3460640568
2800032741
2083917486
1202682083
1549269908
1346512017
3147626
3738698351
2665529264
1444102653
2098433510
1523387
1686706060
119365673
1961401890
272431559
2200330024
1037970197
3734565918
370130835
446018180
1840778945
1496058842
1012456479
4149734816
3437115181
1422074198
1320180587
820882556
117477465
2908041362
2097744247
3757263640
2763507269
4079678862
1912369731
2281497972
330384625
1562045514
2279006671
2435995536
4221253725
545607878
2825085979
3987422572
1271958665
2869960450
595051815
3330994952
767880565
4196602622
2285932787
3437007972
3358639905
203663546
1296896895
2318335360
2130527629
661724214
3545979083
3438332508
468735161
1931503986
249834711
210523896
202940581
494423150
3831962531
1631829844
2650379601
204292394
58093871
1808588656
3967246013
3529343910
3431151995
1219318604
3800230121
1749880802
2372485255
1800828648
2206588885
3772883422
549130835
4244727364
1687072641
417248666
3150838495
457899360
37520365
467765014
2005272107
311416892
1600866585
3139244626
3756130359
1879593688
413117189
2446725966
2521265411
2275707188
3627226545
1939801610
3532566671
3383252816
3611276573
5514886
1322172123
67590444
3612112201
3654774978
3924388839
1803610824
3233350197
3079446718
215434163
142354468
3521759201
1402286714
2662568511
3819171136
187953741
3989594614
327705483
239261212
1133079929
3766692658
3789194135
1650409144
300213605
2197572142
1794473571
2526495508
2004207121
1437088490
569876463
29146928
4136385405
874592614
2107503675
707874572
2185572777
149373346
13649735
4244786856
1928746133
1054609310
1710040339
1220860420
1801064513
3967754074
3101022623
3627142432
3665531053
1961471190
3954864363
1216463868
2254619097
445297682
849721079
2005473944
1266700229
3215126798
835270595
630451444
4242122353
3498106826
3397992271
654448400
284488157
326941766
323541403
1101214956
2273648137
3669262978
3321221799
2446500488
869652213
3548900990
827635315
324238308
1475840161
1876196410
2030883071
2850856192
1017863949
2767284150
2960404043
3317998044
839861817
2087431410
471571031
2138957432
621406757
2994866158
2786763043
3356657364
3044456145
1583412394
1360760495
141582064
2031212605
1612623654
908553979
1289030348
3609475689
276247394
1496452615
3622430312
2834270549
1850228062
1617295315
3114274244
2329555201
3318565146
4197480543
3318504672
2321243501
2375783062
2114821035
109277116
2628188825
4116583890
336866743
2251661912
169456773
1649512142
1866578563
227217588
3127179057
3581966730
3867577871
822056656
226160285
4156494342
2022814811
3393114284
2906293961
1197954114
106756455
3107985992
2212195253
2748644414
3497584947
2300743588
3273263457
849446394
51957695
1422462144
2820901837
1520446838
3705583883
120991132
1749147385
1352265394
3160895767
3551022648
1917300453
1909032366
546735075
2171964052
4038879121
1746366058
1738685807
3886530224
952644861
3558204646
3638536635
3025700492
2447377193
4173128994
1162777799
1540177448
2184281621
2766547742
1256557203
3411214724
2345603521
1451832026
111007519
1004186784
110881325
1404516438
3242165867
1079303036
2197287769
894908306
3807208567
3956140568
3777747269
530705550
963706179
2873750644
160761841
2757612362
1564908751
794875536
4052855645
182134726
3244904219
2174364780
1496100745
2041570818
3118391335
562647560
1837744245
1043581438
2231622643
3316212580
1007766049
767315898
597134975
469318784
2723969165
3700994870
2340946891
2790750556
652294073
651030642
2172520407
2392749560
3864933285
1184023406
623453859
243289684
2181486673
1955309610
4232817711
3340951152
3127857597
3452361382
143041659
612090444
590908393
4218967778
870701959
2825672168
461124309
3631601886
539745619
3114120516
4143493761
275963034
618526175
1377614944
66926317
1962712598
135278891
2847278908
3658853401
2218137938
3186711351
3088183768
494321157
1565788750
991363075
714119220
2737428657
517532938
629762959
702928464
2717460509
1787886982
4035946971
192235564
1545312329
2337159106
2939913959
3396225480
1839256885
2019841982
2847248051
3836213028
2879212257
3001342330
2169048383
4147981376
1075193165
3097164022
1865420427
921208092
1856852089
2294788658
3927924375
2686475704
772634725
1990050094
3197274467
2062733844
2182482193
1165861354
1708645103
2392964656
1120349821
1257345126
668753723
553565708
3152925865
308906146
1404559943
2642881960
1368369045
3199682206
2600005651
2151688452
353833793
625624666
1538315423
3763506208
4148118445
1596703702
1698667499
3060200188
46146777
1270528786
2212499959
3133258136
3417989829
1093134350
3740517059
1998519284
4293093745
3870410442
4128176719
3897464336
3278988509
4104164166
3368338587
3415221228
1187463433
1442990466
1966271911
1940849032
3235949045
3894846846
1498284403
3252570852
3128822689
3554353978
2196589567
2656361472
1443926541
1013382838
4204190027
212422876
6695225
3225891826
889943383
3085829496
3054861605
128614126
3079842851
2458719700
3383359953
1554865066
3137784239
3856948720
3599747901
156632614
1503713787
3986782668
1287642473
4149246562
2474944775
3671967080
3240877141
3446305886
906805971
3673840836
4008326145
2261741594
1909879647
2117868512
354553965
1074047382
2878195371
2586287804
498556313
3047496914
3547957431
2208121176
3098986373
2967307726
1338459523
1018503092
1484896817
1571315850
1167542543
4066055632
3132776861
1187637510
3435700059
3853172652
1777314249
1938561858
1518670951
2634774856
1678327477
3812275006
1854747699
4178337444
3514010721
1650404602
1329875647
2298497984
2030812877
1975305334
1618764811
995744924
1556857337
3607918002
1627540503
1170697528
2872459749
3212377262
2598997731
3775863188
4051872401
4225422698
3533207663
883604912
982067197
2259958758
2157188283
2384721292
2255398441
602745890
2718707655
3224378664
3339768085
978280990
740775315
1166823556
1295127745
3871496666
3993948703
2207869856
1382391085
88559446
1840951659
1220020860
196826713
2880781970
192790391
1650755864
1898703941
1379197838
2018609219
3876782964
2781137649
2776414794
1256347599
2412467600
2895388253
3201105606
1062943259
1032133484
3595883145
1034661122
1844575015
2252583176
333091701
2137030910
2217944819
3857855076
423480609
4029740730
3440249215
4009720704
4257721229
844909110
2476781259
2528782428
3298695865
2530703218
751035095
2037159160
4197435045
600390254
3008836003
2990071124
1382030161
616959786
1129113391
2729762160
4084417725
13382054
1064701819
3326488908
3652857577
3523190242
3993925255
1832793320
2147386837
4213575646
2013833299
4223009860
3098457473
3068330906
387576031
137001824
1674177005
1555281174
4270218283
1977103932
1837895449
3618316370
1252832823
1725403352
1104793861
2330853710
55741187
2717427508
2691472305
2683229194
4239402639
3361690960
2109643549
2053756038
591172827
1994340140
1555479369
3458268866
2117706215
790079688
1293199413
2455244478
4110408115
2756691492
2057096673
3473965178
2735376447
3356650304
4177811533
364534
1187232139
2995401756
949826425
2305308978
386939287
1117617336
1338116965
2052798510
194745443
298475796
84036625
2569996522
1675892207
398638384
1175331197
1969088358
4177971771
432549132
2002941865
4215787426
2789965127
3251113128
3367303829
3316546974
3564157715
4181161988
2048923201
686910810
4088909727
3819916064
3188651693
3020544726
1890633451
2504532476
2749990873
2739323410
1875274999
1622562968
931165637
2160647950
1535790531
1495665396
3241749617
4005473738
297841999
1675040016
3539589085
1465936454
992784283
4118352620
2379572233
4272689282
438044839
1464295560
1282899189
2984336510
3685960819
266672612
2656079521
280873530
939116287
3422100224
1065469197
746100150
3970270283
3800694748
2039024697
4169054962
1588023383
1360667768
413995045
3371103726
1853273891
3414402260
3794353361
3671442090
1260258479
999578864
924433981
2720619814
3490071803
3429492940
1344766057
1501938018
3112387591
1569563752
1039413077
262712158
3156184531
4191202244
2588292865
783128346
1252552287
2917653216
2515845997
956940438
2532962731
3670527420
3482566809
944251858
428532663
3753959512
517986949
428178638
2881015939
3092983476
1089109297
4088153994
13894671
3924989136
285594781
4084252678
166431323
3708989100
3127954633
1762452034
2421763943
2123552840
247665077
867985982
319651635
3295817124
3977842529
2264454138
2996553151
1920174784
1711272397
3312802678
3087404811
981044124
136422649
3990551730
38348567
346197048
2175849701
3578033070
1722325475
1797564564
2190798225
729431146
3485119343
1978252464
2337676029
82744038
2805235643
3790300300
348735785
1719235362
3598043847
2689530920
1014768661
248813854
1775575187
2034343812
3789625281
2044166362
2729168159
3197381280
3761983533
3648218710
69327979
974600572
3511335257
2154775954
2797214327
867641368
2226650949
4209236622
3734901571
727192180
406883825
3497501002
11145935
2725368976
1554157917
2891634118
3526960411
292293228
4081644937
1728279554
4021360167
3837399048
1354196597
766064638
902722035
498532708
2411089953
3280051642
4189095039
4081171072
3242122893
2562449718
2611304907
2383992668
623312313
859635314
3233136087
3170284536
2005752229
622571886
1055997091
1013804116
1057316433
2363258410
2289705519
4001553520
3347265469
3681388710
558987899
504143948
906482153
1541596386
1810043271
2848723944
3775715541
3102885598
3629216595
3007992644
3652237441
2083465882
1115810783
762591840
1369611501
1124518934
183011115
1727423804
1238266393
628893522
907284791
1817784280
3049841669
2326001742
2667189763
3722229300
4294663857
1726003978
134406543
2501170256
2593132061
2682170246
2530574299
910501420
152952393
307217858
115588327
2306672584
2400484149
1969735102
2662737075
930321700
1860718817
404236154
3019375423
1176742464
1711180621
873211638
1245930635
1898439452
3512276601
1382334514
413996183
970365880
2801966693
4264865582
34643811
1260253204
809144081
3233574890
3424407791
2367667248
811668605
593903206
2703045947
76389388
3835894441
864163490
2827688007
1506077608
140922261
3284251806
3260319251
2745878276
3396671809
1735693402
820693663
3527936544
1592437165
3817075158
3188584939
3575992572
2581523161
2435762450
2790836215
1499920280
3201468613
4001748494
1468848323
3148421620
1893396337
1487377610
3449712719
2308674576
1871596253
2881241414
444635803
2942173676
2360313609
1152505730
1689330599
748404616
110776309
2696418174
1753519987
3983010020
862917025
2524737850
1211253247
584669696
687798285
3844484278
916467531
929476316
3447189305
2501001714
1223633751
990004088
2094048037
1716481262
2059846179
1660302292
787775441
1222257066
2975940527
4185938928
3400511805
2593698854
1230483451
3643693004
291185513
2803304546
2066603783
1341752168
1330152021
2768429662
2728286419
102955716
3169729025
761773594
883321183
1154456032
1020491373
3903510422
