1593254907
3464444876
89044841
2339212386
1881838343
75933544
986404437
1864345182
2150386899
2844810948
1666469377
1083097626
490315103
3472965088
212912749
3663731606
329158827
1300095164
157595545
2303635154
1698820791
520528728
740082053
2561095630
3555807107
2899550644
3822736433
3364106890
3396137743
1827715024
1692375965
1774836486
808708443
3952705964
3394995145
2615291202
1947205223
475355976
1557510325
3896042814
3647061555
2396217508
3915032161
930578170
3559683263
3817237952
3580328141
3699455606
4293013003
2617319068
1536564217
825165746
4243568151
588369720
487144421
13348526
1091082467
2828966804
4086842513
3159336810
2788369007
759259056
2965070333
878521830
1150574267
3651385228
892829737
1425817122
3808172487
2107309864
227166997
521573406
170975123
3540275844
2132160193
3685985242
2264661023
3764424096
2987284269
1156890966
3874847595
2536524924
1679994969
550555794
1007692151
2316299032
1340859973
2307954062
853905987
1452508532
890725617
3758787658
1203896783
518190992
760436829
597618886
2792391707
789962092
3120213129
737394434
13034791
2857341704
3061910901
7385854
1743892723
3684381796
463398689
1232816314
4102042495
2257034624
1060988301
2540878902
3375397067
1401121372
4246893753
4218161522
3162197207
871954168
4099719333
766372974
3034594211
1512726356
3312432465
1038934314
2213646639
550338416
4248796861
2303140774
3424672123
4268225356
415041769
1912647650
1028153479
1617630952
3444703189
352272862
872165971
168822340
2181877633
4177941914
2274433759
1391697248
2777457645
1941120790
317400619
1634891836
1286433049
1077457490
1141448759
1019540184
1173605125
2212213582
3192952067
1390094644
2377725361
1009690122
3684290703
3455645520
3474445597
3540895366
2549866203
3591502124
1570149705
1415254210
878218215
2581957320
3549766197
2172272830
2611504051
3151677476
1098377185
3196899962
1460056639
2124188992
2576618061
2507014646
2625471371
3447027228
3302722937
1248774962
3297878935
4234927800
2353595749
3201428014
848207459
3692946196
1124853265
2634537706
2073214959
2103271216
3715390333
2326452582
1482363963
3230396172
3768537513
3694846370
2916050759
2360798888
1457681557
110735262
3092137235
1249081860
3036164161
3393634138
632879519
4269436192
1542172845
3562753238
2856292587
537158652
600105433
1363563538
1542248183
115718808
452227013
2907214094
3773978563
2372570356
1719649905
2125496266
1018453839
1106425616
4008514013
1440111686
3348494747
1145951468
1173306889
4007142018
2642735783
2866233992
4040292085
18189950
2403718771
189930468
61188257
2825657402
1652551935
2206547200
3106635533
607324086
3968421451
1570193884
1937860153
1744260338
1408416343
740984440
1368263205
3120015342
2228470051
4198049492
1160566481
1533056170
2748755631
3937468144
1444542525
4131933990
201625339
1674554060
2107529833
1298846562
592522759
2722006632
1190898005
1772477790
300357587
1341042116
546853121
1093986586
674469983
2058681568
166428013
2494378646
2142419883
111546300
170465945
2109322706
578506167
2016559704
2611860613
3952553678
3314211459
2986455220
4163573553
156244362
3788615183
43005648
4052946589
1236840966
3086931035
2643030188
3284444873
2502620226
2332825959
1558493768
183995317
3573718078
495585587
1707159460
3404212577
3638109690
1034678207
218213568
851684301
1367461238
3960723723
396938652
2312371961
1573228210
1767805207
854912568
1894502117
3839829422
913286115
1077684884
1687324561
3132558954
3548208495
3498598064
737170685
1239385318
3386689979
3958580876
2692358953
1062241570
1284355271
12705320
4200439317
1944308510
2072423059
2520883588
2376937921
261149402
364967711
526601376
2756446765
2724780118
637838955
152533884
3768193881
2941441938
4134831223
3765078552
1423964485
3834088590
1457134915
744526964
997926897
4258100042
28425423
1469150864
4224306013
208979910
2885054235
3313814636
3889614729
2702411266
195952679
4023251464
3737510005
318859774
3778345971
652739428
3221187105
3784568762
3477778047
1389485184
1528600717
3944370998
2380080075
3479837020
1217615801
4120481906
3281332183
1082856952
3609351077
3309855598
2451719843
4192661076
4194105425
3167438890
2705771567
1453555312
3820450237
3274734246
883147899
481714764
3119688681
3953915618
2554657671
3355506152
2378715861
454260958
4025285971
1496077636
2230768257
2803530906
891360735
71654496
3754776301
2874031638
4025831723
3675825980
1205324825
2412886354
4137188151
1330549208
2471157253
4258900558
1067458563
675756084
3912235185
1038650634
2467597199
1219917392
4065413149
3150617990
2789001691
1610606636
2196093001
743561154
3995772647
1666378184
3908891957
2429679550
889630387
1787205412
3417008865
341604730
3189517631
1286982720
1190544717
2126289142
2225417867
412820764
2961141881
3107148338
3780542103
1152187832
821139557
2700304686
2729159011
855208468
506210577
593314282
1676868335
1690459696
3257880189
1610297446
2937683771
2044288524
4207408297
1279076514
892797511
3619409320
3724265365
351594142
702156819
2490288388
1328886593
965863002
2366895263
18557984
825189293
488465366
4031036395
4033450748
2694989017
2297846546
27734519
2493405592
1672381125
1565362190
3936150211
2440403956
2047445361
1801545418
1287264847
2646554128
2045347037
897200966
1771168923
3501900780
632381705
279308674
3242331559
1999872392
1717357045
3828630910
868163955
207416036
2527865761
2196947770
1893755903
2993519616
3406869005
1512611510
1126955339
1190916316
2186823993
4065514482
23237975
4011500920
3944324389
2107645678
852216867
3073619412
2850036177
1881996202
843180463
2728721904
3424119613
3724518950
1543371259
1193023948
1404697961
449059426
304335111
3484575080
2276981845
3611825246
2752373459
63503556
4113060865
3099004954
3831075679
2913254368
3442618477
630606230
4189251243
2093629116
196705689
3296771282
3059787959
1075437912
2462771077
3903006158
2190501251
330022836
650631729
3891789962
2774690063
3731600848
4149379485
390301958
2025176923
997547948
553241033
3889150786
3551802471
2872056136
1403346613
1659392830
3088995379
2821389988
2311171169
4279684346
240609983
4223200192
2083249869
2334024822
4231103499
1850506396
1054728697
2864190898
578382871
2945715512
844784101
554605742
3443699427
307607956
903400081
3841619306
3807615087
2014010800
3325118461
3137199078
504444091
2285802892
1971897897
3506490402
3721088967
262454568
3887919381
2546795038
2571662739
586870916
1066415297
3595172314
3249664543
1638009760
2828385581
2994270038
2667565419
1945807484
1776121433
741400210
1938087799
2709596440
2908752965
1167754126
4063930435
447325044
3895126769
3580648010
3553458127
1383855504
2404138589
3202784966
375937563
2213526380
2239689353
193940738
876682023
1057509640
1838592885
581837054
1558464243
2578502244
3450596641
445159098
2101422463
1616386944
2936523661
3747473974
2725629643
1649199196
651180729
2887980914
56296151
3050910968
4084459173
285137518
3167768995
2417982804
450247505
2206576426
214435631
213220720
893084861
884330918
2551394171
16830796
3505671913
2830319074
116233863
3075658984
449488341
1279504350
71944275
767861828
3073168769
67806106
1809649887
886250336
2014972397
1904563478
854293547
2310723132
1540239129
1774633042
1473500727
3365155032
3010821
3656622414
3831212803
3526313780
1995619249
360608778
3468379791
28308816
647412509
1243837574
1164555483
1307170604
604035913
2510593730
2980626919
847005896
821086261
4182093502
2094070195
4239287844
1261104609
654844026
1683859519
3624602432
2019850317
3836162038
3904428427
3065828380
988763001
2152978738
583489943
4054457528
3676711781
2469451822
204780643
1011941652
1905814545
227453162
109000175
1214471472
1576419709
1223133030
751036987
891473164
2528941993
2610655138
3159006535
2793188520
4255193749
2859212190
2681330451
535173124
2763929153
1941507418
3919245215
4277660448
2961118893
3497753302
3358975723
835371516
1112254425
3875693074
1108184311
2232613016
2549388741
3413016334
3283316163
637315828
1272925297
1240354250
1290523983
3016209680
1643247581
2528774726
3363426203
4246975212
2369750025
1607446658
3668650151
1162608776
3665009909
2087648382
849636467
2900605412
2868817569
911567418
711780095
445758208
2902582541
3904517558
1102750795
3210518492
1006316601
1896504050
3212734551
315016312
1446064165
2909050350
2251282211
3802809556
316628177
81093290
3872990383
3537173744
1159847485
3042114854
4276315387
1751419084
3080822889
1668899170
3970065415
2095203432
754995029
671501150
3869289939
3038727108
285497089
387266330
28020319
1473280736
2256855917
4246429846
832508331
2682940860
1041621145
3450061778
3505521591
1723695192
1098119813
4291501262
3137466499
3251752628
2679151921
3564889994
3307152399
4035130576
2786981021
1114267654
576236123
3042791084
301657289
63996482
4261957479
4147607624
1725903285
32115262
1495179059
1175506340
1441214305
439383034
4130268607
2678860480
3785363917
4183227254
3761975051
2414619548
2863908089
2282134706
3628091159
2297375800
2438264037
626660270
3045177827
250300564
2540375441
2870598762
2224411503
332029104
2944285437
4156044006
4046561211
2659583116
3831720233
2047677218
1186261703
2588122152
94913557
4208081182
326516883
1764769668
3300865985
2682200282
986639647
2535246496
4008407085
3844408918
31915115
3352942972
804051289
124446098
1665219191
3176384536
2305564485
482966158
3037147971
292467316
1797697009
3605479754
1846883023
4288836752
400208221
2868147654
2512799003
1515629164
3270710665
3680965634
713045543
2281615368
2465433205
2675365886
2332004851
603300196
1956933665
1683570106
2925765759
2669304448
1795096205
3829236022
3069868491
4230707036
3352894905
2399706738
734846423
2212713464
2035382693
2161201518
3840564387
215223380
1476099665
35395114
1987396143
855866480
566974397
1305946278
2792266363
2605137996
2378297833
420906210
960639367
509653992
2757294293
412083934
554865491
2010706756
1219418241
2144783002
3687123935
3567049312
2658319597
911764502
2345510699
1566115132
3096482329
1041745746
398143799
2559954904
3164406789
2284427342
1552102915
1083397684
1728151217
854612746
1049493903
3907351632
2615684637
3994569606
629317595
2412758572
1894252105
5465538
785571047
4150372296
3681590069
718628286
587678899
1649554724
4025905377
1720698746
4190839615
278678080
1574873933
925746934
2025358475
2547680028
2485859961
265314354
954479767
4083366840
3135684197
92950318
522829667
3894710292
1834004241
3416002538
322400495
406871088
3771282557
3044007526
2170180923
3798481932
3833412265
978695842
4077533255
3908668328
3855773077
922703006
3392513555
3705235204
3851630913
3904648282
3947752095
3893406240
165333421
1584763350
3792900587
3559387388
952175321
3681184018
3441420279
3359872920
3888556229
1739290126
473299139
989837812
201396081
2320970954
3981021263
1946956816
3607522013
3918913862
2488122011
3112739308
2895750921
1280669570
2579514279
86007688
2098622453
969257854
1005959027
3706095844
1889350049
848564538
1059414527
2884762112
2399082509
1072155830
2553630539
3065597660
3496611641
1411244530
1044794199
2267997048
3268723493
3108310254
788521507
1822217172
2955583441
2304362922
1906073519
1799420912
4046967101
3963769894
2763313147
3081304012
3646243689
2542446690
1657601799
2580423528
1725211221
3420488286
2308929747
1408342724
2754370049
3427753498
808028511
1765292512
1709413997
2335995798
3614915755
1611046076
3510518681
153275090
573529783
3692896088
3618180485
2702119886
517962627
2893274548
2464505905
1054592650
4043824911
685159376
771057565
992818950
1692898651
4215356844
3335000009
1496140098
3121113703
821745480
1956971701
570933566
2961893939
796040356
1599648353
2586188538
2771542207
3906693568
2468365517
204182134
1211161099
1820842652
4250249209
1706107826
984818199
2936425272
3185280997
1640073902
2670511331
637327252
3108589713
2098545514
1751387759
2479184816
399977981
1880000998
4080929467
516518796
487197737
2859817506
927630791
2426305320
2216662805
217280542
2584742803
1491177092
1295661761
3696248794
823650335
2949876128
2806850349
2859277654
4273612651
4105504892
1657289817
2969627794
1974048119
602040088
419705413
3658772878
1329577539
11518324
4100878577
1916676170
2156457423
1325724560
3312788573
1084116166
3658493979
951687532
3493017737
2157632258
2657833255
3132165896
2128370037
4183527166
461823219
3048632420
3840471841
788915386
313663359
4279802240
3204592013
1773738038
2070619339
2365990492
1538130105
239740274
3974805719
2594796280
2562395301
2227161198
3127928739
1610914644
3782000977
2827910442
2387508527
3113057136
3647425213
2123661222
263587195
3683233612
542872809
2899692514
3745696903
3978990312
1517505493
4026015198
4131872339
661209668
1769790337
2323575194
886638303
3550648672
2195156973
1774682902
2862338603
1173566524
2384393497
2093272658
3863907383
2941480664
4170716933
2021363534
1477886211
1668506932
3915137457
104743434
2458696847
3998675792
2185601309
396960390
4136078043
363967788
2577080649
3697159362
363395047
2718107336
410807861
2508266686
3618213811
2339505188
3926782945
1123249786
778346047
3865676096
660921933
3864026614
3835965323
2884907548
3962771833
3618170674
3551334295
970480312
3363173
1744815662
2341128803
645144340
1096086033
3448076010
974892015
3294190384
2057840509
362034534
1557971003
1906944780
336190889
2557214114
2306200391
2402445992
3331309717
716082078
1493528851
3142104580
1102330945
144399194
1110238623
2892327200
1833073837
923510998
3990633707
3347128316
3020058073
3593367570
1390297847
1311782552
2200222661
2718199054
2753856451
3229534452
3933131377
2627476426
3721612111
3465327376
153542109
2651699270
2098046363
4125724908
3015690761
1178025602
2927713959
2796600968
2118468341
2352507518
4289921651
2355451876
394769569
3886987322
1594481919
1452161280
2701675277
3484509110
4137417291
487718364
1873080889
193816818
767174231
1012073080
1627674149
289506286
3711692067
1158374100
2982273745
1840918698
2190187183
1541995248
5882941
4073564966
4252121851
619275980
3906266729
653782882
614701575
376832616
1697969493
852932958
1024082899
3493849540
3735051521
1214612762
533955679
3520854240
2605599085
1073319574
2604361643
2904476604
4113737369
3875394002
1511569847
2419637848
2238324869
1013910222
1579746947
3281120436
812000049
2534913418
3642530319
2003186384
3201882781
1905004038
4032987227
4246809772
1868640969
1474695234
3082061159
1215968840
2901858229
859928638
1851995443
1414556580
3591779681
4009214458
3412188095
3343296704
3232528333
865872246
3826418955
4095707548
1724091129
3015158450
4191288599
299461176
3891141349
1178927534
977522659
1200252564
3413349265
3404507754
1046366575
3892075184
792469757
2483085542
3560338875
4178109068
1333571369
3526992162
1603018951
3803535912
2468538901
1043375902
3709195923
3792625028
151076289
4221398746
1418519327
2613463200
29021741
1917924438
1165578859
3935057788
846176089
2566058898
1522397303
3308062232
2351449413
3984287886
1894009155
3631009908
3020043249
393285450
3140004047
816018064
3357251421
4024705990
2470845211
253266028
3711916937
1797956098
1073900583
3340725768
1632709749
2690401790
3195676659
1056128868
1316582945
3935210426
1512872575
1884477568
3675350157
3754995510
2680672203
81581404
307159993
2582097010
4139029463
3928723960
2175836069
2362064750
3982652067
2041653844
3878290513
3873236010
72595503
2421389936
2349809085
921556646
2213113979
2982682188
3099670505
3555791586
2834261895
330330600
1830395605
1115444446
870852947
745902404
1234624129
2483230874
655950303
568612960
1430790893
2077399574
1062599979
864641852
209279001
2513294674
1938679607
4241296856
3827247621
451511886
2266385411
718238772
771949745
4285016330
2058844047
33845840
162468893
919992710
1752724955
3482297388
3457827913
2579821506
371921639
576742856
403980597
2840122302
1253563059
1745736484
1769043681
741545338
2989103423
1232259136
83300685
1645147382
3699104395
3809075484
1929837689
1205694002
2736908951
3037297080
3674989669
714161454
22533475
3879710228
497366289
2202721770
724297455
1018059312
1536367229
3646196838
1867197243
3538360844
1432518825
635323554
797797959
2301053352
3487110037
4118397598
4232133651
2872313092
3911270209
1129742938
2654462111
1005987872
179711917
3393044438
2609997803
4225126140
3826241753
1196324626
2202574327
114873752
2584661701
3933824014
192876227
2793002996
388535665
4038918858
