1254972567
2854896568
405939813
4123957038
2404476771
3474462740
2011076369
2269173738
3393558767
4024984624
2407636093
909977190
3732340027
1875690508
1757946537
1922268834
4091371591
4255290280
328717717
1500880030
3001503251
3738103556
456859969
817036378
1854280351
3654988320
2555195821
1471470038
3371809259
3704518908
1264972505
708456722
526192631
995008408
3968209093
282312206
3354501315
544686580
2604857201
3139435722
4012619855
2423798800
464704221
1070016838
2675860123
368126444
1276677897
2654420866
1072130983
4144850824
4283422709
3726637950
2503696243
2388660452
670636449
3366902074
305236479
595591680
6651917
4153087158
36697931
1600378588
2604857145
3046222322
3671552855
947776376
151530277
3981530350
3226438179
4070071252
4263544785
558272938
139626415
2389771248
2782411069
701996070
1207531515
3306520524
235416425
890269794
944252679
1795107688
1468140117
1142868574
2105090259
3605996228
2537308673
579741210
487174495
2827633120
339607149
2470690710
780526763
179643580
1313549209
792367826
320112311
1303390040
4182799749
838818766
