1069753219
1962108340
3650046001
804034186
1720846095
348830672
747229085
1915125510
2319465819
2612118956
179238857
1951863106
1222087271
3815759688
3989204149
3223980350
1761120819
2784240804
1209834081
579396346
1978042559
837906880
3631131853
4137081462
4132667915
2067423900
647401465
40692658
2313964055
1658671928
1425469413
563466926
4188302563
3540017044
849819793
3108637546
113391215
175989680
979342845
2993410534
2225779387
876477324
3928290345
1967333922
158182855
643269416
2679439125
586790942
1091679123
3840349828
3853656769
148312026
2946502687
1152225696
3717172013
154953046
1844498283
3379269756
842867801
1986049170
758562167
2617077528
3214121541
2597108110
2370528835
876038516
3665844465
3952537674
2444957135
310442896
3857812573
2690618566
3247495195
2771525996
2692882569
755802882
1038252327
900601608
1457897845
3645232894
3676079347
2034235492
3876903713
1907403962
151930751
565617024
1077451149
3471597622
364235979
2311106140
3411470521
2924342642
382460119
1493727992
3904795813
408686702
2249199523
3155174228
1848813905
1359693098
1549051183
2345501552
3520574141
230279078
927640955
2164668236
1843297513
1827378146
3591238791
1332452072
149992405
3955647966
4168156755
1148635716
2405221249
1431157146
1829318367
3322192224
2835470317
1734265622
3657071147
3434200124
2549865753
2842465874
2357441591
905344728
2349825797
2969294670
1531603203
2315447604
1456875953
3487500810
1734796431
2438658896
749340957
3895618182
1211118299
3593616684
3729918281
3793220802
3989315559
3985116872
3077428789
4281558206
1181169587
604212260
3986807777
132527738
1919469119
3935277376
1283671629
239838710
320264075
515291676
2319712633
1123331890
3553175
180314808
1897838949
392433198
1884451427
3112675092
3380795921
2856992490
1607062511
4196492080
2969603965
964787558
3264833595
791556876
3388261801
365544866
3437820743
3321590440
1878337685
1413796766
1582766355
4049485316
3707511873
967975770
1543835039
72315168
3948209325
459993302
2237850859
2286397436
3762771417
840841234
263940855
3948625560
1803822021
2588718350
343944131
1645629684
3343956593
2122638282
2656400207
1494792976
2775795165
660537414
3772665243
2456951020
1423880713
1832453762
3880289959
3401434760
1277078261
3350377086
3315116659
2180964324
75734177
4142497850
414582015
1144799488
3524178701
41200566
1630970443
2380039644
605936185
169947378
2230013527
667028088
1524088357
611175406
2200671523
2535910100
492292817
1187444906
669106863
4248371952
3701091389
4085445414
1230430971
2188766924
4012363369
698201954
3703489031
700910184
1904368981
3526689118
3984845779
2807919044
3612361985
2814659866
1129557087
2538471648
3645419885
1394661014
1122635691
804082620
736071321
976591314
1436410295
1273742936
716277893
1014977230
3819744899
1748071604
1689258801
1497922954
2907095567
4051319504
3037545117
4221916678
240855131
4256281772
1424497353
1747966018
2032381287
1292844616
297287605
2290335806
863034675
787608484
2491030881
276466170
582353855
2793189568
1704648653
3106369910
852831499
3941732764
430207737
227766962
2745902359
533754424
3534324453
87640494
1230731235
3769495188
40991633
1749119594
2338091375
4241777328
426019069
3112052966
2923634107
2124245644
2386007849
573008162
3025094855
3666764328
1784173077
2606165790
3770121875
3795084676
1192830401
1363424986
2847214367
3602927776
1738358317
4232084566
2773482091
3076702076
1535412057
2876423058
3169523831
2808614424
1448586565
1028894862
3012555075
135551092
666115057
2179585866
3405435087
2722069136
2151153501
3267718086
325501723
4222685292
4012786569
750545410
2988020775
3023861256
3304756341
1466338814
716165107
2258421604
3326434849
3864613818
1999159935
1225842816
1541917837
2357046
2058516427
163011932
2878852025
386626674
456506327
581605880
3310618533
1065781102
228727459
3789337172
3515870289
276409386
553246767
548635248
3961497021
3375570598
2485000315
3882133068
400826345
958847714
3260714887
4161894888
2000094933
2775227614
850514259
3718453572
3038168705
2817646746
3588827615
3664142432
1259506413
3297370646
4283737387
3530025788
267796505
798334290
1684213559
227546584
993432069
42585678
787084291
1837038644
3374116017
3660116234
3996229519
1932032592
3954408477
2592031110
4072742363
808463404
4101057609
3567172546
1625963239
355784
3802507573
169548734
102073011
2764004132
2191875809
3393576314
3167633727
599314496
3384113485
1697266934
3951985291
2112645404
3669484665
2957588018
1783304855
537952696
3751234661
420840750
3669982563
2792568340
2742230289
19899882
1064963823
1352032816
2576056957
543282278
1571279675
1082892812
3169675433
1750863010
899716679
1645236648
1960737685
2788166302
2654135315
2506722564
1778984769
3717024346
3467643039
2046832672
4167604141
431818710
1673007083
4106016508
2851387609
811482898
717604343
1310973336
3859691205
2984356878
3229267651
2217828340
3249175921
63294154
3450547791
737491472
2621421789
1620236102
1865037979
4277077996
4117812489
966184322
341156263
4029293960
2809757173
912353662
3764516211
1696181988
1918508961
3456116538
1516666879
3996418048
2210653709
905593526
4163456331
2605790428
1740946745
588036082
3484100951
3351390584
2385727781
2544255726
2071175203
4197546452
1356533201
3156434858
4254924207
876413424
644357949
2093632038
765480443
3453115852
1846767977
1770454626
4242627847
3091917160
962645
325531742
2650453715
3309813956
1857046529
3822482458
