1069753219
1962108340
3650046001
804034186
1720846095
348830672
747229085
1915125510
2319465819
2612118956
179238857
1951863106
1222087271
3815759688
3989204149
3223980350
1761120819
2784240804
1209834081
579396346
1978042559
837906880
3631131853
4137081462
4132667915
2067423900
647401465
40692658
2313964055
1658671928
1425469413
563466926
4188302563
3540017044
849819793
3108637546
113391215
175989680
979342845
2993410534
2225779387
876477324
3928290345
1967333922
158182855
643269416
2679439125
586790942
1091679123
3840349828
3853656769
148312026
2946502687
1152225696
3717172013
154953046
1844498283
3379269756
842867801
1986049170
758562167
2617077528
3214121541
2597108110
2370528835
876038516
3665844465
3952537674
2444957135
310442896
3857812573
2690618566
3247495195
2771525996
2692882569
755802882
1038252327
900601608
1457897845
3645232894
3676079347
2034235492
3876903713
1907403962
151930751
565617024
1077451149
3471597622
364235979
2311106140
3411470521
2924342642
382460119
1493727992
3904795813
408686702
2249199523
3155174228
1848813905
1359693098
