3015690761
1178025602
2927713959
2796600968
2118468341
2352507518
4289921651
2355451876
394769569
3886987322
1594481919
1452161280
2701675277
3484509110
4137417291
487718364
1873080889
193816818
767174231
1012073080
1627674149
289506286
3711692067
1158374100
2982273745
1840918698
2190187183
1541995248
5882941
4073564966
4252121851
619275980
3906266729
653782882
614701575
376832616
1697969493
852932958
1024082899
3493849540
3735051521
1214612762
533955679
3520854240
2605599085
1073319574
2604361643
2904476604
4113737369
3875394002
1511569847
2419637848
2238324869
1013910222
1579746947
3281120436
812000049
2534913418
3642530319
2003186384
3201882781
1905004038
4032987227
4246809772
1868640969
1474695234
3082061159
1215968840
2901858229
859928638
1851995443
1414556580
3591779681
4009214458
3412188095
3343296704
3232528333
865872246
3826418955
4095707548
1724091129
3015158450
4191288599
299461176
3891141349
1178927534
977522659
1200252564
3413349265
3404507754
1046366575
3892075184
792469757
2483085542
3560338875
4178109068
1333571369
3526992162
1603018951
3803535912
2468538901
1043375902
3709195923
3792625028
151076289
4221398746
1418519327
2613463200
29021741
1917924438
1165578859
3935057788
846176089
2566058898
1522397303
3308062232
2351449413
3984287886
1894009155
3631009908
3020043249
393285450
3140004047
816018064
3357251421
4024705990
2470845211
253266028
3711916937
1797956098
1073900583
3340725768
1632709749
2690401790
3195676659
1056128868
1316582945
3935210426
1512872575
1884477568
3675350157
3754995510
2680672203
81581404
307159993
2582097010
4139029463
3928723960
2175836069
2362064750
3982652067
2041653844
3878290513
3873236010
72595503
2421389936
2349809085
921556646
2213113979
2982682188
3099670505
3555791586
2834261895
330330600
1830395605
1115444446
870852947
745902404
1234624129
2483230874
655950303
568612960
1430790893
2077399574
1062599979
864641852
209279001
2513294674
1938679607
4241296856
3827247621
451511886
2266385411
718238772
771949745
4285016330
2058844047
33845840
162468893
919992710
1752724955
3482297388
3457827913
2579821506
371921639
576742856
403980597
2840122302
1253563059
1745736484
1769043681
741545338
2989103423
1232259136
83300685
1645147382
3699104395
3809075484
1929837689
1205694002
2736908951
3037297080
3674989669
714161454
22533475
3879710228
497366289
2202721770
724297455
1018059312
1536367229
3646196838
1867197243
3538360844
1432518825
635323554
797797959
2301053352
3487110037
4118397598
4232133651
2872313092
3911270209
1129742938
2654462111
1005987872
179711917
3393044438
2609997803
4225126140
3826241753
1196324626
2202574327
114873752
2584661701
3933824014
192876227
2793002996
388535665
4038918858
