2902582541
3904517558
1102750795
3210518492
1006316601
1896504050
3212734551
315016312
1446064165
2909050350
2251282211
3802809556
316628177
81093290
3872990383
3537173744
1159847485
3042114854
4276315387
1751419084
3080822889
1668899170
3970065415
2095203432
754995029
671501150
3869289939
3038727108
285497089
387266330
28020319
1473280736
2256855917
4246429846
832508331
2682940860
1041621145
3450061778
3505521591
1723695192
1098119813
4291501262
3137466499
3251752628
2679151921
3564889994
3307152399
4035130576
2786981021
1114267654
576236123
3042791084
301657289
63996482
4261957479
4147607624
1725903285
32115262
1495179059
1175506340
1441214305
439383034
4130268607
2678860480
3785363917
4183227254
3761975051
2414619548
2863908089
2282134706
3628091159
2297375800
2438264037
626660270
3045177827
250300564
2540375441
2870598762
2224411503
332029104
2944285437
4156044006
4046561211
2659583116
3831720233
2047677218
1186261703
2588122152
94913557
4208081182
326516883
1764769668
3300865985
2682200282
986639647
2535246496
4008407085
3844408918
31915115
3352942972
804051289
124446098
1665219191
3176384536
2305564485
482966158
3037147971
292467316
1797697009
3605479754
1846883023
4288836752
400208221
2868147654
2512799003
1515629164
3270710665
3680965634
713045543
2281615368
2465433205
2675365886
2332004851
603300196
1956933665
1683570106
2925765759
2669304448
1795096205
3829236022
3069868491
4230707036
3352894905
2399706738
734846423
2212713464
2035382693
2161201518
3840564387
215223380
1476099665
35395114
1987396143
855866480
566974397
1305946278
2792266363
2605137996
2378297833
420906210
960639367
509653992
2757294293
412083934
554865491
2010706756
1219418241
2144783002
3687123935
3567049312
2658319597
911764502
2345510699
1566115132
3096482329
1041745746
398143799
2559954904
3164406789
2284427342
1552102915
1083397684
1728151217
854612746
1049493903
3907351632
2615684637
3994569606
629317595
2412758572
1894252105
5465538
785571047
4150372296
3681590069
718628286
587678899
1649554724
4025905377
1720698746
4190839615
278678080
1574873933
925746934
2025358475
2547680028
2485859961
265314354
954479767
4083366840
3135684197
92950318
522829667
3894710292
1834004241
3416002538
322400495
406871088
3771282557
3044007526
2170180923
3798481932
3833412265
978695842
4077533255
3908668328
3855773077
922703006
3392513555
3705235204
3851630913
3904648282
3947752095
3893406240
165333421
1584763350
3792900587
3559387388
952175321
3681184018
3441420279
3359872920
3888556229
1739290126
473299139
989837812
201396081
2320970954
3981021263
1946956816
3607522013
3918913862
2488122011
3112739308
2895750921
1280669570
2579514279
86007688
2098622453
969257854
