4043191195
2410989292
3231025161
2764432514
2279853223
2793690248
1875370229
1221488766
4021637235
1167543780
1830105761
3994164794
1119488767
2530512640
1356769549
1426598326
2766669899
2726474716
3840028729
1952288498
628102231
2338592888
1504080933
930154990
3540630307
3734165716
4238794961
1183782570
3472836783
1394397424
457155133
2498621734
3942238459
358587596
2119804009
812225890
495781895
2049218664
2866189141
2399125342
3649278419
3044859844
3535592193
1443621658
334148191
4049424096
589539181
1464030358
2229171627
3757736380
3672040601
1064368082
1863690167
2783237208
1441480325
854692046
4197307523
3085198004
4187627825
1408211850
3954657295
143984848
2910697629
3999224838
1258360411
2713871020
1293217993
3317347906
1000665959
2240007240
1043822005
3229449790
450069299
1930977700
406958945
3982567418
2875197887
3951230656
134272461
2656628598
3700200203
2447785884
1549715705
357421234
2006313751
3282075704
1741568229
4271540142
3221200355
69721236
2725679505
3041366122
3533698927
2561028272
3105881853
218572518
1332478907
1867847820
4108283177
502351650
2583924423
781840424
662865941
1308601630
3170706579
132240260
146521025
2487866586
3153203487
2856165024
2953720877
2986408534
3762970731
1891495292
2541346137
3710654866
1288232567
2827951128
1390895941
421785230
3822524227
2329233012
3897831921
953087306
1284593359
1179142288
1958638941
1184721350
2727520539
881835628
2312182153
3460646914
478206503
392102920
1884277365
1144933374
3042473459
4182848868
994243617
2264789434
2759379071
243609216
1474544269
905147702
812637643
2969144156
105390521
1514394226
679903703
1420339192
3872308645
2638595438
286015651
258252884
2286617169
146655786
3462620719
275992688
2733710269
215620774
1523383931
602559564
1812067817
1206827234
3539260807
499845096
775371989
1274108638
3846010707
3370026820
317676673
1572175514
1875652575
3042029152
3357114605
3924320278
3646229291
51452220
1860277785
734853970
1889981751
65348568
4280043525
1102580814
3740736003
1364060724
192086705
2873888522
2028873103
2988394576
2454712861
3983884166
4201841627
3957119532
1200226889
3626342850
4181164263
1540750280
2194726709
2849036734
436480179
4093757732
3201889505
212368250
3569633087
4154138176
1430744909
2845293302
1397876875
2474415900
3814603385
3439301682
3070351511
775720888
2204631653
1496498990
3505365859
201925652
3336844049
45204458
420058351
2722377776
494073981
2452017766
1876736315
3068088332
344014505
2820795042
4146125895
662167464
2612310421
1049938078
218401299
4096981764
974634305
3826182234
909708959
3931733536
3758460333
1824097750
2193520107
179569916
3252031193
2501090578
3111095287
2275863448
1732897989
3530418702
1447943363
4144909812
3686175601
1294395594
663598159
333056016
2867998429
3232159046
358751899
728348140
385854217
3172707202
1619584935
313045896
2994385909
2264213374
1670814579
1055530212
1271117217
2418066746
2734851583
1585761792
3572227085
1191559350
3086136139
2368692956
3026260793
3074495986
1640492887
1849208
2858026789
941719790
3395929635
3319097300
922887121
618888618
3377628079
4124626928
761632061
1521305638
2975544315
1811155916
3743237993
4165655650
4115112711
3948967784
213575253
2611607134
2937216211
1168060100
2264194561
420876826
3589844319
3776253408
747788909
1748265878
2940641451
3144069308
2971092889
1119878866
3319988919
3281285976
1479561605
2969929678
1956339587
668365236
2447303729
2149548682
3476030223
4080568272
593832861
1576151814
1981806939
385241516
1223824329
384269634
2704608871
3147246408
4228729013
829109566
1825558067
1976184996
1254307425
3810971386
905151679
3137486272
1804667085
469599862
2433891851
2983325340
4195396601
583554994
664323607
973578040
2288307173
4291952302
2285545699
3364449172
1902433425
2970810218
3053335151
1928409008
2542334461
3828186598
34107067
1189644172
2090209321
2989067810
2083072455
3376729896
3725187861
2565923870
103214995
954409604
3259416257
2928344026
3586853919
4047789472
2726291245
3390640470
4054682475
149494908
493174873
512893074
4106303863
124631832
1586460229
2201937294
614441539
1332106612
648803569
1710611530
2794787279
2549794704
543746141
588726470
1600951323
2453843308
3995155593
1061752578
3388732711
2522964744
474520949
3203597054
3496984819
4100064356
3835131681
2541394106
1951875967
1154706816
1844901261
4131327030
3513813195
3575921244
4113368249
3646249330
3342097623
197052152
172511397
906247278
1428310947
1608855380
3469493585
2835362090
1976344879
1095585648
3768389309
1818719142
77883771
192725836
1571526889
259915746
4203049095
3773097704
744591317
740921822
218251859
163501636
1959616385
372090266
2087725791
849833312
4136514541
1076328214
2628990507
2801485884
2810181913
3528065618
1690972215
1660076760
3341245189
2933523278
286958851
2575169844
1390265777
3765040650
2759647375
165726032
2260559133
769005190
3557289691
1091488044
3612157257
1342202050
2845678567
2730973896
2414654005
88903870
3912659891
3597768740
33585121
4275839610
82690623
4088945984
4041056845
1670009334
734892939
2330347036
2792758649
1688738610
3210392471
1694609080
3703870821
544750126
1004580451
2544415508
1744336401
3463129834
1602080751
1219309360
1298262909
4045089126
468657211
1030799116
3005079977
168309154
2669442887
302038696
3565290645
185859998
2120504595
3019000324
3880304705
2176716634
3500673439
2097036576
2642231469
941595862
3273105643
157103100
2955375065
3349652498
4106086135
2783152792
2662858693
1503060238
2764859331
4057816308
2402571889
2436616138
2141679439
279611152
4213350877
1542368326
2528250267
2266670316
2503331337
583889538
3470394023
2693337736
2478409461
2587352702
3521373811
4156091364
1270757537
722168890
1316421887
2138115328
3372551949
2980009910
317283915
651694556
3467376185
243309810
1321978455
4119877240
1822005797
3303929838
120967459
999552724
363423441
2735989930
2312224431
818990832
3801581629
805871398
1789435643
545553100
1840048745
1535648610
1487814151
4233647720
1932212565
2876255582
3574409171
4080893380
578347265
3808180506
2570233951
1745407200
3423407469
3754001046
932891563
1674502076
1478208153
678102482
1130126775
1610617432
2986435717
1765113550
175434371
71598260
342861617
3660278154
2933177871
873989840
3797458589
1260454406
707454043
2284208300
2023438025
1366312002
2289117543
258378312
611261365
3547655230
1698175283
4093116324
714127713
3989337594
2008219583
1606253760
2334997453
3997048182
3112429835
3166281116
4002320121
3768508082
1950851351
757775928
3867631333
3911546286
1105310691
3613850260
1889474449
1757044330
3414715759
1635266224
1694360829
2800735462
3549485499
3094869644
1041806121
2109592866
3589981383
4289441320
1696411157
1123949342
1270659731
1130393988
4011704769
3953664730
1557137183
1267145888
1996331565
617424982
2365372011
2853194620
2149360473
3730057106
2942669943
3775420952
2378402117
2205539470
752102723
1014195316
3679434737
3707290442
1757727951
3152627344
1629444957
1496127430
3509747483
670145644
2453495689
900257282
3844280359
790610440
4274876533
3334715902
1039338483
653185892
3342334497
3637723066
1734459007
3428691072
2350262413
3878069046
308097995
541780316
1188947897
2764234866
4002297815
999351800
927851429
316584814
916739747
3068247636
3516500049
555653162
3143752751
40062576
1498743229
2475739814
4184331387
3372954188
2501983209
2859026146
2244086663
1002096104
3340231381
3346909406
3711110483
3759875396
3589759617
226610330
1648371167
1060711520
1393485549
3036843542
368927019
2413918012
3370802201
2468546898
1469680439
951869912
2126409221
236452430
3064606723
3324643380
2626980017
2070142218
2755107727
2950579792
1547098141
2748509574
2391333339
171751468
3000780873
3912705986
3014637287
4285839816
2677310773
1239697342
3067395763
2891802404
175373025
1038862714
3292740927
3172047936
3766474061
706275574
3493150347
3846960412
3629777017
3836518962
1012895383
277007800
195897445
2279190830
4030576995
3854844436
1364769041
2382402026
2954758895
4216466992
73195133
4088103014
1055756091
3590204940
2743501993
3679090850
2529432135
2420481448
1977309077
4004460190
1144004627
3308099844
533054273
2051618394
2957182111
450821152
3573609389
4263621590
3848063979
2298635004
2470761689
2962729746
448283127
920398232
2444366533
786159630
313979587
2368236532
3506313585
1462548170
401418831
3619096080
2019497181
148013894
619574427
2462553068
1798828297
1171995010
2195135911
1076195720
1132747253
4069954942
3936170355
1610857188
2634333089
785519418
4111956991
3919137792
1563050509
81063606
1707870539
1602011356
1673713977
3927712754
2625348951
1539339640
3496291621
1305898734
963501091
802063828
3365710289
824200106
3229415855
4093955568
1792375613
2231367206
3336702459
588310988
1510509929
3391187554
4156610823
2634823016
237472853
777151582
4218680019
2924989636
3578323969
599679002
228107103
1983417312
831766637
770349462
3453679275
3375566524
4293660057
1618087122
2541861047
1797763416
2472441733
3414259150
1807381891
1026461620
2974575153
3524481162
983922959
3140715984
441979293
636213510
388091739
3847368620
202398153
3847555906
2706981991
1894902088
3881627317
379233086
3020710963
3718368932
3886693473
2101746938
547257023
3384064960
2530569933
2233119862
98669579
2728217756
1775792633
3201394098
228752407
2366233912
2989879781
714402990
2633285347
549489044
3492108945
1279116650
3275663471
1413164464
1367267325
3310234598
1946502331
3020121484
1768379945
4037942306
1467506631
3251539240
3971776789
3156693534
1035896211
391757956
3208692929
3147909594
16843295
2835733408
1569148205
840777558
1647829355
1144224380
4020242009
2356293266
750120823
626981144
277060677
2311639950
2893330499
1107063668
910129905
232237642
1126205391
2719204752
1726074461
1491005126
2816764443
3852241772
2787476105
560241922
502672167
3516539144
1205748597
3417338110
2917291763
2163712612
321158433
3137857210
764950911
2502159232
3795934093
2024421942
2738216651
2188220508
727370425
747399026
1318326999
3558802680
2648667813
2748656238
1704092067
73026900
3232942929
3776511786
1327699759
1135955312
1025045693
4065730982
3910614907
1284874572
1113775849
2293272034
615163527
508339432
777663957
2381184990
97507411
1005810756
1718445441
3014783898
3510378719
3406228320
228301293
3094979862
4113796139
2915280444
52477721
3730313298
4178896439
1967259864
1440841989
3480351054
2141567747
3344045876
412568497
3963208714
673076879
2484585808
1119636253
3211510918
3656762587
929474348
171404105
332000962
3345863143
1641945288
3788003381
3885498046
853477811
1707423268
137592289
970420346
3267672127
1135008576
1412302925
1833140214
4035504523
2460853276
2835997561
3171756338
3725617559
549448888
1075952485
4283901998
2651243619
3864776980
3003448337
2977036522
3135915503
2855480624
1919144317
165140326
2295855675
1887935756
364586921
2347286434
2383916359
2454092968
2948639381
1499884958
241691411
400877572
328123969
1034968410
2232024991
3019619104
3062933165
784321238
2576217835
2040762876
2603497433
3219370514
3680410871
714131608
1882727877
3258765070
1343061443
3102702324
3507739761
251239882
2690573647
1493140752
1386711005
928143942
1880481691
1047560940
3372618761
2521104514
746600615
3783118984
4057672949
1133694
1573026931
1741326820
1872182945
192199226
1189345023
2365426432
3243996429
2963703222
1620751435
656240604
2745547833
3121851122
4208427095
581735544
96256037
1121641966
286385955
2458195156
2145119441
1057534634
492057775
796183792
4129254973
3381873958
1980200187
1670994124
3559927913
3021386082
2189390855
3179025512
229629781
2488310622
3527851475
1726880708
3479496449
1264355098
3811221087
4221848288
2368107373
3266293910
570892715
3683859900
3632820377
1523913682
1918047159
3574288472
742886021
1206480078
1215037571
3264519860
2557816113
3621205898
581055503
2022376656
4217603229
1582477318
3976510043
511319724
860978377
1117114946
2616024935
3493414984
1960231349
1792825918
156020531
583507364
2987376481
27247610
3770021311
3907517120
3196690893
1351830390
640368395
1400699804
2616087801
761261234
2745784087
1235549240
460358885
874537902
1232325091
2492864660
3220675985
3416075370
1294001007
993668272
2366360317
2940764902
2472914875
696964236
780269865
2063229730
2963405511
4289555496
2766656533
1953270046
2351714451
2765033348
1655687105
2390126810
1918762271
4190149280
2250047533
1644779094
559877227
3344083324
2616158553
2565617042
481446519
3295778840
382709573
104319630
1400980291
1342276212
1736130033
1754435914
3853009615
981091472
1638941021
2452407750
2474792219
3141761644
1507435913
1920754690
611665447
1842380808
662378101
1035544574
3493700083
4068241764
4166844449
2920844730
1996141695
2401643136
2692255373
449433910
872057291
3951839068
3533942201
3769757298
2537942487
3312002040
1845299621
1491575150
2448190627
944692308
3424128593
1492084266
3775943215
4114828400
3152603069
4172773542
2209524347
2249986124
2507178473
441701602
2269069703
2023392232
2452130005
4017764062
920167251
222806852
1445947521
2025724570
2036603871
3322980960
1446268141
3129785366
3931485995
4037137724
2250449433
602478418
4181475639
142843864
2089849861
1659365454
470631939
2364941876
4142272177
2733353738
3761312143
2794275920
1783479837
4037057414
1716432859
3096221228
224300617
1069069762
2497178855
3120789448
2257070901
1315419582
223696051
4071163172
725549281
1654593402
2960274239
2004359744
2078817101
2634684150
1019778187
2198557468
1216726649
1573498930
1416447127
2243496888
2854375013
4142964526
4114337635
2305777684
3170713361
2831114218
803373295
1162882096
3346449533
2745183846
2846778683
4245490700
968608425
2346911394
890718279
134437800
2989620629
3141117086
2366354963
2618832644
4070820161
1005814874
4277992095
945060384
1915509165
972677590
2410357227
3410018556
4158888665
1703655698
3870357495
1895917464
1783249093
2209990158
214960323
1697810932
3212156785
681739466
3371999311
2223244304
3120298717
1466839366
673827483
2048225772
3735041801
2215298946
2077578151
1955737480
3468558325
849871742
3679700851
4279064804
4084580769
821256506
4091310591
1503513088
630761485
622075062
3008716619
1840914140
3193216825
3999740402
434068311
978629496
1017140005
335240430
1042412067
1404543956
1801924561
1020074410
1347907503
3542141936
3027591485
1841472550
672718843
3525167052
203674473
2305292386
2833911559
1302852456
2713989717
1298846302
159746259
218131140
1087171073
3386289690
3387464031
3897297376
247801453
235980694
3827256491
2330946748
300995481
2274630354
2211475127
2376789848
2898042245
1315791822
1351191427
2222370228
4192858161
1534533258
382398223
1545503696
3044734877
1683326726
1540597083
597560748
509517769
3643971906
674069095
490514248
4242314421
1077547326
351861299
3010030756
3116450401
3939855098
1744400575
2908174784
843699405
3232227958
3395349003
3210259100
3033544697
2622124978
3864801815
1392253752
1379342309
1976031918
4150187235
585607060
1880481937
1457034090
422518383
108342192
1201978877
3571374566
3786545851
151929740
3177749545
2359470626
2440533447
2840087336
3181324053
3687694366
3875937171
3686817412
157993665
3559364570
1625749535
766990752
549368621
613510486
2054305643
594401404
3037383769
1942109330
794469751
2923443992
3500655173
1757593998
3522809411
1451397492
2667774193
1562998858
6028751
1964819344
2173351005
1964416198
1141653531
2565237100
3713648777
2565876482
2829082919
4089634568
3450071413
2363350782
1426386163
1803370596
2799797025
570766522
4085854079
2858707328
4139499917
1032153142
1957377227
1269233244
1824035001
825455986
2023999703
4285481720
3618020517
2719357038
1806858147
1119841108
600396113
4171353386
556371247
118311792
96787133
380948390
2033849723
1704886092
3192530153
3478330338
1568660615
983851752
579001301
1545760222
541945427
1142428228
3577572225
3433447834
179836639
542533984
1557725165
725340950
2774786603
1216087100
2180089113
3554025042
135240759
3800121048
583771909
947511118
1004589315
118895924
1736495537
259625482
2087701647
3611214672
48967965
2809229958
3818101467
2108589356
3964776777
3707993282
3421374439
4158969544
3184786997
3998444734
4130840499
1124652068
2744550369
675462778
1028369983
1216698688
2276355661
694988278
1693728651
2791637532
3872237945
920794930
1333141399
795749048
2041504101
3735426606
2782714467
3204378388
2671870481
3823683306
3204889583
3165203248
865449853
822379878
1366347835
1804499724
1065905577
1262046626
1002627911
3783015080
2905559189
2217270174
1880850707
1103595012
3976514625
3843205978
3457938847
2548644128
936643757
2412771542
2008304875
1842999292
3647274457
294633490
3970913015
4197320344
2951236549
3813850382
4177433539
2180094196
3424871025
338127818
1103518543
1246003984
3730599389
3643148358
4247369115
901144812
3691403785
2133626498
550923943
3915550344
170709749
4200249982
324080243
365701092
1486898337
256772154
2885741823
1064962304
3118586637
3525161910
234621515
592629212
3822027321
4145461490
2844997207
2461586040
2769282597
825742318
1889402147
1667642068
3141432017
2590867626
159820463
3473459952
3587658813
3784178470
2367048443
1587427020
836990569
3121954658
453028359
1032835688
4200891733
3382774110
1362121683
2425272772
1501621505
254596378
1909625951
741329120
3866089837
2148392598
3290658731
3343358908
3693426329
1454318034
2079967671
2231799384
1153282181
1326275278
873666179
1926544564
95073073
3438478730
3340741135
1441661648
2023647901
2817809926
328110171
3837656236
4248289993
422273090
4128871783
1207699016
2943248309
112445502
2266055987
2139569060
784254305
2833715706
1718152127
117602496
571869133
1163426166
2726466827
3593492892
3833469689
2073098930
2243628311
2567911992
2257169125
1602965934
1454759907
3149215380
276833169
1576008298
3614005615
2783718064
2974396669
2786144486
250250683
1116582540
1176190761
2510745890
2851680455
2929666600
1726118421
1649080094
4266387091
2888674692
3815886273
4239703770
2090595103
887756960
1567385133
3920987222
493970027
1216677756
1794256729
2364818322
347013239
3536508440
1846269253
560576654
3621673283
1165992052
215401457
1536974666
1127987407
1106985616
4134610781
1906078662
1770138395
1854232684
1621486473
79688194
1517780007
1399930376
1784200309
689870334
3963107315
3690598244
1320289825
2261638074
1396943487
3604916352
353039501
1356660534
357031883
2461902172
697922489
2383477874
2729288663
1915838968
182202277
4016082798
2732884643
330037844
4156986449
808465450
3211708463
1762871920
1252838845
3159238310
2041413755
3676106316
3975137257
397304546
1466726279
1416249832
258551509
1139188958
1915631955
3496239428
328691329
527067290
892867039
3386386528
1367978733
2055662102
3596487979
2773627708
646703129
1579099474
3582916407
4080721368
2022881797
3223836238
2401262595
632439860
2590479537
2716039434
2900002703
371999312
1016374301
1407076742
29656539
1993110572
3608204361
1537885122
481305319
193082824
3081490741
928719806
2642799283
1189389092
2704934625
4207043962
424749375
2798557248
2810224973
2188068086
420211339
3971658012
3017903225
3092692530
2133523095
232737208
3737613413
645369134
1609164131
1997176340
2312226065
3538824682
408352495
4074032
3871386237
570743910
807353147
2886461964
1461784745
971740322
1377467975
246487464
3501761429
607392414
1737968659
4176663812
850513729
2836255322
2724655263
3266967584
931643309
2688683990
27883499
1366236924
1873961177
871352082
2639900151
3054937496
1897029317
1359459342
3298369219
4281116660
656221553
1099453130
3132888655
2587951632
4022919389
746184518
2668994715
1632849900
4047011081
4155135362
3414395303
804187528
3559368181
3341382014
3048889715
2617702116
3474376609
377794362
525428735
781338624
2922843661
667110070
546223435
937917660
1142318393
1143095282
1509101911
467202424
1863022885
177228526
1485178915
2979054036
2673980881
3353995178
4175553967
321702384
2319796029
2499105318
1426044411
4179273164
1970215273
3055453794
2294498567
2100539752
1200674901
2029207646
1497833171
3784902852
1233186817
2338257946
2330496863
3075442656
1143377005
2292643222
1913889451
2157693628
1730517401
942024914
181347511
2870881624
608879493
3116978638
2735251843
2108607412
3954669105
2622155914
3818939663
1442415056
1959648669
2570007814
3291839323
1373236140
4292666825
1921001282
3048321127
1081566536
3163306677
776568638
261460019
1998654116
1091061857
2882844922
2349098687
3857299392
3186506445
1319440502
1586511883
2281965724
1526201849
993231282
835053591
199121208
3899145701
1634388142
393800419
1325319572
3510003345
1357078890
936350831
161425840
4193952765
2464122854
3406753979
3322487180
4170834473
101136418
2854669255
4289857832
3501313301
2011442718
2180886931
102169732
549769409
2015225306
1971121695
4284012448
1814436141
561355606
3126627691
647509628
3987051097
1417824914
2091866999
571569432
519825477
2687283086
355394627
217624436
3774252785
3555411530
1581741007
2434122128
4033059421
4156443334
3018069531
740312940
331222665
636205314
3925514023
2094767368
765038453
2189118718
1171751667
871554660
533629217
1282572986
1177167231
76867456
728115085
3302004278
3318778571
2966443100
960911033
1732936562
3311632087
229605624
933085861
2965833326
3884092835
2601814356
2014304081
1872403242
1809842991
190138736
3131097277
1501789606
890039163
3600244044
1365338857
1667607010
621089415
3052151016
2296086997
382131166
3699049555
2720837700
1094545793
3775565722
2833517791
2996168544
1682335213
409862422
759445547
4146356796
2750565145
851717202
297423415
716209368
2917518597
1777454414
3318474499
3637138228
3214563249
3391709194
561070735
1398128976
1196037917
1709645958
1893822683
2481349420
4254857033
732760770
924728807
3839595720
2752488501
2575227582
3007329715
3996938788
1412008417
1243483258
4102202431
2186532672
190764109
403037174
152016267
1175216156
3753996153
1378305330
2475414935
286025912
158074725
1046807598
3546476643
2710703380
2897086481
3855586538
3956486639
993584
284663165
3869324134
4122584635
2927974668
2961552297
3355040674
673061191
2141321384
1288566421
190531998
595531539
2979668996
4088058433
4158978394
735964063
2831595296
2705814189
3679463126
3716850411
1711295996
3939222489
1017892370
2830108919
2495300760
3720901061
1020832526
530557379
3437475572
6482033
549796298
3822965071
1685684496
507597789
3244930630
3186461595
3974905580
1312202761
1568939138
735880359
943148168
1554938101
152316030
1922017395
2176697828
2262387361
3063371322
4258128639
384206592
848838925
2516902326
2601345099
2608344028
254363705
1166657266
3674139735
3316977784
3398634533
268747246
2782532387
775377108
1204877521
893537962
3462996143
2408368368
29309501
4160268582
802496763
2442335436
113687657
3984837986
2721177607
4237529192
3108580181
3412162398
3519670739
4028585924
1087173377
2926387994
3307899487
2041267936
1474903917
2547780758
2649738667
2800482748
3807509657
2616799186
3763371959
4025601112
2070140549
4271982798
1298803843
2500123316
3692050737
964613002
474816527
1279328464
3658043549
2818968582
499672667
1525799596
1447954633
1429270082
385207143
4138648648
1412828597
653997630
1585830707
2318850468
547212129
1671323642
2295062975
973928128
902983117
1284351862
2928274187
3302209436
1212014841
1261570226
2591867671
2607380536
2815611109
3949346734
3920098787
3435418772
3795364241
2679294058
3932278639
562964656
1370986237
189390566
3323943867
2206240908
82085161
1304657698
1107322567
2357258280
722280469
2358863134
572226707
3648801668
4049851329
3059944666
4220119327
2097387168
2095828013
1003598422
20166763
2913428860
1831138649
980177298
391886455
2350126104
326630213
1426826894
971730755
2632826484
1264732657
907423050
25112271
1382826128
2674003293
2004623814
3543269659
3250009708
648163721
1819508738
120173095
1610742792
1197892213
150209534
300076531
1667738980
1245121569
3807586746
2084348031
596059776
1775065741
157297974
910505419
2514420572
3418307001
752880242
2428852695
3253313528
2381010341
1447656814
3918305443
3371767892
3567589969
652280362
3598532143
3721611376
2241901501
1582617766
1532515963
1208863820
463408617
578351330
1984540039
1328152552
3201946837
1153635038
255053651
2842754884
2385474689
2173089434
364644319
3398411872
3306100973
1961957398
1511416619
770871612
707046937
3250926418
1821486391
2028084184
4072988677
2782381134
2414047747
274620980
119085745
4165682954
2318663055
2126200912
1393265181
1301018502
3773455323
3304870444
2415073865
3171668418
3409467623
1945170888
3003086645
2227081662
3882254515
688931108
3966045409
2253763450
2128617279
3407156800
3813214029
1513911030
3841933451
2723811100
2590855801
1951648818
1016639639
687179704
698128997
2523822894
2957507427
781556756
936790801
2358049770
3917180143
2887526448
3795488893
4007234150
1379930427
1660602380
2075547305
1701061282
1842197575
609146792
1366247829
2845737118
1406329363
1539142404
1609553217
1100488794
444655263
974091808
2769495469
2969189846
3143093739
2609741052
2058430169
2613302546
3199362039
2249974680
638223557
382050830
3121755331
3675702772
2280958833
568205514
1831570511
2565734416
2579875549
133532998
162625179
3363909100
587252489
549053314
4058103719
4063996808
3552660469
807067518
4191220595
3069220068
2951204257
1602616634
4151729663
3900098048
1996846093
2363652278
762841931
1040505564
1963469625
1800228338
3702966103
2152542072
3886456613
2979346670
144317987
3378110420
3834395601
1383511466
974937007
875087856
1816472893
2056781862
3449195515
403145676
367681385
3494188130
390888199
2880401256
2139979349
820751966
1790489811
2887886532
1868887553
3898034714
3499656543
1665336800
1371009645
497886102
4156029099
708323516
2139774873
4062721746
2893929143
1132555096
2047404421
2375368654
3812079491
2832656820
112524337
344898186
556129039
683966416
3629171613
1148773126
3494334811
4026911148
814427081
826127682
3387287143
1520575304
2792087733
1623780670
602023475
2831722660
4252978785
1078200058
213867711
4083955136
3116540109
2937208438
1114609163
2090821276
3696215033
462196658
1876925975
934319928
4106839013
1836955310
2101543139
621142932
1938222225
3126734698
2669677167
3719899056
3900738045
2135963110
2954610363
1794375564
2600151081
3705390626
562430407
1158399784
2784260885
275422238
2393196435
375233156
2236536513
662975450
3200443423
2649380256
3216867117
2831796566
2717311851
3451032700
426793049
2930923666
2494828919
13808408
2071989829
2953223566
4128504387
3848195444
2082082033
4061992010
3705858511
1979629456
862748765
1624635590
2003561499
524952940
3377616009
1213679362
1644481831
3974388488
3888067957
747158270
5904627
1515748452
4260073249
3125792954
2776308607
599090560
4230541
2391524406
379969739
837399132
285482169
1322357106
3033740503
2128592632
1036314789
1340601454
1493345187
2371462996
1032215889
3322112298
2940631343
3498919792
3685525181
985803686
2626666875
528497484
2074652905
3303552994
4214900871
270786280
3781437397
1037781470
3126368851
3593555524
711817089
1893653914
734003935
29713760
2749615085
1060630
215256619
968671292
3911389465
2065840722
2517960759
3452943064
1999631109
3822697294
2640772355
3161354548
2699287985
2622041610
2535635087
2287779664
2413362461
2060242566
31409883
4195238188
3189128521
2143721666
2298377191
2831307464
343624245
1763330238
3925396403
3881832484
2582417377
526998138
1751751231
1897026880
1597979213
3104770550
1557851019
4054040092
333788537
2396803890
709987223
1167763128
1868115301
2660495918
2795046499
236268308
1531612689
925262570
3243223023
4100269872
2324267901
2863522150
4122115131
3110876940
3904043433
2183817634
3542699847
3971462824
245144725
1862121374
2828184851
3881615876
2810239041
4129769306
508551583
1720988960
1927993517
2436912342
1259403499
3793136636
1331857881
3241663506
2405482231
2050523800
2044237765
1322162446
1139851203
432395508
3989991025
3033728970
111494991
664698640
2455124445
1880974406
845242779
3826392300
2677466633
2974526082
3448953511
1308363400
1767907061
2889717374
4219354739
731866084
2051166369
2169545786
3159021823
2470642944
2877204237
2086408118
2278471243
260934108
2779975225
627889394
253403735
1000427128
4131795493
1598140398
818293027
1928883924
2777906897
2407996586
3959133871
4043359984
4191625277
2362660646
3728996091
2088235724
3537502825
3462552418
2551387655
2055687784
3395146069
428991838
3558047699
94369220
88668417
2837279002
1563590751
1679213792
1637000557
2316974742
795616171
4202715068
1827586713
2863873490
525809079
2513242712
1345977477
3601151694
342966915
2837772468
2611330865
2642059658
2720699919
3682860752
2678339229
3733436934
2343713883
18200748
3197390537
1990622274
2122449255
1548845640
3811423157
1269998654
262828339
3268835236
128766305
2982522362
3353270207
34043072
2042549197
3862091126
3393274123
2674333084
1194174201
474158770
1643018519
3501438520
4283168485
1471229358
2185890787
1203991188
3038850961
283481706
101336431
773858992
3998579965
1592954086
956576187
1818455692
3940404009
592448802
4172782791
424846888
1902626325
1935135518
2006651539
2897930628
210098625
998333146
1864883999
1376588960
1687892525
3630030934
1285951083
1991885692
579320665
559177618
2763549815
1884115480
2266243397
555586702
4188570947
3595295860
2736639985
2013264714
2691867855
3956096656
3699569501
600559558
1351735067
886641772
734951305
697765378
2861295655
327334408
1050937461
1564045822
3242025971
147147620
1793856033
1116239802
1910871679
4112491648
515883149
3293797174
384994251
1961910620
957677497
1025448050
3784118231
881974776
1999272869
228748142
3856969379
3627431508
3803422801
3171012650
2788930607
3548595824
3972307389
1590395558
2830314619
1290709580
2709410793
3132325602
1675027335
3906584040
544897749
1913618654
2380883283
409836868
1173846657
521340058
2599419359
1211573344
818183917
701187606
4118722859
176353084
283997209
3470475602
1044669239
427383256
1797719557
2482483790
2656471043
3438968884
3170541745
639833354
4164776847
1614429776
766668829
1571399046
2210410971
589049900
3087360073
3822936002
544247527
1934602696
4169342261
3063021502
1794578099
422305572
2361397985
2237202810
1629427007
1682674752
2940300621
2759696630
547526283
602500380
2083068025
297851442
213280407
1459340728
178372709
3335874862
1716916579
806402580
1191891217
1436273130
592437999
3370788400
971273853
2317236326
2417026875
2715395596
662412457
2387390626
137423431
3369899432
3025530773
3413700254
3518920723
1148719364
4200454977
2240966234
3880443039
508884000
986614701
3961678806
1018569707
698079996
2564811993
487056146
3401259511
1628512664
154315461
1425248270
1832602307
2029052916
1643917681
1235480266
1615528527
9109008
938650845
1776368454
3892137115
798952428
4093184265
2134471042
1861219751
997747080
1300951541
3984346494
664242547
3486135012
367580065
2348239674
4232795135
122373120
252429
3564218038
1511088459
1194204
3509186873
3823655922
573209943
3887164792
644990245
2299143918
3462280227
454229460
3135685073
1551074218
2483474863
3054814704
3665105725
2661985830
299721211
2934202828
1838523753
1474011746
3565531399
1494953320
3384419413
4115930206
3185199827
3969533124
846789633
1623169050
452492127
1814463456
3078183021
1294160278
4111224491
130320060
3676251545
899302610
3906769079
3604261208
771166085
1238445518
2434190723
2247034804
3403842097
1145211018
1331384591
1417641424
1610852765
3862073606
599899
2116134828
812216777
2506834754
3838450791
3955024200
981173941
1471699774
3521035315
3361752740
1864782945
673404154
1781158591
1440658368
2781284045
1643080822
4127124491
489342108
3101133305
3176504754
547968023
1450366264
4149905893
436249774
2830964451
620560788
3607589521
323550570
3475013743
46343600
2469818365
439411686
282631355
2010045836
613183017
2434815010
2006267847
4183131432
3177650453
627116574
2365382035
2358524036
3070811329
1650098650
3166231071
2305545120
2609177901
982382422
2973841771
2562519676
3094027865
38954642
4150839159
3397644568
1714697285
407931790
4104720451
1605692276
4033712881
935256650
4230897615
2748824976
3399837277
811443910
245613083
4066640748
2115410569
2150814978
2428437287
3286046984
2081741685
184953086
76328691
1588468324
3241710881
3952942778
2440827263
2277892992
4115329933
448197174
3878368971
1324552284
1945232057
1741201266
3337808599
3539991800
1780223653
4286112366
1077066147
2576270676
4096582481
2078029610
1801252655
3602204016
3907554493
980474278
801281915
3227064652
3172988649
1943717346
1612676743
3377175784
2887568853
1365227486
971386963
1613098052
281902465
4230163354
323746015
2380587872
2612081133
1646419222
3289703467
2420448828
3515078425
753944658
354401847
1272903896
4272560389
640788814
1118966531
839028532
2338153393
98106378
1568943759
4132683088
1553457949
1713536134
378346715
807804716
2915074889
1498425026
1099868647
3281588424
2400645173
3710236350
442589619
2926816804
4108293601
673491066
419467327
2495664960
55550029
2357737462
3763749259
690691100
54066041
1828806962
2479309207
1293477048
729174885
2134040622
2675907683
2223524116
722932753
1475162346
3212582383
430646576
541813117
4247424870
3512422971
205722892
1745895337
4190828450
3169092935
2830988456
1922777749
789587358
2136359699
1661952004
2290540097
1608095066
628217759
1364308768
750665389
832602838
1078415083
1646070268
2267631577
523495954
549549303
715505816
68730309
2570356494
3857831363
3902272244
343012465
1347474890
706526543
330530064
3130728413
1698763334
3666163611
2603088620
1344744457
4202903682
2247692455
2863712392
2957100277
1675035774
773641331
2473656804
3000719009
4017746490
1735905023
881820416
2761231629
86195638
1413483595
4287817692
661443641
381674226
3320207447
1954385016
2821281829
2666438126
2439135011
2980678868
1418069201
691792554
3795717295
1935983856
1042220605
538838310
409128187
2672611532
371017833
3702581602
2091142151
929762408
2913105749
875713374
3624736211
1360040900
653590273
2134753050
3119150687
1802650336
2204896109
3603458198
4170742187
1107604924
4196108441
48057298
3104697271
4137175128
1128276613
1461265614
153639043
792008372
3295364401
2028367754
3635940367
2209807568
1232018589
3413731334
3712750171
1462343340
3054146761
4253813314
2898147175
4175708232
3696581045
4107932222
444532531
2842039716
1676400481
324860922
2745290175
3740398272
1843083725
2454193014
1973982987
3857347484
1632464121
1858348210
1544564503
3102602296
217390309
611064750
2694586851
2897383572
154776977
831022186
2858597231
1268917424
119759613
554384102
3885565883
2100710540
2013729065
2521602850
1310642887
3574883368
3119672341
2525380894
2127210643
2783545220
3034046401
202352858
1467340063
872845984
2491062317
1062866518
2143839339
599531900
186286425
3249302930
1019552375
4285960216
1222657861
94339726
2534775619
1905916532
2483639793
2707016010
2685803215
2384346256
768858461
4136336838
1637985563
1206579820
4029332873
3156909058
3298696743
3992156168
3490819701
2783895550
2051537395
1276307812
819009569
630048186
3023998079
3416793728
3017942669
28739894
927982027
2951855964
4053452217
1053697650
352634327
1244273656
1184473509
2506840430
401392803
3244512340
2717001297
1922211370
2930387503
3391308912
1605565
1035088038
3787326075
1774159948
4270692841
1616776418
2685671815
2709093352
3024822485
1271656158
1850669907
2639936324
3136258177
2014270106
1154741215
3268321888
346678509
420836374
680988459
3137555772
1525037593
90263378
3399948599
1426102232
1639525381
176660558
981048835
3683032628
1007429297
2875908874
1995893135
984169552
1284068893
70734726
1782974427
288099884
3477579337
1344204226
2623063271
2308861896
137806645
1289055678
2822220979
2536996132
38476001
2009878394
1074662207
4067562048
2338968397
3777941238
1274408075
4050176796
3642023545
278784050
1870929047
401736632
30860901
934041390
34875235
4219197460
930043665
2920978410
1171544303
3601343536
1841192061
1943201382
1771158843
3903357964
3664831145
883244706
2705596487
2086294440
2037159317
163798174
1633291795
857911044
2180768065
4110203994
2294600351
4018827808
2025451949
3518667222
96762347
2073704700
1245623001
935063826
1098108919
3338035096
2592788677
2341568014
1578393795
1488650740
892581745
953793738
337279055
1360526352
1246728925
3527207238
3120112283
380430828
3827388169
2468937602
3266194343
2342856584
3246692341
2135800702
3205373811
1720963300
2165954977
467179834
2916108799
185582080
3375513613
2121323702
643479371
4262434524
3631986489
770927090
2857251671
3523586936
2876042021
284103918
701647395
649862100
2725332945
1709199786
2258716591
418431984
1423243581
2167233574
2715039739
1035026380
4235258729
3437375586
1081009927
91679592
2786511445
1177324126
3534479571
587391684
314376705
1956111898
3926421855
1375338976
4117413485
2533982102
3926959275
2571166908
4192463769
2189185746
1072383671
3843549016
3222615429
1853692878
749069187
2499225012
3091204145
2875610762
3997222671
1495956432
2347143069
4267458310
3548052827
2083358124
2138552265
520671554
2254328423
1942462280
4173016245
2467809598
2576044595
1441260708
368925281
3815940858
608520383
2369860032
33254605
3879508598
4181606923
3919979164
1888440313
2693704626
3290630679
3894743864
1880862693
3874722478
434580707
3471056788
2075654289
3684944746
1204876911
4173145008
2048677373
3816919526
1833267899
1822014348
357413929
2731860514
743730631
2626634536
2533998357
919042078
4244927379
3904558724
905110209
2829111258
4015968287
1105023392
2138852141
1455564118
1748733803
129454204
1251337305
3479336082
617446775
4280626968
1595431493
1493858702
2431526467
4227533172
3186694385
617656394
1009374671
2594225040
906906717
3864351942
4186675227
627958124
2987057289
1300128514
4129896743
2177226504
1788510581
2649986814
3530507507
3237197924
3920993057
1616538810
2318206847
2965791104
2323995021
3914473526
3076558027
2280418908
3792677049
841985394
2076352727
2316319480
1017328805
1064947822
487772067
1068753748
469985617
287638826
539190575
2647475056
1649701565
3633285030
1856335227
958527308
2512862441
4030551010
3551835271
1633901288
1761965013
3511952862
3676554835
3221916228
1952285569
47675802
3750227679
3606339936
3417217005
3198454550
3540335147
2059238460
3709115673
3358479954
249197623
618542808
3293855493
2969147214
900540675
3112611124
4278643121
2262354442
4103447695
490388304
763808029
2817010310
787149531
3056467244
1285212489
944354498
3771654119
3042954952
2481100341
1973494974
3296327603
3279375396
3842153441
3830445690
2252834367
1834963264
2005927501
309421558
327260043
1822587420
767345017
1821798194
1340929943
2810651320
3183704421
1614925358
1041576547
2230019860
2618530321
3357802218
1717081071
4024509232
1379749757
1578581350
146024507
654963468
2929558953
2933622178
1699724103
867381928
4173981845
3415380894
667539731
2763128324
381477953
3036406618
3242446239
3909038368
1321313453
1014018262
1026401515
1712547836
304092633
3600807954
3704761079
637730456
4236829637
2617931022
2242046915
3109687540
4097931889
1933485002
3460576079
2830662416
386926045
550813766
911805851
2452478188
3756487177
3106588290
3574548135
3461711496
2975034101
2950722174
2322295411
959619044
2963561633
2165522490
2136261887
2060189952
2648404749
2958715830
2153865803
3951576540
341219897
2575495410
2137132631
4031367800
1614577189
1326156782
1202607395
1783278292
3567815377
2187376810
825262767
2528690928
1318513725
836285222
1580311291
2047979212
1351650921
2557441890
3487924743
3007236712
3809942869
2604843358
1572252627
1383150020
634455297
2966293786
1532128351
264093920
1031106925
4259747478
2037698475
4252570556
175656601
611801554
762618295
2454947416
3564521605
4294775502
2878303875
2805281972
3596667697
1271020938
1073054223
3302619856
1466565277
4007335430
2459297883
3710743724
3165706953
1776392258
564817255
1281818184
3215785909
2725347390
4278426931
3185947556
3042631009
140790266
2618606527
1355575488
2452070349
3503108470
817884427
408801692
379400953
3266654898
149021975
3558355512
1355694821
3516336558
3298703331
2073144980
1585593233
2174431850
1466642799
4195623600
471943421
3516131558
1373494715
905521804
744511273
649668898
3258321095
1069949480
2225934869
1982115614
3081387667
1158161796
1784276417
2819487450
880003871
2733641888
2357853741
4039523414
446347883
883851132
2799519577
2608102290
1602345079
3113209368
3638324549
2190569614
2452795715
4007139444
2653215729
841193290
2154401999
3110025872
324321117
1874537414
2254537499
2062340204
4088857481
2754488834
3579860007
1867789832
2075087989
1662275070
3171061747
2907735908
468065825
201528250
3276243583
656449664
2838793357
1099544374
391985099
3336772956
1968212921
2985112690
2871819223
2192726520
2084095909
1839482734
4288993955
75526740
2455809105
3348327466
1875419183
1102266992
1067214269
2064178854
2256066683
511731276
2999771113
2474154722
2868989831
4178131432
4199270101
1375231198
811897171
3090602308
1830258305
209428634
2473060831
3126206560
4039068397
3268387350
1935631659
3212028732
2282684441
3847707986
2444873527
2876757464
1450922501
2307362382
3830232067
3154295860
72199345
136491274
2254462863
2382903888
797981725
3241476486
343662043
254536748
1438248009
2177924034
3203463911
920464840
1645898037
3347635134
522732211
590551844
3439730401
3719273850
2611806527
4119367744
4156701005
2421161206
3875095179
2329422108
825271417
4041930290
3842101911
3956818360
2403077221
1760773422
58867043
282523156
2298731793
369714666
3507015407
1431708208
4257759869
737645670
1589809979
3077005836
345385129
3631074466
3104265799
3200782760
548617109
3833449118
2191893523
2814201092
1992943425
265751130
2129578143
766504992
3738523565
3787638742
2525155307
294164220
248346841
1809841938
2732361207
936091032
1511192261
983526414
211646147
4201979892
2174434673
1870629578
144305743
177535504
1356626141
3238565702
4289001627
4255827948
1937347849
3699936642
1830576551
1656874376
2947431925
1703881086
1077196147
4216155876
1903878049
2401888058
2349154303
1942241280
1385211405
182452918
307498315
3086808284
184384825
3379460082
4112640343
3209292152
4137160997
3376677614
2599837731
1817524692
455855569
4005371818
2448145839
3703357936
1533337405
2720008742
4252700155
1148067276
1115435369
2941828706
3674742023
818063720
2493739093
2742351966
690845395
3478880452
2419132417
2749379610
3184027487
2495447008
2341217389
2069867926
1455749803
1588413116
1540927897
1489920210
833223863
3997902168
2959301509
2073627086
904198531
1441743796
1322094129
3388613770
2111192335
3066395088
3690558877
217443590
3399275355
1781097388
2645949897
1310089026
782403687
1925340488
1630196405
2464626494
4209502259
3512697508
1912889441
4063359226
3138404031
429109184
1314902733
3204040822
3425540107
1645314204
2205619705
1161279922
3662462999
1825001784
3742160357
1414955182
1354842851
2730179988
3784867473
2473498986
2301717615
1067917744
489831421
1531068390
1164069051
3377764748
3980327465
2449043490
3217269703
2931360040
3000788245
3298682398
1589381523
2865853572
2181884097
2052529626
3602171423
1195298720
3953373485
2103858006
1189471595
2594287228
1341172313
2514649746
2632070007
515271960
3861676101
4063520654
1256406083
976299892
1688510193
961707594
483740623
3663313296
4121375325
45941446
3089329691
946323308
3845072521
809103618
306409255
2795410696
860890997
1699808510
3925990131
19486308
4150436129
2559031994
260963711
515301248
1072676749
2052935222
122020555
1557515356
3680333497
772193138
1396856535
605059320
895113893
2414526062
1872946595
4291363156
889843537
98423594
1301928751
2782216560
3354417341
2501784998
3644343163
165336396
2241757929
3121603042
3589925511
1483413736
2552109525
1035506654
504454227
1977559108
3575482753
83609498
276030687
1559486304
3017539053
2509682966
3114635307
2032523836
2346017561
3436995666
54864439
3637343448
1211000069
70354254
4132978435
3539651380
2078306225
2672334858
3696695951
2098313552
2191896349
3223181446
3405301979
203807532
447024969
2628993730
3871282663
4262890696
2732473397
2995557054
1749192115
2792024612
3931480545
3555411066
809401407
2062405440
1006660685
3402273782
1985801611
1007278108
326141817
228293938
3737300375
3571802296
2789252965
3250633774
39536739
2403239188
775954449
130731242
904202735
4144439600
2690594173
1299442534
465370683
2311115020
1012583337
559682466
1282076999
228126888
556306069
3297051038
569208595
742693892
3525503553
1972253018
1908786079
2912726816
1492454061
833674966
3250846443
1845085692
1883691993
1736181266
1133699319
3964681368
3811117509
3612369678
2734948803
202125044
222363761
2644275658
1931192655
1722644752
666168285
584609350
3319587739
1227077356
3470243849
1833063554
987069607
954877064
3969192181
274325630
2422866035
2632203748
4087177889
3055324730
2212608767
3858267904
391239949
4261517750
2352134219
1399694300
3966787641
766902002
3146630231
788924536
2659165221
4019747310
3551161123
484165844
2784694481
452298410
1490221231
3673997552
2873020989
1107517734
800094459
2361822412
36951145
2174616930
299284487
1845659752
3938173781
3468898142
3843047891
2311180228
2178747137
3184417562
3244974687
3505995488
263116653
2138358934
838935979
2900193724
503649433
2407622610
4236990391
3909010520
2212261509
1364263118
2074510467
2435142324
1367757105
2517502858
1474492431
518846672
1234495645
3366765574
730840667
320950956
1384587465
1000810050
1564910439
3604593736
221554101
3564695102
1027093299
2153075108
2079974241
282826746
825735615
3616992960
1722025421
566386550
2072462091
3066113948
3877435641
2551595186
3898841879
2721214520
1255631077
3744593838
1850756579
878759060
888848785
2166227050
2367924079
3111526576
2907647741
4035745510
4157780923
380373132
2280234281
1419097890
3573366471
3647463464
1368897557
2452823326
2721698963
169264004
2903239617
2407285978
2250359071
516525728
3435750445
1822583382
2635927659
697359740
1976569177
783059346
2364444279
513346584
3070792517
401825422
1795147587
3456513652
1097884145
2858247498
3245147855
3985651856
218473821
257612230
1053907227
1306439276
3061008777
1637988354
1557301799
396686344
3246193269
346668030
158148083
2893948260
2888508449
1978163642
520124543
2273910400
2125918861
63759670
924487115
969177948
1144410553
377242226
604254679
1579849720
2550656421
374158702
487387299
562925652
872362577
1006909994
1771509295
3123921008
726682557
2530184358
384020091
3945874508
1044129257
3556976866
77497735
1871247336
1920756949
76860126
1412048723
3909318468
3698297985
1549266586
111927263
2932711008
1157935341
2801389590
1440201515
2547255612
409454105
4005391186
326927671
2631865304
3379394565
2432138318
466602499
4000242228
2512335537
3158998794
2793002383
3663149136
1455890973
346206086
39957467
2635844140
3411817033
4176611778
137965799
4211862472
2251165493
2796308926
1338562739
1025423652
1827742945
922938234
4093376319
3985575488
1951047501
836840182
1907136651
1882687260
75262585
849871922
3979315351
1387167672
852570725
3668587310
3936375651
4028765204
3150471953
224932842
1156400367
3304333360
1778526333
848052838
4020463931
2383822860
1441492649
4188428962
3480915015
270913448
707387797
3685234846
3047242259
575138564
1489497409
1445025882
1237892767
1489333792
3978345901
2621109718
1861297643
1801909500
1720467161
963906834
1861565431
865131416
3351977157
3793574414
4174810307
3726589428
3341992817
1838504138
3184092239
2902587408
3415826141
3057927494
956354203
1687725548
570546953
3679984514
3996817319
1087284104
2550653941
541103998
722160499
234294500
1728832929
1709913402
384447999
3244867072
471796749
4190056630
2650628939
2916766428
3903800121
911836658
2191892311
796796792
2280863525
839446766
2714400291
1809733588
2769703889
1997139370
904278959
2172174320
1847903549
2172827686
2765218811
1125841868
3216471913
2134854754
609309447
1526622056
358618709
2368562782
1096748243
1906581188
718605825
1855488538
372792671
3027303904
4192045677
2049301398
3140047019
3624509628
2164094873
948989650
1041806007
1919837016
2128707973
4045731790
752095107
1222074804
243995697
536736394
2115744527
3981473744
3493616541
2449447686
1701751131
3356836268
186926025
2727603522
1570160231
1756175176
4090132661
3609634110
1978957363
3133612196
54224481
3563142906
2928358591
2060856768
183777485
1764161142
4006407691
107798172
1905187833
726714290
3810948631
1683590968
3291347941
3794366126
3444267235
545414036
2292778129
3131664234
323084911
1468080048
4235731453
24309222
422518459
234846092
744505385
3733847586
2984434119
2949824296
2430536469
1323586590
841195411
1389892228
458682049
1467837402
4072324127
428887456
1610290989
779780438
3443538795
3514567804
1216049241
3587346578
3752257911
2838997784
2070980165
1674466702
2726842947
2589410676
1686643953
4114893898
506511823
3808606096
2305824861
93630662
3396027419
2874252652
2541972617
2825223938
1695393063
2993115912
1446366581
3776869118
3410260211
2672751716
1782556449
337971386
2711548799
1368874368
2508858765
1306033206
1457207499
1303325276
3755685049
3679308146
3446803671
553694968
3561062565
1892396142
3085106083
1506680660
3208672593
3657867562
1941983535
1858944880
2579250877
4028425126
4017822075
2994975564
212191465
1364357090
3874431111
778229480
3110518741
378339806
2192503379
27510340
3004010369
2190480794
638573279
2682477920
3560530925
1727588118
4160087595
192821308
1573267737
3136975442
1918885943
3886854872
171477765
2681828174
78861571
4267632948
2179593649
3475531274
2496172175
2514007888
3690239261
784565894
1790353115
2987243820
2547995977
109891778
3546237927
498944712
1007280693
333971646
2243634099
3612248100
2228791265
1995870842
2531619391
1030507840
3500200525
898875894
2296923019
392246812
877940089
3490745138
3225969559
1429446328
1693304165
598714926
1817271907
595698452
1637656081
2531367658
2921431023
2937921328
2326862717
1262524774
2322977851
3026693900
2437419433
3511460258
4063635271
3060706984
1807168661
2582081438
3988849939
2043099652
985198657
563117914
3069688223
522857760
3411570861
2439056598
1309298923
4191167484
563978713
1372066834
3573782263
4253907608
939077573
3406188814
3189053379
1622035700
3748693617
1332363210
2560827215
3448928016
1820971485
3947633734
152091035
1074369772
2633498121
2529813122
927707815
1785660040
3792090869
88297086
3222836851
1048959972
4224084129
244702266
4112429311
4128570624
2432188173
1847117750
4155772491
3074621916
800728633
1398344946
4201216599
2964473464
3807562277
9791470
3042345251
1230825172
1216190161
1929008298
3643109039
3224420080
3558258749
3500019494
215961339
1466657484
2869369449
406623074
3262639623
3887482472
1150314837
1320394078
3994671059
1996647876
3138982145
641640730
1815238751
790936800
2048408941
3681743510
2721938347
3492925372
3032603289
3288036818
2790395319
2056913496
3513947269
3407146702
4184709763
1829073076
3051083569
3620329866
2692771343
300938960
2683293341
3639505414
674862171
2030383276
4153239241
4074550338
3750943079
406616648
1156336565
183524414
1427949875
1890906020
935913825
2898454010
3809128383
4082199744
1800432589
86478198
3590232331
1091866012
1389149945
1860652722
2056605975
2738662968
2064682725
3443320238
498230243
1461709460
212027281
2953891434
3414957423
164110000
984421629
4260709606
1501006267
2672748172
178447145
2682406178
108295367
570007080
2696044053
1790020382
3195628179
1964335492
4243452353
1113232090
3430922015
663948448
3577268781
854497366
2270127723
2187541372
4159886169
4216625042
1158366327
2928822808
1667545413
1170558094
2709314883
2401522804
4260095985
2315727690
3810557135
2863740560
2598800221
1433044934
183578395
1086360684
3093270409
1954891266
3673473063
1726329352
561684597
984558078
3750214643
3382428516
1637886497
3812470714
1198091903
1826724992
3026802829
3363836726
378004427
2291521884
3729528761
3967504498
4287358935
1553126904
436671397
258351982
4028958371
2559225428
114145361
1340409898
471174191
3013820016
1127494077
285620902
318669947
1339171404
551250921
2717759202
753646471
2230892008
2631733973
3818993886
1503640915
2948601156
2297926273
3886300314
513791455
540351584
2440697581
1167326742
1342181675
3290720060
2347797529
2710796626
3488561975
2838909400
982490629
2698472014
1627578371
4073388084
1885386929
1206013194
1464028047
2677421648
1110312989
2122341766
3019344347
989571116
2955835465
897816514
4163987175
1445636552
4101092661
1782560702
3122228915
1694127908
1644964577
63322490
3371887935
1518701632
2164458829
1172461814
1812983435
562488604
3539480697
1440027186
135085719
3430202808
1821792357
215032110
929982819
425538068
1337780497
339149290
562150127
2776768048
845942397
126939238
2620669755
3971292684
510702761
407824546
1688060487
4034104744
365987733
1866639006
2051854355
583174404
2817913665
1205577306
1767027871
4039830560
597435309
2166563798
252673003
154489596
3514500313
544742162
633205239
977672600
1672692421
34293774
2730468035
2209962996
2247772529
3004901066
3014187599
3093231120
981877981
837808966
3859588251
3413541868
1874469129
261597570
3322465703
2781569416
4203842037
794953086
4287750515
512797412
3788303265
538739514
3464440831
1945975808
2782753293
3406716598
1230420299
1604825308
4052814137
4105475058
3537458519
2728551800
3749600549
3409829614
3192818723
2773972436
3224426961
2126953386
4069566895
2267332080
219458365
2673174054
400079355
3115833804
4095917417
3163937378
2622130439
69870952
2823601237
2203440222
2604704467
2312944836
1655247873
1421922330
1935168351
823426016
3227447405
324798870
2537399979
2237005500
3914481049
2713877714
3845613751
4051804504
2878318469
1327556046
2440242563
3987701684
2004392497
762429578
1863395599
2093708752
3903799709
226052358
602963803
368123820
1203931593
2625731394
2470114407
3582449992
815406773
3755348798
2326860851
2451488420
1235381345
167808250
2125867711
822651840
3082329805
1707353206
3776726027
1454914716
3134628345
3537491378
1588603927
1323027768
2675909093
275537070
260402915
3359209876
4041837201
3511956842
1711429743
3226148272
2548959229
1444125670
1756099771
3130676620
1387365929
143821858
2192707527
534543656
2970726677
1436205598
4147852691
1624158340
2177955009
3222518234
3278942751
953273248
1552055597
3925782358
2068484459
742812284
3023451737
254975634
1830526839
514386200
2665794629
769147790
400386115
2624414580
1033612017
3634764362
3225171919
882619792
1902706269
1859935942
2959284763
4264262508
1225241225
906038530
1854397223
622858504
1397453685
2438717694
