51600275
3488390788
1361709761
3965573082
2032678943
2827458976
2530341677
252423510
1478981483
3709999228
884083801
3535830162
2411980151
3273160472
1227031109
3800367502
2790723139
2260652404
1402093809
3689920586
2918006223
1694303120
1231942749
1730206918
3826352155
279619948
1674643593
813591298
1213833511
531308296
3522111861
3153662
900869363
466190436
1010877217
3948639418
3395972991
2471799168
3295609229
1528801334
2868933835
1165702748
3992965305
1699853682
1806502103
1181188856
2613173413
3002620014
2897196963
3072043860
234393937
4035448106
3042626863
1829604208
2370312893
2212433830
434066811
2776809292
778134761
67197922
3084459143
2695668456
3664649173
2928979422
362458707
3229897284
2285677441
3608969626
4030289631
2271652192
1378631661
200676118
2220433963
2456831036
3570976025
1830051410
3719879735
1805221592
42395397
1887182670
964563203
3482481972
1464865201
276812298
1195445391
3277783888
437154077
532394630
3570981595
2511521068
369684809
1053932738
820463591
2819430088
4183768629
2951064766
1344593843
2610238500
1144374241
64552570
2171399743
1035311424
1956752973
1564929526
1015644043
1350124060
3679775097
3309336370
1472159639
178678456
1158291813
3452458542
2954500707
3952815892
1689305617
2114914026
276298735
1055484720
2857957245
1148110182
3814068283
1806875404
4074745257
1780977058
4217119559
3955522216
1012568213
1155210142
2124988691
2255734276
1262750785
566815578
3235722655
725186848
3966192813
2798270678
2548665579
2282631164
1066155481
621674514
2006487799
931546776
920882117
429194510
1608242115
581818612
926065265
3614288842
1775737679
1923400464
2227154397
397428806
2142172571
771399916
3908934153
3946499714
2333060775
1573572232
3170374389
1244461694
645812851
1452828644
1149207713
1025787962
2640456959
2162837760
102046477
1547170742
3335604811
3181841884
2341913145
531953906
119305815
1110512248
3081446949
1050285038
2216377635
2286056148
2616046289
382976170
1480059567
2911439600
2077922365
3677895462
1346079483
1593997004
1752872553
54755170
2144987655
739775080
2697971029
949176670
3103626195
3715824068
2734697729
3189970202
2983449695
734005472
2588088685
222830230
1704507307
4055620540
2509010585
611148242
4230154679
3063860824
3002658949
3280968398
1144018563
735116468
737801009
2457421194
2356210191
4203627216
3997280925
3971915270
1733546075
4248976556
762249929
3480854594
2777863527
3231991368
427403189
616958014
2474542387
3901979556
2782791009
1761432058
1158294463
3568482496
227100621
1706211702
2090325259
2697238940
2139446009
2121218738
2021936407
1556576824
543484645
3408761262
3010666467
416380564
1282368401
4237703786
1666881903
548170416
3331125501
3321589990
1129301435
2201088652
1072856873
1226125602
4094849223
3244780072
1687009813
3212654366
4284032659
1096412548
1479609793
1575681754
1239233311
3770308768
1350542893
758105174
2150015595
3275310972
3080286041
1425179538
3390586999
950212120
59184453
338425998
3510344003
1455153268
778437617
1667407690
3855415503
2732294800
2069129053
4238783430
3464981275
3880360044
4095552393
1162752514
2402335783
274300424
3416521845
1433458174
837122035
2907066212
2433828385
421796794
1596254847
1892608128
3753784461
1198997302
1352474571
3448890716
4158698425
2871999602
1790370775
2317984248
1811378085
4181905262
2296496803
3909630548
3472217169
823555114
3365931055
3222506096
254807485
1115186854
1599258747
2617323084
3926329321
1969005282
3334846343
3413279208
2756996821
3478709470
1283160403
3989872964
4086738561
1927325850
3485028831
1642621024
3286037229
3024169494
978537771
2957407036
1181952025
1616733522
3684151
3444776408
1968044549
1898583630
2981993475
3475932212
4147565745
736737546
1823197071
1934393936
280486941
1697155462
3087648219
2412819500
231216201
1719174082
380199655
1286239688
1345786165
2985124798
1551051443
3228623652
4007216865
2673386874
2456971583
1291769920
2440290637
2403697910
4120980107
3620663580
4117286009
800390706
1551121047
3122104760
1193456741
244960558
254223715
78036500
1010894097
1981050346
3737663215
1937664560
2592336509
1315904614
117734203
758131212
2541244585
2178536610
649313863
704207272
1021567893
501633694
1529121811
3734967556
3186691905
784601690
1244147871
2265593888
1763377069
272388054
2799613931
748904188
2732171481
2960000786
2101538295
1148118424
353214149
4846606
1349934787
2162747380
4281099633
2379125450
3620558415
866206224
1395400925
67379014
3868909723
1519882220
187677961
213423490
3401370023
894905736
3824346613
3489378686
770153843
4258477796
1744177057
224063290
1169336319
553814016
4150939149
2329774774
3731092811
322682076
954049849
1438679026
2356957527
2622566776
514242853
284330734
285427747
929890772
1829828049
1297098666
3163760047
3802991088
1833469757
2812252710
1562703355
2055136716
956717417
676120162
43812103
2092691816
3405518933
551911518
2786352851
3481618628
3221237761
2203401242
2146029407
3890202592
1962527853
1860253078
2559107755
1812990652
3985430937
1860462802
3757597879
766930264
2944795525
2806747598
3626361219
397085620
2131146289
3939576970
2649859343
1805238736
2809208221
1996059910
3707419483
1801333676
1024730569
3519964994
4197118055
1243587912
2207742645
89898814
2164445235
19745444
1697089633
887814394
2678433471
1687812032
2791406285
1207914614
1034256395
2476230812
1124023801
655475122
4186908695
2694224184
524516837
3322742958
422980323
219874708
4196771473
4169769322
952161391
1969187248
1279124477
3418998758
1148465339
2276286860
2138120745
3799349282
155192263
595216680
2875002133
236351006
1745547667
1011039364
3263434945
575940058
4156435999
3693680544
3694745901
3186613078
2719075691
1649178236
122475097
2239793810
2266536823
3639194904
3514247237
200208270
864822339
4281659252
1871038193
1689355850
4124619727
1660289424
843504221
466127558
3723056667
2783217516
3023392393
259651842
3014907687
3401833736
3957641077
1741524222
4035232499
641670756
254658849
2814952122
2265671039
1334126464
4078528397
2490029622
103140043
748983388
1418565305
1835582322
1651293911
4138189048
901317285
3014215278
1920978339
3513829716
1010767697
2038487850
3926999855
1398114672
3156476093
4172135846
1605512059
410754380
3682118377
3927173602
2841531015
1039425768
4207329749
3677952990
2613593171
1620635716
1312600449
2105593754
4167388383
2074486624
1402578413
2871542038
372865067
3273171516
2430176025
2650958930
2439221815
1439218904
3349220613
2482244942
224995075
1665569588
2305398705
3710885898
3594683023
561381712
3631044381
271671430
3961958619
2917835564
1095972681
3749399234
3323428327
3070481608
2577065013
3440450238
3610080691
2294854180
1321781729
3082046586
2728649791
3649312576
4065465421
4259322870
3936671115
1914740764
1850257273
2995094834
1171592599
2386864312
247940965
528958510
664809571
2418953492
1276987409
2448807146
658797039
1682925872
29023613
738947942
295626299
2963904780
2111632297
954735522
297228615
2884253864
2516137621
1041074590
4228667155
944137220
2884244033
3332061530
2292132767
2652305184
1339732653
2756339414
130015979
36998652
3941794777
573181458
3717810423
1947436184
2663625157
1696262926
3497847235
799012596
1165109361
4127947210
4126085455
1859764496
1050973149
838071878
3396520859
3878715116
1965940745
462576770
3222660263
3466562696
3380197621
3404097662
1337780339
76154340
3434646177
1986893370
1496261375
3126249216
2026602765
3525255606
1575133259
3083627484
1357940793
1076365042
3800575063
388845688
388910117
258408942
56054563
353603796
41957585
3282603690
119169199
1343031536
566393405
597879078
2096783611
2482459852
1465777257
2293370210
822812679
219926632
431254357
2891167582
60238291
2131466180
3830199041
4016268058
1865140831
3678111456
96239469
3608562838
1231359403
1398815164
911817881
1001877458
175751095
3280604248
597628549
1696827598
2810670211
268507828
3697244465
285545354
3416154127
3537977552
3383529629
516967430
4220364379
1970674348
2693089481
1568616002
4033809255
2438399048
2017545653
3071112766
888347443
893589924
4055698273
3048513530
3513590207
1774008000
457551309
518514550
2459904779
292026268
2101682425
537938098
927335191
18987064
2075005157
1225293742
2422552035
3957363860
4163365265
1348012138
1616056175
2119067824
3774535421
1563696870
2223283131
3324301452
414958889
1395769122
3055134407
3242797096
3803734037
1540072734
3978869907
2963835780
3223524289
2845396186
852175135
2329138848
1778322477
827060822
1843984491
2858132860
1405891929
3563753874
1992619639
2481738776
3807591237
969795214
2101915459
1881800308
1190234609
1339845962
2383441615
2504818832
2655341917
881222086
3258401051
1014724204
3558437257
4278304770
1709371943
1055538184
1655808629
2806399998
563088883
1991503204
3868609569
122251706
4062044287
527918720
780180109
2985979190
2073720267
1387479900
872839609
469650034
47094231
2078400504
688297381
1378598254
428464291
1616205908
2245286481
969359914
3383655983
382961776
3290690493
377427110
3405616763
183635020
850808297
3525783778
262335879
3895607272
231019733
1110790878
3011579731
148717380
3358504065
1727854234
440223711
3298813536
828528877
1621841942
3356205867
3135689020
3825987097
2516808530
1094380855
4110048216
696262661
1222247502
4236292611
2077925940
1038637745
2488370954
872758671
3185279056
2704198173
2429958022
556768219
3758133804
3769260617
433721794
4013005031
3608753096
92976949
1901121982
1884537011
3835461924
2483309793
3169579898
1644257087
3544536640
3342616397
420918006
3415507083
258887452
1978962553
3182562354
3286364311
1999488952
3422018149
1888533294
2844080995
2117196820
3292891921
1102265322
2582424815
22833200
268292221
1296288358
3005567291
3860793356
3591214761
4283589282
1818686535
1637291944
2006616469
357613726
291512851
2204742404
1160713537
1498308698
742532767
1616885280
3500565933
3539238358
1787629035
4173446396
1205364441
3930199314
1218159607
3061064600
67486917
3087524366
2414834883
517146100
973335409
2149867722
1950141519
340672528
1999177437
293588294
3677795995
3284495852
1459094281
2278040450
454754215
430173064
2643233781
2867666814
1006515059
1522324708
2730954145
3898359098
2279054847
1021773312
3124278285
2717694134
4115483467
2606308060
63925049
1324060146
3107981143
2730848120
3510755109
2851567854
186080803
288759764
2352708561
3923572138
3889011631
3853060080
3376966973
3208790054
1606142971
2607530956
4085358441
2490586210
3139812103
3442978664
3170418261
1256058462
2173039827
3691898564
1071920641
1917684250
798606687
4124263904
2089497197
3051840406
674052267
2544658620
2683412377
4209407698
732371639
1746512728
1061431685
1830256590
1649735555
80947636
1946434609
1964309130
3312917263
543473616
2230584221
1413686022
1930203483
193595820
2277665737
3800823106
945759847
2253022024
662118581
2849713470
1599039027
1960110244
2073988705
1532643066
2321587391
3558634944
2620776653
1517059702
730125835
171157148
1582760953
3647655858
3785940503
1852364600
1705288677
3290429102
3372237027
2770477972
1987456145
1946447722
2316388975
729376688
3032730109
3929699814
3011577531
781729676
1003644969
189400610
2862563783
2329151272
983544597
412933150
1051887507
2391399044
2165184193
1673163738
2869175327
3703215520
701546285
4148431190
2477532011
2338772092
3440875609
2981140626
1226658167
1504375576
1744522821
231267726
1584478787
2577075572
3836300529
2497926218
1584671183
702480272
4014981213
3068147910
728837147
2601411948
2211026057
2212857602
1438518567
1556912904
1611298165
2212166398
1963415795
2393160804
1196085025
2812678330
1348230015
3500516736
3253980557
270926902
1627070667
800977500
3326827705
653250930
4225529047
165150456
1977624741
1154102382
771744675
2243290964
3686112593
3790186794
393722159
4203579248
1462757053
200043430
1362428283
1667529548
532672745
2643884002
2845018247
3123453672
223307733
1951238622
1134942803
3600649796
2439821185
2673155482
3846259423
752199008
2369194989
1154117398
4291415595
2276524092
1879724313
3093330514
3216918583
2598894296
3404411653
4292606798
788806915
149598516
1152589233
3243208202
905181327
947715920
2600221981
1461128838
119834331
370311468
466451785
2241124546
1106752487
2632618696
3288762933
246188222
3622177715
3287044132
4002140129
520067706
2156583487
709006656
1077049933
1357466102
1215310731
2679635484
1013740921
3241841458
2258291607
1691543224
2931060069
1907765806
1154893411
3199298324
3568946705
4115440362
3871401967
983918384
4115448701
572006758
2610412603
3180361484
3490331049
1159244194
3871510343
989853352
298310805
330299294
1260383507
2953380356
3116374081
1457358682
3843105183
3185866016
461248685
205165782
2135308523
4910076
3918121433
2025200658
1850343159
4220568216
1960040389
1762711822
1053687747
1048712436
216116849
2618902474
45516623
335462160
750352861
312976454
3370557851
3763756268
3767412233
3243895426
2345409191
107235976
2418761461
3759134334
2729148019
4033586148
438407329
3542541370
2175539455
2561885440
3954304781
1786138550
1420031563
2917255644
2172276281
4060812530
3231965783
790204024
2095149605
1352921070
3628296483
466923220
977452753
804084906
246208175
2474706672
2480562237
3934099238
3043571451
2161914572
1030832745
3146816354
1357665799
2903477864
3838382421
1820599646
3487612883
3599513028
46676225
2081665306
1899216991
665257184
157672813
2069133974
3839976363
687118268
1515586201
477199826
4085282231
191187544
846544005
791115470
3096347267
3860936884
1978990385
2264981898
997971471
1143226064
155678365
2270296582
4084694107
496629932
583765705
3505699906
2180727143
419021384
3241735093
1304749118
2954342707
2950870948
852234593
2514218490
2055215039
2478290112
1496454093
1787630966
3092676875
1845187996
372565753
3273742002
2830612759
3630954040
220673765
2807262638
1929858019
685748884
2769317777
3549156970
1710982511
1826645680
4153982205
3806121190
2171171259
2970070668
414518057
2059291938
2530270407
1880811048
3809674773
3028947742
212357779
3320260996
893721025
3233258202
275324703
3252507808
1269723693
2144870486
3277540971
4117627772
2737765209
2371002258
2921442423
438669848
2425315653
4158641294
2265302339
1804082292
2024607729
2747677514
386131151
279805584
1432761181
316018630
3382122267
2979877996
4081432457
237325826
860170279
342555144
334448757
1837871614
2599068659
1578208100
1632326177
4175345594
1371985535
1393550464
3715301517
518888246
1715981259
3016008028
995901369
4265433202
4254486487
2424970744
1279638437
4219775854
1608642211
831682132
1843585105
3790082090
2204955695
4001597040
2772949437
1224065702
2723703931
299035212
3533018089
3160522466
657466247
2749496808
694532821
3783377118
4231439699
3118062916
3656825473
2525578394
158416351
2756142176
2534915821
3347416598
1836316971
427241276
1691661337
1964605778
3169690423
932288984
3689039365
687469134
1425262595
4202086452
3452559537
3559478538
2349773711
2170191440
4124422173
3539199366
1308979675
1075867692
582787145
2460721090
1852428007
4168610248
84827445
354697150
3185858227
381165348
2388611809
1307525498
2923451711
3464221760
2369039693
358080758
288872075
318614812
4054866041
757013042
1040164503
1194591672
3875340389
2465704238
2845004131
1101855252
2910458129
482478570
3183551215
2778672
3785864829
445151334
2062952251
654173708
2614287529
2050683042
818555463
673502632
2491494293
2838179486
1498134547
2921615620
966597441
793292378
1661738143
2795844640
1617021869
3223104470
4125844459
147856124
470233
1032200978
4272183799
862544280
556657349
3895840782
2367195843
2125276148
3993727345
3119132362
1365000783
1575697936
2404773085
2775284550
1132629147
753093612
1106266377
944222594
3257480615
2229315976
3512087029
3662581118
868534643
3046535908
1657279393
2798488378
4138505215
3183182848
1027021325
2609637046
736534859
3748034780
4193333561
2575735794
2830351703
2888412536
1242367269
1936484078
450589731
619658708
1016463825
98157482
733483439
1234503152
2977452861
357887526
771924475
877175244
1697441129
1846141538
2724131079
2627956072
3240453205
2168872030
2661780179
1585874116
1559772161
2092292122
3824794463
1622590432
3696007277
2539491734
797019819
4147693244
2508613017
274236626
302370999
2641160536
758271877
458452430
1513360771
2750105524
305250865
3066611850
3719074063
773832144
2259085725
670880006
751724379
2611341228
2711663049
2562294594
2101566567
962928968
1971766965
315267902
3612081203
3597436580
1195742305
3577320698
1372295871
2559505344
2184857293
3209276534
3910413323
750716060
3571370489
1295244722
1014141975
791352632
2721434085
1654842542
1048205027
1729708436
3019289233
3740220778
2752626799
847472048
3648630781
3072009190
2654854331
1030954380
3747851817
294556706
716076999
1629340968
202529045
2677230110
118103443
1187018884
214441153
814793178
318380575
708580256
4288161069
990394198
2901834091
3631297148
101867097
3612386962
1439827831
3311153432
2360308805
1746062222
2802208835
3589352308
855429873
3968148042
1740611535
968359312
8955485
3093817030
1286144539
1881686892
1385028233
230757634
2927117095
1438996744
2925534069
3562563838
1127870195
3573176932
1687672097
1794334394
2791133567
2528519040
2969449357
1313944118
998274763
3469168732
3275301561
300343154
3086756567
4294458616
3694612133
3864732270
1596979619
1407911252
1817977681
2848093994
3180212015
3803546992
3731606717
1033574822
1852299131
104683852
2067216105
2659780066
947437191
2505301224
2450001365
4191287262
2368958547
2727488580
3519856001
3164171162
919419103
452272992
2130997741
1490853142
3238667307
1614372412
4067104537
1009682514
3905486391
3136764120
2355452165
875817294
508515075
1082052404
153920433
1021262858
3864358543
2289302864
3787137821
1953283206
2782026971
1311399724
628605769
2971559618
612887015
3653325000
4171378741
4105696958
3528368563
3439324708
2742998497
3116034170
2602684479
2951811904
3728924749
3596777462
3588981131
1497324572
3317709689
1902092594
2584773015
240198840
2765198181
1146429486
2277268579
4146366740
2122732561
672362730
3471662575
1105945904
84846973
2794770278
21008955
308761868
1768390569
247019426
4202546503
419804328
801538709
1170367902
3957555987
1841012740
4106624577
1385157978
1446188959
178385696
3478224557
1587200726
2122092267
38881788
3142619097
2830248466
2846536951
1308491928
957611461
2776024846
718214595
3478401780
226571377
1234638282
271449423
3792944400
3472777181
969626182
4211767195
2574007020
2870897673
1553037442
1848791207
2233010312
2433549557
162088062
2672432243
2587705828
2897909409
3545248314
2530807551
2617230080
3737668877
2772270518
722816075
535242716
2637435961
3042845426
560961623
167103608
1757714469
2186337774
2195685155
478530772
3275048145
3684838058
4008660143
4158981360
1377977917
2949137702
2038959355
2779844812
2595522665
467609954
1602063367
2347977832
2181936981
4179923806
2648331731
1677513668
2121547521
3828612890
938194527
2432860896
624905069
2046994582
3087907243
4068013500
2172831897
1184598994
926362551
238061656
1601921669
2711315662
4148533379
774985396
2025489713
1953279882
1544113167
3461823696
756178077
2789451782
3474018907
1974326956
876729545
2849655362
3661068135
3616309320
1952487861
1760318014
2230077235
3631371684
3909818209
2306030586
3225619903
3533845184
1196325325
3366077302
1841157899
914273180
3394546937
3886179506
1289318167
1655059512
1422941413
1712217006
3680068067
1338953876
3542676881
103720042
4099144559
1818387632
2321982205
3606412006
3120449467
3285879948
3219018025
1069210402
372773575
1306305576
3852315669
1236828446
3721914515
18204548
932650945
591784154
1656165663
97964704
1972230189
2564050518
8234091
611344764
633454937
4289375634
4029571703
1263456280
2354808645
3462513294
1853020995
3369482868
1134073329
3743418698
10967759
2499706000
548870493
395689414
1688661275
3333370476
3517054345
4072201218
2002214439
282834952
1599925877
675356670
502610419
3814664548
2167429153
1843660218
4263496831
2342019712
1821730445
240175414
2426741195
1892024156
2380400057
3521930866
3675129303
1210211320
1437917605
1968019822
3689546915
3703542868
119629393
2843270698
1977313839
3340993648
849067965
1507618982
1701003899
816040012
1235540457
3020704994
2372753799
2122431464
2000052437
759049950
2795256659
2160491332
2834219137
2173014682
492123103
2162090592
1962747117
1758442518
2861322027
1274514748
1221425689
2107608914
4082129207
353949656
208956421
2441732174
991354371
3405962804
651912881
1802576650
4106758543
1036614736
2393675293
2877395846
3196798939
808472108
1409214025
1357721026
340919527
818327496
3468821301
493333950
3307531443
3603152164
1575639265
3529674618
4147071807
3198308928
1667044173
67702518
1183526027
1652362012
3902545529
4261161010
1254972567
2854896568
405939813
4123957038
2404476771
3474462740
2011076369
2269173738
3393558767
4024984624
2407636093
909977190
3732340027
1875690508
1757946537
1922268834
4091371591
4255290280
328717717
1500880030
3001503251
3738103556
456859969
817036378
1854280351
3654988320
2555195821
1471470038
3371809259
3704518908
1264972505
708456722
526192631
995008408
3968209093
282312206
3354501315
544686580
2604857201
3139435722
4012619855
2423798800
464704221
1070016838
2675860123
368126444
1276677897
2654420866
1072130983
4144850824
4283422709
3726637950
2503696243
2388660452
670636449
3366902074
305236479
595591680
6651917
4153087158
36697931
1600378588
2604857145
3046222322
3671552855
947776376
151530277
3981530350
3226438179
4070071252
4263544785
558272938
139626415
2389771248
2782411069
701996070
1207531515
3306520524
235416425
890269794
944252679
1795107688
1468140117
1142868574
2105090259
3605996228
2537308673
579741210
487174495
2827633120
339607149
2470690710
780526763
179643580
1313549209
792367826
320112311
1303390040
4182799749
838818766
1069753219
1962108340
3650046001
804034186
1720846095
348830672
747229085
1915125510
2319465819
2612118956
179238857
1951863106
1222087271
3815759688
3989204149
3223980350
1761120819
2784240804
1209834081
579396346
1978042559
837906880
3631131853
4137081462
4132667915
2067423900
647401465
40692658
2313964055
1658671928
1425469413
563466926
4188302563
3540017044
849819793
3108637546
113391215
175989680
979342845
2993410534
2225779387
876477324
3928290345
1967333922
158182855
643269416
2679439125
586790942
1091679123
3840349828
3853656769
148312026
2946502687
1152225696
3717172013
154953046
1844498283
3379269756
842867801
1986049170
758562167
2617077528
3214121541
2597108110
2370528835
876038516
3665844465
3952537674
2444957135
310442896
3857812573
2690618566
3247495195
2771525996
2692882569
755802882
1038252327
900601608
1457897845
3645232894
3676079347
2034235492
3876903713
1907403962
151930751
565617024
1077451149
3471597622
364235979
2311106140
3411470521
2924342642
382460119
1493727992
3904795813
408686702
2249199523
3155174228
1848813905
1359693098
1549051183
2345501552
3520574141
230279078
927640955
2164668236
1843297513
1827378146
3591238791
1332452072
149992405
3955647966
4168156755
1148635716
2405221249
1431157146
1829318367
3322192224
2835470317
1734265622
3657071147
3434200124
2549865753
2842465874
2357441591
905344728
2349825797
2969294670
1531603203
2315447604
1456875953
3487500810
1734796431
2438658896
749340957
3895618182
1211118299
3593616684
3729918281
3793220802
3989315559
3985116872
3077428789
4281558206
1181169587
604212260
3986807777
132527738
1919469119
3935277376
1283671629
239838710
320264075
515291676
2319712633
1123331890
3553175
180314808
1897838949
392433198
1884451427
3112675092
3380795921
2856992490
1607062511
4196492080
2969603965
964787558
3264833595
791556876
3388261801
365544866
3437820743
3321590440
1878337685
1413796766
1582766355
4049485316
3707511873
967975770
1543835039
72315168
3948209325
459993302
2237850859
2286397436
3762771417
840841234
263940855
3948625560
1803822021
2588718350
343944131
1645629684
3343956593
2122638282
2656400207
1494792976
2775795165
660537414
3772665243
2456951020
1423880713
1832453762
3880289959
3401434760
1277078261
3350377086
3315116659
2180964324
75734177
4142497850
414582015
1144799488
3524178701
41200566
1630970443
2380039644
605936185
169947378
2230013527
667028088
1524088357
611175406
2200671523
2535910100
492292817
1187444906
669106863
4248371952
3701091389
4085445414
1230430971
2188766924
4012363369
698201954
3703489031
700910184
1904368981
3526689118
3984845779
2807919044
3612361985
2814659866
1129557087
2538471648
3645419885
1394661014
1122635691
804082620
736071321
976591314
1436410295
1273742936
716277893
1014977230
3819744899
1748071604
1689258801
1497922954
2907095567
4051319504
3037545117
4221916678
240855131
4256281772
1424497353
1747966018
2032381287
1292844616
297287605
2290335806
863034675
787608484
2491030881
276466170
582353855
2793189568
1704648653
3106369910
852831499
3941732764
430207737
227766962
2745902359
533754424
3534324453
87640494
1230731235
3769495188
40991633
1749119594
2338091375
4241777328
426019069
3112052966
2923634107
2124245644
2386007849
573008162
3025094855
3666764328
1784173077
2606165790
3770121875
3795084676
1192830401
1363424986
2847214367
3602927776
1738358317
4232084566
2773482091
3076702076
1535412057
2876423058
3169523831
2808614424
1448586565
1028894862
3012555075
135551092
666115057
2179585866
3405435087
2722069136
2151153501
3267718086
325501723
4222685292
4012786569
750545410
2988020775
3023861256
3304756341
1466338814
716165107
2258421604
3326434849
3864613818
1999159935
1225842816
1541917837
2357046
2058516427
163011932
2878852025
386626674
456506327
581605880
3310618533
1065781102
228727459
3789337172
3515870289
276409386
553246767
548635248
3961497021
3375570598
2485000315
3882133068
400826345
958847714
3260714887
4161894888
2000094933
2775227614
850514259
3718453572
3038168705
2817646746
3588827615
3664142432
1259506413
3297370646
4283737387
3530025788
267796505
798334290
1684213559
227546584
993432069
42585678
787084291
1837038644
3374116017
3660116234
3996229519
1932032592
3954408477
2592031110
4072742363
808463404
4101057609
3567172546
1625963239
355784
3802507573
169548734
102073011
2764004132
2191875809
3393576314
3167633727
599314496
3384113485
1697266934
3951985291
2112645404
3669484665
2957588018
1783304855
537952696
3751234661
420840750
3669982563
2792568340
2742230289
19899882
1064963823
1352032816
2576056957
543282278
1571279675
1082892812
3169675433
1750863010
899716679
1645236648
1960737685
2788166302
2654135315
2506722564
1778984769
3717024346
3467643039
2046832672
4167604141
431818710
1673007083
4106016508
2851387609
811482898
717604343
1310973336
3859691205
2984356878
3229267651
2217828340
3249175921
63294154
3450547791
737491472
2621421789
1620236102
1865037979
4277077996
4117812489
966184322
341156263
4029293960
2809757173
912353662
3764516211
1696181988
1918508961
3456116538
1516666879
3996418048
2210653709
905593526
4163456331
2605790428
1740946745
588036082
3484100951
3351390584
2385727781
2544255726
2071175203
4197546452
1356533201
3156434858
4254924207
876413424
644357949
2093632038
765480443
3453115852
1846767977
1770454626
4242627847
3091917160
962645
325531742
2650453715
3309813956
1857046529
3822482458
