1704507307
4055620540
2509010585
611148242
4230154679
3063860824
3002658949
3280968398
1144018563
735116468
737801009
2457421194
2356210191
4203627216
3997280925
3971915270
1733546075
4248976556
762249929
3480854594
2777863527
3231991368
427403189
616958014
2474542387
3901979556
2782791009
1761432058
1158294463
3568482496
227100621
1706211702
2090325259
2697238940
2139446009
2121218738
2021936407
1556576824
543484645
3408761262
3010666467
416380564
1282368401
4237703786
1666881903
548170416
3331125501
3321589990
1129301435
2201088652
1072856873
1226125602
4094849223
3244780072
1687009813
3212654366
4284032659
1096412548
1479609793
1575681754
1239233311
3770308768
1350542893
758105174
2150015595
3275310972
3080286041
1425179538
3390586999
950212120
59184453
338425998
3510344003
1455153268
778437617
1667407690
3855415503
2732294800
2069129053
4238783430
3464981275
3880360044
4095552393
1162752514
2402335783
274300424
3416521845
1433458174
837122035
2907066212
2433828385
421796794
1596254847
1892608128
3753784461
1198997302
1352474571
3448890716
4158698425
2871999602
