298310805
330299294
1260383507
2953380356
3116374081
1457358682
3843105183
3185866016
461248685
205165782
2135308523
4910076
3918121433
2025200658
1850343159
4220568216
1960040389
1762711822
1053687747
1048712436
216116849
2618902474
45516623
335462160
750352861
312976454
3370557851
3763756268
3767412233
3243895426
2345409191
107235976
2418761461
3759134334
2729148019
4033586148
438407329
3542541370
2175539455
2561885440
3954304781
1786138550
1420031563
2917255644
2172276281
4060812530
3231965783
790204024
2095149605
1352921070
