852234593
2514218490
2055215039
2478290112
1496454093
1787630966
3092676875
1845187996
372565753
3273742002
2830612759
3630954040
220673765
2807262638
1929858019
685748884
2769317777
3549156970
1710982511
1826645680
4153982205
3806121190
2171171259
2970070668
414518057
2059291938
2530270407
1880811048
3809674773
3028947742
212357779
3320260996
893721025
3233258202
275324703
3252507808
1269723693
2144870486
3277540971
4117627772
2737765209
2371002258
2921442423
438669848
2425315653
4158641294
2265302339
1804082292
2024607729
2747677514
