1523165023
1296941024
2757715053
697953686
2772056747
1377927868
1245704601
3616317650
2933079223
4175652184
597597061
823871950
2466396547
4159407028
1243401777
1619027082
3760684303
1415952848
4137465245
2998938886
190976859
2343412652
1122844105
4117012290
454805607
74095944
271979189
838432574
2488608819
1668006564
4263747681
3276288250
1991343807
541323200
517149389
2152990838
3544373259
1973797020
3548272121
2031483314
1242955799
2306838840
4259845605
2163785902
2055111395
1758952852
1921498769
2199181674
841133167
862413232
1467317245
1546420198
3871836347
2465782156
3692444201
3060248610
3336364999
1518420264
1971823893
584066590
1825130899
3908940932
2345412801
1821203930
16123423
2886668192
1136062765
3789591382
1453008235
3730173564
3516394073
249610898
1330344823
1569631512
2158477381
636921742
2436922435
879585140
1530126065
303611466
1550224335
876214672
529166941
4006036166
170438171
3123445612
3987105417
1640509698
2214375207
2089211144
3650840437
312689918
3165592307
4218787428
1321328929
1004403386
4168039807
4054261632
4020436877
301436470
1872437963
3769240668
1587850937
2082798450
2555090647
2500376824
460692133
1523383918
580920739
1042628948
1631137617
1472467754
1942690607
1976926576
2977142973
4232607142
735937403
1405031756
2008400617
2294161890
39004807
1752389864
4060699093
3391804382
90086483
1011574852
1243400577
3916564378
133506271
2919505760
2335129069
4031838486
3399143467
1293556284
3770458905
2149229650
720267831
2347087064
1240048901
4130587982
1710587651
1702300468
2913972145
4199471114
958945935
3543267664
4224249629
845682822
1849559259
774511404
3327938377
2558624450
498619879
1480510664
2154396725
2921255614
3023031731
1224157732
1291117025
2306966650
2254421055
1511919424
183741517
2024068086
2146577803
1881020444
167233401
3053042994
957083031
3659374776
2476466021
1793260590
2123925603
2245707028
900685841
4226878698
425085423
3813105968
2032301437
1524509542
1604468283
2481262860
1907493801
3662304162
3724816711
3252760744
1381224085
3208069534
578465555
3136347140
4066519617
2353295706
1988559775
720170784
4018686637
3265994454
335100651
305006076
3631094745
2499429906
545005815
1403550872
2351188421
3348275982
2078360003
1992847092
3125821553
3135418826
757918031
4178426128
806890461
1533193798
4200735643
1265104620
1573845001
1934660738
1997454503
1465025672
1096831221
2586583166
2509717619
665877988
2709299873
3186806330
2269313791
292077312
1166350605
35379638
1997011019
2009195484
2520227897
1884569330
1796670551
142493816
3541754917
3069884910
1495771939
196610260
3366605009
4049323690
964966575
595394800
3007451709
900571430
2765469947
2536164556
3133871209
1691108706
1219491847
109758568
