2864986947
2771917428
1406203377
2285693258
4166957775
2576243856
2403694941
3473972678
2334412059
256709228
1223056777
2675031042
3321544231
2271713288
4290203253
2937585662
1948162547
532220260
1090566177
2444813754
2167352447
3013624448
2017183373
1342417206
200966603
408674140
2814272953
1348290162
537486807
1361460216
908542373
3445389678
569074851
1460761684
3163145809
3590700586
3124939311
3500369008
2170167229
2479313062
3415253627
3576801356
202979817
1379216610
3200301447
2549980136
4257267925
2223312606
846568275
2534431556
435101825
3301601946
3642004447
2849423968
752059629
2297598998
294760235
192769340
970578457
159412050
2264643895
1024243672
521587717
2517155918
3804773891
1531231796
2574501553
1399718666
1574930831
1144609872
1436218909
534541190
3160975323
2829987372
2040743497
411438530
5596391
3845296072
3548144437
4246638014
3735964851
1056808228
2551888097
1830252410
3281955647
3767153216
1600353101
3130781430
4047539339
2985487132
3369631353
3477932082
86555799
3910017976
4110714469
1589475118
4038248291
3981047828
3215390481
1655551978
806156527
3947381808
1721760893
2634548838
3422838075
876258316
161252009
2610716322
1922089031
1157526440
780285333
2040298654
2988486163
284741380
916160833
1524096090
598045343
3971125792
1887670701
1555544534
257890795
875845884
852644569
2029719826
3630723063
2300739480
730362053
2519899662
990052547
1150886388
3493549937
3254574282
698554447
2026380304
2600547037
1359087942
3569074843
2655980012
2149379849
1622155138
692767655
3378071432
3362404341
4139178878
3525623667
41545956
1015642529
3125000506
2281761279
524804608
1288429581
50197686
1011177291
918140636
2715768633
3116534258
1788007255
2369899384
1111132965
1193293038
2635131427
2494184404
944302033
2341695914
4017743791
1538319344
1700174141
2642574374
484890619
2304991180
3980168041
3371782242
1683719943
3225095016
1724672597
220572254
1343389907
83428036
3170673153
328402458
730403167
2235703776
1825857133
1562812310
3024831659
3657106620
2350353305
551252690
1367336631
2707687256
3300054405
406731726
3727983491
217400756
820488241
900298378
3530123023
3204094928
3292016541
4284166
1457364315
334472620
2903726025
296743234
2409296487
3013328712
3678457013
4053854526
692187699
99484836
2534210145
1258144506
4111853759
3885584832
3577023693
921287286
533258763
3127919260
3012751353
427674546
1325902359
2910925624
1250512869
1279570606
2982530275
3639754644
3207567505
2457267050
3477706351
2308785072
1111356925
318157286
2700612283
3630947212
1740198953
1410073122
1122045383
1769169704
56581909
1960876062
1191908243
4006672004
1976730305
2696671194
2004840479
3410325920
377875245
2013218134
2467704683
4036063356
644449369
3940652178
1359093111
3583069976
2002123333
3253442958
3072116291
538519924
3023616241
3493056586
2398254543
1586551696
4127190109
2337961158
2240690203
3981443436
289833097
2235925250
1107679527
3820615432
3368034677
60602110
2126898419
2769934436
3496295201
2969930938
4053641087
1899921792
1298069901
606027830
2391485643
282496604
1051936953
3091123570
1900495063
2039241464
4205892773
4092260462
2039574435
98698068
2904230225
2031625514
1715209519
2630706032
2182484669
992257958
4210560379
3843299148
3922910441
1989440482
2095142023
1617394408
553325525
2794276318
2445960787
172010052
3923583873
1947376026
1313378015
3598483808
576206829
1526835990
4269791787
733453372
2726837529
2160948818
4121891895
896161496
2419187461
4177180494
1887160579
2848247092
317622705
1935403530
1442727055
1598741328
353921309
269306502
1670222555
3459259692
2104912201
3576747202
256606183
1500769992
229127733
40518846
762353587
4223495204
3511827425
1041962618
609756735
3019338048
3389630029
1482589686
994850699
3450640924
1140875641
533040946
1343330199
3777184440
4285602149
2211638830
4281586275
658081556
449526289
20389610
185676783
2097234736
1772023677
332160358
2376517691
857477900
2756257193
710059426
1092377415
2228703912
2623506581
1475064734
3943725331
1393040900
1641841729
3210150746
3064229279
2124894496
84624557
1944965334
155731179
4281174012
1630778841
1281300498
507955959
2427395736
470188997
3811284238
1964084163
2511876340
3318291057
3236021194
3729576783
2296945424
3326191069
1813635142
3013324187
441448684
2187530761
3677480578
2251024039
3565790856
3870886645
2211025534
1342311027
3851993060
1116994721
67002426
4093994239
1736712448
536154893
560434102
2563506763
1152542172
2218408505
2580680946
707178071
2483415672
3314163237
29141998
225244451
146328276
3774884561
2895370410
3565757103
3522749168
4254633021
1521341222
2076459771
105107148
2279353961
688297826
2119311879
1988291176
307019093
4273725790
3449637843
2229752260
3868239105
1950952730
2001931359
1535500512
4083093869
4035163798
2251255723
2662544316
2200694425
2002155986
1770602935
1998562904
3885230213
1715352270
4020113027
2410894516
92826417
444947850
2661163535
1663703760
1849402013
1027618310
4168648795
4117730476
1892448969
822655042
4117171559
3569032776
1353883573
3715801150
3241819443
4268479396
2364177761
3564071418
2271568831
61116608
3823189965
2365215094
3653930251
2309484956
2149634809
807686834
4266034455
32789048
2042356453
862464430
788322275
908054164
2558122897
3169735274
2573455727
57950896
46328061
2374568166
2819653051
1649101452
1162606377
3966781730
3812796615
2502574632
3749884437
3502100254
1949359763
463357316
1085900225
1151932122
