4138267139
2036720180
3648690865
4114186
1989246351
1081786448
4140108317
116881286
2690636763
3472085548
780442185
1131368898
3276134631
3986715592
1307113269
3952742846
361496755
4059545892
3710291169
1495872378
4171079487
4206138944
1533183821
478671606
1473560715
137465628
593416825
563563570
1845899415
3431270328
619059813
573176622
4258102115
3478985748
1593297681
1648393194
3365465327
1100720176
3333689469
1912932966
3497365819
2628929548
117954217
1904714402
2962961479
3921565608
1159252373
305791134
414736915
1281684228
3580974401
1378590810
922642079
762246688
2381096365
2902834646
2632797675
556072188
543336153
1053250834
3940541431
1701536664
2853438661
339812878
1314370755
2476623348
1674980209
2773590218
2668170319
3794632720
520046301
887164230
2795959963
301510124
4212278025
2459788162
3748609959
3815451528
2150288373
2054578046
3044438899
2941785316
170479009
2379840826
380886527
2140554752
815723533
2729310390
3721235275
3277609692
2541333305
3826306546
1671710551
2069671800
1416634149
13678830
1134534179
2040618964
3576544209
1672099242
515496879
287852528
4064193853
826507302
3914075131
1363084236
2596003689
2280166498
261749511
2828988264
1152843349
1023880798
2099131603
2353604292
241595905
342542874
1385563487
2116191712
1007776365
758686614
3603789995
2404362428
2126241689
548124370
3995818679
978381656
798124421
244367310
620574595
819882420
1813412913
2474785418
411261711
2038693840
3205120925
1692689158
3401371995
4177349036
3256658889
245445954
754148967
1129423688
3830800565
245656894
3976701491
1353722020
1094766177
1243055866
1367137471
1913370048
886841549
2556280438
2957317643
2708924060
406930425
3754954674
3427606039
171972408
1393746917
3749550
633897187
1691181972
2913496209
2266083178
155028079
2184751024
2415528445
3917198822
3914417851
598441868
2571937833
3221177890
1330872775
4185605928
3164467989
1074142238
1854588819
1711610500
3452982977
4011307994
641754143
1615451552
731316013
1272269142
4270613355
2454328444
4062304345
3904231570
1809944951
2401383192
3800665669
880942478
1700362819
3169209716
3942354161
3968898122
432040399
1312702352
4221960285
4106320070
1331784731
1740744044
2489570441
289064706
3130150183
1293146888
925414773
3185851134
1459591411
834665572
2871856929
530796730
2411240319
164947328
3168406925
3411493942
3254477003
1983984220
3866467513
3734311282
1723905239
2834251512
227436709
2787341422
4010288035
3701548884
1093131601
3459705130
518256943
3163342704
614868669
3631066022
1933918587
3619142476
1937387753
1401665506
3733440647
4229127912
3381503957
284608990
3887995475
358141508
2624518017
1408392602
4173169375
3953452384
289229805
3063656214
1726615083
3721674812
458527001
1084602962
2193786935
1939815128
263811845
3956620110
3123477763
1668673844
2571460017
2453450250
2575317135
1746681680
3113385245
37244550
928302811
33931564
1118289225
3022657730
1460401127
7459528
4117023285
1576388798
1310608307
1850183716
816713697
1614600826
2015828543
1051841856
3713579597
3378153974
3316673419
3581623836
47625593
1780470578
2982087575
1193944760
815967589
944730670
2854127203
3973884692
2825653777
4208583402
3060606959
2816780080
4110615421
4225327462
3924294715
4045649676
1510242729
1011739042
3958820679
2418489000
1212554389
1704540062
2742562067
2516861444
3271710785
1958397786
3503120799
4159943968
1640257709
3679179990
581335275
3853396988
1528039897
2453363730
294534903
3079144088
3286374341
1514805518
2385919939
273503476
4021546609
642156490
1317193551
2396913424
2643442141
1795744838
1163321755
730438892
1571317257
3509529218
2434816679
489392776
1539940085
2224625278
3978542707
3792102372
2055458977
497296442
1904761087
3361899776
1796744973
3760689078
774125131
317000156
774147641
3425719538
3959956055
2494615160
688894501
3162320878
566995235
1631579860
3157589713
2394594474
3868792495
3959441136
97558589
293525286
1878619899
3014619852
1034650217
872799074
1717605895
1433849448
3582415189
3014485342
477691859
2747758020
1246394625
1127280922
1966080095
485901536
1374430573
3886398102
75604907
3717715900
3525329561
121028050
3070539191
3936127576
3418586245
1705031374
204915331
1865185460
654786353
174989706
2944931343
1245937360
207468189
3438492166
4230462555
135084204
908447433
34208834
3079635303
587268680
1729573813
2274239550
248508723
683538340
4050538849
697904634
2728155071
514258112
4208481229
494818678
773243147
1111397788
3911132921
243701426
341571863
21182008
596997861
4167871918
3771698147
3314217620
356691857
3415807594
2250753391
4036994736
466550013
2535328998
3896095163
588967564
3475983145
3027471650
4236582087
2881627688
3457238549
821252894
2374013587
3127011716
4211562945
1897192154
1822777119
2993460384
3597972013
3379126358
2671480427
3109110652
1631140697
2304237458
3521506423
1553781272
3021840709
3013153934
518915395
3956497524
939479025
1618180938
4082115791
3792486032
716993373
2243383238
2659669787
2068878444
3705665417
2692386306
3642320935
1370634760
3557656693
2090136062
1306715123
2653735780
3190657569
366737338
4062385791
2034181248
3780722829
1327422262
3091729355
927457628
1954971577
4209154162
3917123543
3164691960
217316261
1910369134
837430947
1702737492
206905425
3006615594
735654959
3716335216
3149797821
3396797094
4117277819
52832844
2135938025
4149673698
488924039
2999533032
1319369429
3542810846
4048479571
362093892
1576598145
1881572506
4260199903
3491144800
2753429229
777438742
1167341867
748318524
2837378073
3260989778
2163335991
491313624
3383789061
2851287630
1897662467
2986475572
3680247985
169252106
278590351
1576648272
3714838557
3004507526
792048091
689156140
580313161
3326140354
3296595687
2835296712
527211829
963477438
85759667
1578327844
3380712161
875331962
115119423
3488289856
861597005
46735606
2138576523
2244013340
3508181113
453270066
3928221335
3062580664
2448113765
1854990638
534483299
1289239060
3123466513
122636778
778920687
2590615088
710801021
2840180838
4198917947
3616613900
2127371433
4134547618
4143868487
1246500264
872378261
1343516318
44300307
2971635972
3151977281
1915088474
801660063
1303671840
799542189
2217602006
172729323
2872269564
177302745
470508306
2733152759
4234191256
423373509
1852772366
1837157059
2910348276
2313007473
2836885194
3190325839
2244640272
3375115485
852278086
1894960283
1964411884
2550827273
1293742466
142439847
3903318408
2247389685
1406651774
1329400179
1144107748
3156890529
2521484090
1200149503
3664430080
3315423757
2252154550
4133937483
2171189468
3214635321
3098270706
1427635543
2663443832
523978021
4098205422
1969468451
1197112788
4152902097
1235682218
2762232239
3474212336
1819185981
4048956966
429056507
3827032524
3194430825
1803493986
2027106567
302689640
451126357
493853790
1010813651
1220658372
494566401
1758664730
3371563871
3271951328
2916276333
4172206486
3223441067
1759250108
2790303129
3223176402
3599372471
2309237080
1870696325
3872173518
1054625155
2314635188
2084831793
2671118474
1924714767
3779001808
1388128669
2728268038
3867060059
2199463852
2382033353
3469656898
4090993767
2423021896
73729717
563338046
117718067
3964126884
4276606049
234280186
3672625855
276706240
752912077
3879398518
1339321355
1040336028
3234400761
3717799346
689361943
3842135352
3785624037
3367773358
3175257827
3770974612
1562964625
3153886570
1698562159
3812795824
1185935357
542925798
906894523
747003276
4007521833
3494106146
1365424071
1774519592
1611700501
1895598622
3638713747
1480308868
1267358913
99484122
1345739295
2278249376
324953389
2040100694
4191598955
1498706556
1562156633
2555766418
2056669047
349401368
1497216069
3100380046
3488518211
3007081332
2874086129
238182986
1695277007
3088530832
2665408093
1615406790
3533259291
920355692
354949769
2769704194
2504819495
3758921992
1467898741
3093407998
3341954803
2987760228
3128562977
753966778
2813956479
2850382720
3185865613
4085412406
2122364619
2404028508
358834873
1401692018
618687191
3104799992
3320155813
1907647086
1110981027
1691764052
1137599313
1611642666
117075759
4273259888
1038224573
1948015014
4067956603
1955633484
2163308265
1585333730
4016897671
1899699432
541478357
1081817054
3544952915
458058820
3469671809
3140922266
206141663
3015992160
353022445
3031293206
170550315
811376188
3484768025
1316210770
2915909175
2913892568
590584069
1244473678
3413611267
1426722612
3485393841
3620502538
2346823311
303250768
2454807325
2307783814
939695323
874356524
4266787657
3920864962
3147573735
3611857096
4227887157
3993056958
3934708147
2975542820
3617658337
1157113978
1421742143
2657112896
2372477005
953399286
892060043
151165980
3190455161
2755977522
3342123415
178807992
2025837413
888037422
251960419
3746547988
3292042257
4154503402
3768163823
153789744
2529487229
3931508582
2979058235
1073386764
2774646697
267286434
2175927623
137163944
944030357
1101768094
3862676243
2377572356
4027080257
3127711066
66017183
514929440
664256173
397148886
64802539
1639221756
1591398361
1278700050
1324283127
603275416
3659677125
3232761614
2620872131
1528787700
1649636465
2646889930
2650422607
3069377808
3520372701
4230779462
3648698267
3734993644
3661147145
1986443394
4119236775
903891080
782976245
1479705726
2344768627
3319300580
4280080033
1741517370
1219841791
2779710208
1882098957
82754998
3868560459
4276774876
2078168121
428040946
1322506327
2307722360
1727191077
405413358
3999776547
468782292
3072820433
74410666
148606127
2858697968
1444447805
1086948646
2518174971
3531886796
1290717289
2656332130
4143041543
3462040680
1154217813
3930968926
2356319699
1798837188
3086384897
4115742490
4259837535
1615971040
2143652717
3495159958
3115186603
555496892
726468761
3143683026
4240141239
124242008
1254728325
34907342
1827526787
1899796148
2613888305
3252285322
303401999
779517136
3257441437
1441064966
968987227
1512117932
4187755721
3840903746
2446047079
2073280584
3963541941
1286967870
2242152243
2337117604
2578274145
1731230714
2858372543
932278976
4210342349
1704166262
3313374987
2227303324
3477007609
3171394738
3128798999
2776462392
3174997221
3777469358
1797366243
2793017492
3042653585
3359368298
1451244399
1243718832
1084023549
4114004710
2194573243
804113548
676892969
2205162274
4260123335
595846184
2728127509
1881260318
11544723
798033796
4015611841
497232090
2163430687
3496350368
307501101
3429207638
3193824363
1649647996
365691225
2242899346
368222839
2814775320
32098117
3021669006
677059395
52525684
1961547249
1707952458
519281359
3227368592
2282576221
4101438918
2610375963
2321707628
1832664457
2400066562
2670435879
3894605832
4051381877
3779747838
1928165875
1568303460
3490879521
3571533242
1618742399
2345116288
2189141645
679610678
3299172811
1850294108
4178331065
1485940338
3371320791
2386140152
1751327141
363256174
3488760995
3400193108
395552337
1153834538
1615309359
270713968
3675389885
1163767974
443777659
469174348
2824804841
4177628386
90282375
661191656
1853137109
3370610398
1035238227
377600836
519110785
2770522778
3553719263
2259559008
2483250413
3114333206
1689030443
3642412348
3206003225
1424281426
3109329207
349181912
1279437829
1015226446
2034179587
1015946804
2792203953
1801347850
3142871439
1953021008
138597917
4121088902
29067227
321097260
98117193
2390912450
3966125287
2068705224
3139453749
3954240958
2925341875
1478425892
2332858593
44027770
298552127
2584842816
461591373
3682225910
2529913995
1329613596
4194721401
1977706546
4176583831
864125880
354444901
4217886510
664381283
2487441428
4136687377
1003362282
2096224495
3827803184
1782045821
788424294
3217505595
442500108
4257374889
4173905570
1007788103
3117011880
2232817045
2858343582
4265578003
466235140
2407358785
3180346458
4248982175
1525281312
2039706029
96868822
3210344939
4180785404
2280665817
2462019858
3315683319
507895704
915689669
3238854158
3394887875
155353588
2836739953
1951218890
2650273871
307723280
3884520157
925395270
787391131
1478781420
1412615945
3171712898
138128295
4107577224
2246973429
27868030
1387503475
1459310820
1935366561
36444474
621660671
439304704
2597044237
3426505910
2930784075
2070353628
2465019705
1589045746
2302391127
1159015288
808872741
2552927470
1020774947
3473120212
722651089
789828010
3275671471
1844462576
4073617725
1876483110
2508830715
1860747212
423783273
1015394402
2428266247
2053532520
2202028629
2319977054
3172032723
4213859012
1237221889
1487627802
3288723807
3839459808
4156833389
3734306710
2703631531
4132988092
2434100121
1761596114
3650668215
1407674200
2375988613
662215630
1181442947
352232884
3047262257
3797538442
1033783055
568982480
2325745565
1455931142
2784001371
2099578284
2835953609
3026997570
1097585255
3564576584
1319414965
2029209918
984666675
4124009636
4055816801
2772837114
3238185151
2212540864
2501176525
143137398
1058259467
108896924
1149292537
483535794
2022738455
850694968
3865391077
2981040814
2590813411
111910804
1306097809
1616333674
166622831
356295600
966120957
2242712038
2121986747
491862924
2879337513
1039688226
2988568007
3372139304
3316858645
2657286174
3035231123
811751044
376726209
674516954
2933674015
2084360608
55954221
835560790
2630946667
3293499516
3142018137
3244684434
1408957815
91533080
3726760517
361101710
3627263555
3414329716
3302136049
3611570250
3506918863
3940563856
373804125
2990593222
2843809819
1709531500
354181257
3462521602
2796992807
1509250824
3523477877
1733236478
18138355
2421897316
787946273
2108550330
3429533567
249946496
1595857293
1578999862
985009355
3292786268
1333864633
2045980018
2242912471
740276984
611103909
3451211886
2333626275
2264621908
3081038161
3512239402
3888178479
30196592
3276665533
2923104166
492498299
3914954572
630766825
920703970
251802759
3310541544
1764684757
3698304478
3767092819
4147251780
2120156033
2649422234
75853535
953409888
1359484909
2905606934
85637675
383056956
2806390041
1169282642
1401418807
1118680792
1960689413
4042594126
712157443
1485712692
2405984689
885803530
1324557455
1962556240
1866483997
1733536390
1012953819
3055910188
1764510025
615331010
115105767
2232372936
2362185269
2726077630
10450867
1113508900
331619297
3710088826
3993306687
3003044160
229213773
1522329078
1414993803
1215953436
3031318905
4292472626
794458007
555131576
2534209893
838684206
429568611
1538451220
2167740945
1138196202
3010860015
459318064
3568750461
3879910758
3572082747
1455518476
3085895081
553584034
3592239943
1327674024
1249077397
4197323678
4205795603
1264156164
3393086529
3952042842
3418443167
4066292000
1436230829
3195810006
3972211947
1638590460
3050411481
1604548626
3070208759
3679616664
1586652101
3750098190
2817027011
2816577780
2384657009
2628920266
1847702351
2281175824
977896925
1405108294
558796187
3517274348
905507337
2433631874
4036806311
361039496
3149720309
3225154174
1410394739
3885637604
1223023777
3580280890
2358396159
669745408
1970598669
1277553590
4273398347
3873424860
885529145
4165366002
3025112663
3243854456
2869296677
3829861358
280220963
1351756500
2202667729
966015146
2211316399
163070704
1922067517
4001641254
3353813755
2840145612
1398935145
3054696290
4130537991
103697000
104897877
1834893662
2115775443
3902321092
47351041
48336154
3411012703
1084047584
1171190125
2473727638
646598571
3633353660
128568985
955963858
488776119
1596130904
1744816261
3338179278
2069163651
1698477236
4190260017
1890958730
2773680655
2878962384
3693314717
356947462
3674957915
3693409452
3426900681
2906986562
2998398311
2333507144
1536589749
374145086
3593018675
466432932
924605793
943180282
3469886399
3849056448
725688269
1075360118
1821732107
3006615964
1351529209
1828238002
323970327
2091364920
2367144677
2857535918
4213422051
4049153684
1453570961
4098798186
797487471
882090672
1637533949
1103063270
3641925051
3836783244
2830227241
1876732194
503548103
1245028904
4183200277
1807757086
2777661075
1253025156
4040910273
2510386906
2314291999
2068811936
375619117
433175638
1160788587
1866858364
2106509145
3145202578
3836696695
501173784
501607749
1292693646
2407018819
4234123380
3406191601
3533117258
726077647
664713872
2039365469
161917894
2891383579
3110359148
1019773833
3541150210
1542312999
629388808
689493109
3127889406
564662259
985139044
120036897
2539033530
2609185407
591405184
2211318925
72693558
2427631563
2168102236
1220676537
665891954
186252247
2193742328
704792485
165660526
598366883
2311582292
1409428561
1975970858
1298538543
3283272304
647357885
515137190
2871941243
3434604108
681467881
2283543266
3159281543
989379048
1081427669
3943947486
1808404819
2908641604
488179329
361701530
1315269087
3124076640
2081999597
4284162582
2608129323
3649776444
3091234841
2430262610
744967991
658986456
3439645189
3615690318
2400334851
2567584820
3132042417
2752917770
4139638671
63421008
4148804637
1319141766
2549177819
220425260
1481337929
473168834
3137239783
3834424776
2701388085
2187615166
2437792435
1612356388
2714214113
1149443450
2573893951
3643281472
2480650573
647724278
500089483
3836717340
505554041
2989389362
443503255
3278356920
780504165
1219413294
2500312419
631141908
2485476625
2143086058
874925807
2664800816
104972925
2200114278
2700612411
3844006412
65513641
4170271906
4292138567
3090649512
3093085077
2702789278
2341151763
207932676
3494602561
3026881114
527190175
3574558752
3954104237
2983086038
1008226283
2334136060
410974425
585334546
3540649463
1260068248
2182903493
2350574606
3840079555
654090228
1098694001
2264074954
3195498063
131365392
4195743965
3253999430
1620736155
992102380
2945127689
1651248514
1588191655
2280744328
1555957
65710462
1071265139
1739910884
2948358049
1367172922
792903679
3202596864
808068621
4104880822
2259258699
827618524
2439970105
1446115314
2148493655
3998837112
123834661
1820295918
435937315
2426190292
4023209425
2482020266
4203298223
1841054192
90070845
751536678
3710946811
1906679244
726511977
2063351394
3612712199
1639065960
4258066517
59799646
2140337875
595787972
322078721
1676915738
3284526943
1671233504
2581963885
1592470934
4191845035
3083125436
3205116313
2605834450
2002222263
421176664
166517637
1351911886
3148511619
1375126452
2553220657
3706561674
4180917519
3146054096
3870487965
23162118
2299679579
1730208684
2470936009
1064951618
2511341671
2406604104
1125405365
2495788862
135096371
3980853924
2579882081
2416275706
2211299007
1278422976
3984151245
2084915318
4261615627
2062090396
594056697
494614962
985284631
1935069496
3780531685
991035566
1028047587
1451408788
4290379409
4095875434
2001661039
2552668592
3903568893
2574106598
1117243579
1980504460
1334868521
2300375074
4052820935
2536014120
1837491477
1211721246
2191624595
1853420676
2928568513
3588922842
3258074655
3181268896
2071802157
4101100374
1736140139
1396256380
2359437913
3823501970
2014294903
3775261976
4046848069
3400525710
4264082499
2243471220
3079020273
3351641674
3719482319
1721317776
3789599325
1789428422
1410919963
1960787820
339781257
220033282
1859186471
986584328
649701237
1252820222
2225560307
1284560484
2292457761
2447063738
2110487935
3101056896
545865613
2334707254
1989894859
2502773852
349105849
3519691634
154130135
2183133432
2837699237
975584878
1235772835
3272638804
480997201
2719044394
1094146863
1171571056
887740605
113882534
1944961915
3054654796
3782214377
1555259874
3175574151
2019203304
608672213
1691620318
2406931539
688302148
723454337
2081376154
1634821343
4208156512
1161133549
539113750
3619360811
289233468
570876697
2791302226
4092766775
2996630744
2226644229
1613563214
1461567235
3993127732
1480716209
691804170
1656003215
282147152
3495898909
461985926
3295561947
136141612
53907273
3843474114
3100415463
2311457992
667401269
4217901758
275254707
2706532900
1696014817
2831074426
3288071231
4237119296
3726240845
2937459702
2737991051
333535260
1717700473
4242472242
1781542295
175431864
193601381
2944154670
1239468131
3792045332
1600233489
1602112746
2936179183
1585881392
785954173
1923050342
3555884603
3044561164
296504233
4018115490
1765306695
3842535592
4275179157
253788574
1624436499
1324096516
3517213249
2283909466
2822980511
4076613408
1808698029
1337745110
1566145259
1704019452
3757595609
1283425810
3384828151
1570749592
3509750213
919331598
826900931
1989390068
4079124593
2735731146
1056516431
2179791120
1458465757
4056149574
2631033755
2224764652
4041816073
2703611010
40041639
1008321672
2197721333
1018519678
3322904691
3343629796
3621708449
3866103354
3172940543
3474456320
4209727757
902633910
4136122443
1254433756
3638681657
3900276466
2625324119
3155527800
1967727653
2698246638
145746723
2133018836
2694615249
2921924266
3614472367
2315010288
3677901373
2595152166
2238052603
3086879948
3506787433
4215375202
3827578887
2096236648
2581939029
3168710494
1903542739
2615758788
2866711297
3957447450
1567089247
1037614816
604526445
2969584790
3407259051
2213867964
3879113881
321490
2553862071
1909343320
2741366405
877428942
3077309571
3408712372
3236417841
2533460874
3913316367
1101822160
3662571677
2333623302
1610956379
236507820
773365961
3674908226
2589205351
3515432008
891168181
1683254846
2153624371
1513935268
1237017441
481236986
2415212991
2822139584
196969933
755883894
2740765451
1301852060
3977148665
2656682162
2664504087
113373240
320923877
3555555246
282447331
640175252
2031894929
3486613610
2436966255
804626608
4274564861
4239922918
1795699643
3244525708
3493535017
4189665058
3704274631
2681692200
1380005909
2748226846
4229911699
2344502148
2139974593
1494205658
127877407
858328736
1654842413
833481302
3014824043
1613258108
411143513
2863663506
3189509751
1055427608
2282885957
4268678798
3561310019
1468905076
3125928433
651224394
2555021007
2546972816
2134844765
1162238406
1355208987
2287349356
3414477193
3968153602
2405435943
2312401928
4209408629
2282044414
3658655219
3051726180
3815547937
3711689146
591263871
3215498880
1699771021
1654154550
2624589259
4028365660
3819426233
3896492658
804368855
440014840
3520163237
3465065838
2903666851
584388692
1101050449
3325540906
1932826159
2016591984
508152765
3598388390
664350331
2506671180
2148378089
614901986
3253470599
1836611560
1151724757
3115338462
4220495699
1512765252
3631287425
1097559706
3987300319
3937214048
3697160429
2139443222
1777154859
2917894460
345589273
4131449682
1512703287
3568210904
3421960197
4210228302
848644611
1198938676
2552279729
876478218
1121408399
2350299216
713073181
1041117062
1909928923
2534623788
2582491721
4015360450
2957422823
1690004424
1360498485
2106051006
770594995
4127602980
2377295073
2044095354
498693951
221154880
476323661
1680648950
2491553931
3322873628
3178097273
1340834866
3466397847
3862822840
1578807909
3596989230
3894793059
2162791444
317317905
1394324458
3557475567
1249091632
2122033277
632799846
500754747
3083714572
289205929
1976162978
3259501639
3314896808
1305698709
3024337054
713472531
49244932
4266224961
3602176090
373702303
1009053216
100285869
138835414
8824299
3774772476
1010679513
1282903314
1260567543
48257944
2077531333
1335417358
1025248451
2259074548
3541320561
1627969738
2678514767
3863050256
2161303261
1395639622
2247511707
2651858412
705911561
3174800258
2345146279
570303368
1953588213
3667662718
2528168819
4133391588
4048381345
71218490
3861362175
1216888320
95980557
2139795638
4266845003
590467804
992002873
521995762
3113426775
445491064
616347429
4047794414
2362439203
203806676
3317158865
4164775338
3397628847
1316503536
605963581
2821601318
1887921147
1817344972
1955133289
2799881314
3432960775
1206773608
176789077
155772510
63212755
1103863492
4191587841
179044890
1211489631
3209723360
339151469
4189150102
1245630635
757145788
2955868057
3608407762
801518263
1497228120
1684734341
3793778638
513380227
3235832244
2750190641
250704522
628699919
772798416
3874872221
577444614
266611035
3238838700
3434464201
4025969986
1889812071
1096588104
1639184565
4110558526
4011458099
1387176100
1996285537
1312079610
2739451071
3916803520
3054352589
3262281334
211971595
457465500
3716176889
1603553202
4019451415
652807992
1383562213
3840208558
634444003
1347017620
4073358481
4150060906
761225839
3959463856
3555828221
3684593126
40148667
3065444236
1521598505
833715746
2410699207
1413627688
3616049941
4001354782
3255377811
2457834116
2480434881
2400250842
171457567
3421490592
4225013549
1099301206
3654663019
2249428092
1361899609
2144735378
1725196663
663169816
309995077
1481233806
3251491395
1641989492
57255153
1605880906
185483727
2873243536
2175375453
159396038
1382073371
3821608300
2459233417
3779657474
1838884135
43438856
3583987061
3799642878
3521769715
1723233380
1199646497
3916990650
1004303231
666295680
2183374221
4205050934
2989537483
2181474908
3847009465
3675343218
794791127
990918392
3557490853
923217006
4259871651
2568331092
4074894673
1379541290
2472399151
1254932336
313900733
4257768358
1982896507
1522217804
880232681
1341517794
2050793607
173168360
3515891669
1504215518
1611952723
818628164
1427050369
3584267674
2735561439
2042813792
1905452013
2374264598
34301483
2677389372
3220678937
4034785874
252534839
2105291480
3535932165
399831886
3514356995
2506516788
2857072049
891020810
1193676943
1704474448
900601117
640616070
1345068763
2852469036
1282463049
2867876034
1366084583
1701628616
1291018805
2026078398
2581636019
1312163876
1268393953
667554426
1453519423
4211854656
2126139981
3051307510
2713568139
3946362396
1397083513
458492722
4155892631
1187192504
1446462821
761997870
534175331
4064879380
3737003537
3398769386
1396637679
1385996080
623549309
208410982
782980155
3693031180
848925097
4218429858
3137578823
1239297704
3579884693
8581022
2561049875
409909764
2251976769
270794586
427112863
2693377312
3929141421
1265405142
3584020715
3982992380
1565467097
2462815250
120657655
719125144
2986520517
1182912782
3092944835
1194708212
290588273
819838922
2424348495
617740048
2814595549
1446485062
3422960027
2004948204
2332655113
648897154
2866360999
698253960
74462965
1302253182
1639847539
3840760804
738715809
451501114
1515991295
456424704
2157035277
1105479606
1309249099
2862252508
3895174713
1780255986
2270624343
4190226040
1169967653
3453020142
1448870179
665085652
2401179345
3794654378
2210590383
2872065776
269498429
3309932326
1318375163
2124606156
1171823209
3990885218
1086680583
2997208680
2142890325
1489968478
3867105235
86633924
807047425
810690842
875550815
3624156384
2591145325
2835247766
659749803
2739490748
1240685209
2424239570
3992948151
3211362904
2096895109
3390074574
2704480899
588050612
1899845425
3032308106
1574825487
1890547408
1017728669
928641542
1219433563
1878831276
2669602505
3997185090
3365951847
3471571528
4174760885
3066813502
71452979
3332140964
1368025441
2492884474
1841835967
4293979328
476703693
2893221238
3922991371
3555462556
616447737
3509243570
3707949335
3284938296
3478785765
3724043694
741860323
3303500436
2630141841
3670298218
4222197103
3158810288
2552665341
2787165414
3098347963
1174824588
519332649
2701509922
3124884679
2758352424
760995349
2555185950
2220812947
1924981124
460288449
3891139290
2046637855
2012384416
1997687341
2482640982
2313479787
3036330876
1722045273
3545765778
574145655
2330053144
3228449093
1212206222
1992449347
2494289012
3268241393
3799692106
3858627791
2431694480
421530461
659949510
149335835
2000161900
2574323593
1533593090
3112321063
2501194248
3873710197
3389696510
472726515
1325613924
3839994401
647049146
2007428735
3774946432
2801981581
3276510006
1742562251
988633436
1237161913
440324210
3078186967
3567408632
3754988453
3819021166
3962209955
366095956
1617901649
3055061034
1370688559
2913123952
1110290877
3971070630
263455867
4127826508
783084521
1319188194
2520333191
1055405544
4211512021
3032266974
1829059923
2632422724
3505984129
2830613658
832394719
2551487584
886281965
3122626070
1343590699
3594250044
1411517465
85391698
3265051447
2634404312
3373866501
651356750
3821559811
3352459316
3200399537
2614480138
530631567
2371204688
568821789
1139531142
258804187
821241900
1254094921
2280069058
1279190759
2077895112
1264268597
1562064830
71233203
2581714724
3469585121
580499834
515403071
3055881280
891061581
338548982
2061856395
1935566108
1474932857
3474494002
2507849367
470039992
601872485
613196078
2700339555
639939092
4074662161
904561130
3701422831
1728159280
1390775933
2528931942
3060383547
309108236
2780968105
4034029730
57360967
1642270120
3313108885
1675503262
1530023955
2137655556
2574742337
2758747738
1641034911
271215648
1215669165
2301535190
2359622635
2060243708
1932297433
2407242514
2917888503
3314915736
2747056837
2340866062
1392845507
2822822900
3722168689
2190386890
3246807631
765359632
4223648989
1792766790
520234139
15598572
1137418505
1299917186
261508519
1123737992
1660619253
96306558
3610730867
2197301988
3087952801
2591032122
3384585215
924630016
2608263693
3973701302
2511092043
3506385116
268601657
964170738
3049706839
1236395384
138927397
2792972014
357829667
3248420308
751983057
3690609578
3006146991
2418294256
3473812285
1644226086
3482204667
3740228044
1962163561
1077500514
4036495623
2904139112
695614549
460411998
3383108307
3590601924
2108331009
3436466202
3512062815
2012478432
3870847085
786925974
307439275
3597500092
3833839001
2621832402
2196039863
2488344920
488187781
1545364942
4013467011
3786866612
1490688561
4167385226
1114548495
4186633680
191414685
971294982
3127246683
183017388
3579054537
1172634434
1380480103
1782012232
713268917
431067966
1876333619
2785427108
157543521
1607732474
2675157695
3685231552
1859264205
1527751798
3941712907
1737473180
4073202169
1662866866
387820567
3446361400
3116933605
791141550
3557486307
1946220948
2802518673
3926373738
2887768175
2429197744
2070382589
3426687974
1038185659
1599198604
1292043817
3082161186
209686471
2152463656
2210083093
288768542
4079007123
477507716
1179808961
3550951898
116273695
657542048
73137453
2567581526
1944064363
3705531004
2296886873
355868306
2689146743
1492674840
3253619781
1045676942
2736973891
3757368180
679291633
521771594
3642341327
953890192
1973583453
247979718
609786395
849541996
270086793
3403975938
588602151
827298056
1588917109
2931253502
1759282931
1590432356
3951963425
75880122
2258463103
3683081088
65932173
747579958
1836453579
181405788
1090157241
365451122
2017411799
3606082808
622995109
1146624622
668504483
2299182420
3125312337
1641213738
1580484399
2427764080
3702629565
322376102
2753785723
1465127244
2662239977
2426961378
3319912071
4214887656
4043892181
988606430
3529640019
2390746180
2083460481
715645850
1230590175
899832672
1444956653
1968608534
67877931
1105073724
18378521
2752249938
618141239
592146648
3741069573
2548883790
428075779
3468330804
92601265
3630937098
2085062287
4082054480
523041565
121943174
1603925211
467474220
3302693705
4130987714
1354564071
2550368456
2085554229
2593058494
487143859
3372852772
1196240353
3661979770
637134911
779766592
1871362125
4011356150
3489208715
1317016604
4216951673
3677952306
1475058071
1442929848
4145310565
734664750
461173859
209469716
2135600145
85715178
539719151
2007145776
934052221
883476326
1695820347
1253444876
2595674025
3302010786
1266605383
4255378600
1310677653
1314217374
573184787
669079556
1744860737
60181850
2673291167
2064067360
1355110061
831306454
3583387371
2033058300
2916476889
2995233298
4015115511
3272226968
2164446661
2393358094
3172707779
2580015860
1756466289
3323694538
3803714895
4037473552
2898802653
18565702
787091355
710341356
2220475401
2711941250
1778346151
1578320008
3222396149
1928871038
2803674227
3229546980
3311464097
4073892410
3829999359
2353068800
2254972173
4033574326
2235229259
2254430172
3802491961
4247755506
4108496983
4200465528
2623500325
3946698222
2042107683
3390407892
3469843665
1436721834
147154095
3981720816
2434276925
3998498086
2742265083
2100807884
836493417
233742690
2350294023
659129448
935235413
3241118558
1564011987
2757397444
310810369
1345484570
3483881055
2401221344
688595821
4218200214
3141489067
3062738364
2950701209
1785267154
2658550711
3354706008
1958886021
138697934
3098161283
3973910196
2328026417
1240016778
2200658959
3097654480
2201236637
2584453126
352905819
2177928876
2673159369
1726333506
3181154151
54442056
649949621
2377337406
3788955443
3773566372
3465113441
535671802
3897238975
1822124736
3712373197
1044921206
3220926219
3324996508
2006844665
2238438578
1306822423
868641848
1103312101
1215517614
3444177379
1301710996
1100828049
2502368362
4005696367
1502190768
2914286333
3187241702
1107419067
4070130828
350071081
3854717730
912861895
3622493224
178684949
3376118046
3192815763
2141945732
1149335489
3258736858
1628122399
3383495328
3551637549
3233171030
1204239467
3988593020
3891730777
3044025746
2433055351
2177566744
1190813509
2860694158
4142887747
867824244
1685646833
2241102154
2489414351
2466362512
3341873501
802534854
1421247771
101313132
646796681
2679919618
1515484711
3343249416
1829881461
8394750
1744294387
2249253220
2340859937
4082531770
415229055
122264192
3370466957
2792276278
1929034187
3786323804
4211301817
1034804850
565255639
838505464
3556751781
3375010158
1626512547
3804187732
812498513
3312014890
1759609391
3825384560
306288573
3780667558
3816741499
1855619148
3028038121
2248918242
3107352967
793244648
3818338517
1547249374
1076548435
4120130372
2259753089
3413379738
2587970527
1114380896
91815149
791260182
3454920491
3531359548
4141535769
1029506898
3854528823
5050328
1147880453
3676493902
581662211
2585695796
2928918193
1524472586
219824527
2273621072
1568566813
3761867654
4038254555
1522730540
3938598473
1709745602
250027239
2850613192
265214773
2703140286
2487190707
3417142564
3843600609
3201107834
476537663
1410042432
1577380685
3063875318
1358480523
1822278428
1838511737
2947915826
4010308759
3837426616
4292148837
3005452078
1064435555
2505035796
3020091153
2821279722
3454251247
1954520112
58684541
1446059622
3937047867
1962638348
1098349225
3901421218
1128167495
220253096
2672864661
803771550
2643322387
30713604
567638337
2644079706
2181704351
3508529696
857803181
3028734422
1618170347
3633000700
1028344537
1810868498
2070161399
322623384
2043996357
3219437070
2795387075
197851636
3788722033
1803842762
2752893007
1575711760
3940330205
2297897286
2881354395
3820741100
2092164873
2469050242
1779729319
1793564552
1270132725
89060222
2171467635
2374093028
2214556065
2484162874
1510056447
178338304
1902467085
3164146870
3434450763
3132919516
2417250105
625156594
4104817495
4224066424
839058213
203312366
864559651
822612948
2770132945
3207006634
881369007
2998942704
2251166013
3661861926
2051346427
1232877516
2895086441
3338659938
3275833095
288711528
3667059285
3121201758
1362606291
1613552324
514759169
711761434
3743795551
226982368
2439632493
2123216790
3524754603
866770108
3691545497
1793592018
4038303415
1247043416
3019328901
1049121742
2911353731
880745908
922198065
424218250
3490979599
2650141648
3557533597
3352196870
144168283
3300162988
757223369
3242363202
3130829415
2315392840
495142069
2194735422
172173875
1733156004
3506106977
1155750650
4165902527
2731190720
2546369741
3323777654
418454027
3754629788
3812616185
2820039602
827810327
3873278776
2538194917
2581252782
3354723555
1101535124
2625343633
1277330282
1938837103
109353904
1594715645
3947874790
1963870907
4024218508
2793688105
2603260450
3892233671
2605038376
4062041877
811380766
2515028883
2354892420
1174174401
598575066
945039391
1331874208
353592109
2063490390
3046795115
3617081468
3016916057
604384402
2758661495
4116293400
2140303941
4241338766
573046339
2147156340
2797646065
2246797386
3352636879
2405708688
1036739677
4202663110
1241542683
3782007148
214792329
1240472322
255824167
1190678280
1106942325
795135742
3380550899
3033641060
4106957601
1661150394
3725483903
1413994880
635990413
2699712566
678126795
2945017436
2815967417
32466290
1674508503
3586175736
476662949
3793291374
1199089571
317709140
4074701137
1356578090
565886255
2542582640
316508861
3340091302
2110145915
735899468
2685785321
2664106978
540478599
3406942952
45190101
2292276702
1717542483
3257172548
545201025
4212928922
3562358495
2926696800
1927131117
1469629206
1572606507
2014737468
1701393689
1091178066
3042102327
604679896
694572805
1618267982
2940141827
436118836
3924722097
2469102090
2182675599
972436304
215736605
1053450886
1924647643
3718575404
3967115593
1190358210
918370279
2710193864
903523893
3771358398
434229171
2446148644
3627037665
1076932218
2986401343
383306048
814423629
3670121974
2917429131
3182916124
3734854009
3163432754
181489559
3090127544
1847693669
714671662
3167947363
2963234580
3238474257
2400368362
2512907247
1301846832
3864946557
1800762726
4146921531
2168253196
3389267369
3416341922
2594837319
2153360040
3910008981
2023213982
2103292179
4249089540
4143348801
3799554906
3119064479
41199904
529054893
2182932694
3711728875
2296668156
1368174041
733196306
35816183
2787604120
3191012293
2403183886
3213673411
3997829364
2034307697
3804847050
3047131983
1701573392
3858570717
1919875142
1165878683
488427756
1557793289
2450292354
3218448039
1501036168
904102645
750889598
371933811
3657471972
602535073
3995859002
3672513791
2721937664
2356054797
3244467126
471611979
1578450396
1213149753
565356786
1696491095
1038762616
4180842021
2031797230
4072942883
3866534612
3753124561
2290577578
3866614447
3496491760
3729785917
2513365798
67271419
868001484
353314409
3681365858
1175968263
1524449896
1106457941
1979709790
1436713939
4185598404
3525483777
3414344986
2949629023
3811260640
1339328877
675991190
115058603
1036127164
2566710937
230887890
698153399
191888984
179855493
1860717262
2110867075
2828872884
2373477169
3599037834
3643333135
2575659728
770644637
858607110
1158856795
3281284268
2931520201
3304804418
4182295911
4001461832
1054152629
1762310206
2568713523
690727844
1085830497
1052049914
2138971071
1849026752
3461527501
1653434742
2782053643
2757937564
1705888505
991750834
1903574295
3601902136
3931921125
2472427950
1946947555
1077257876
3886404497
2130307690
3934947695
2277218992
3211944189
3292668134
2265363899
1193026188
838266665
1206837538
3510657223
3126630952
1780558357
3063539486
703469203
847912324
2059632065
1744482010
1019814687
2824177824
4169209389
937587798
1834586731
2322560892
477749081
3505927058
2323787895
2745452056
2612430149
2771691662
3570174275
3031961716
525628401
2417905482
594864335
503493264
158455645
3737478086
3023461147
3033253996
4074347401
964682242
4057377831
2691083784
225406069
2875557374
1030907891
3675160420
1465628193
3280718778
2257115775
2994870400
1257743501
2348937014
1036521419
1684018524
2004427705
3532450930
4002993111
2990723576
777969573
4280516462
2339025571
161245780
832324689
1948918826
952105007
2605890160
243629501
879695526
586788987
2132500044
2440787945
1256608482
2867046279
3197612520
2119687893
807769310
4110444883
3828404548
2040077953
698374298
2811576799
1773377632
3461243629
1587796502
1668693291
581739324
2093193241
521344338
1133651767
2122599896
3186452997
2548221518
1866370051
1046131764
3885319345
4048906506
2336470927
4205032016
1564824605
2465675654
2510861787
2491606060
4193551433
156906434
2017415911
1860675016
510820661
3381793726
1576016563
191435556
1351857889
3463468410
2529581375
1726089280
387797325
3414177014
2528909963
835526940
2121350265
1908583986
1531325079
3227564472
1912218725
36338990
1134564707
1315630612
3596055825
702029290
668477167
4075657776
273242749
3826633830
983264059
1601853964
1683800233
3725821090
29470279
1196329384
1532449685
2556625566
1905884179
170870020
392396609
1110688346
4143194271
4278544416
1174171565
172949462
4226918379
2050592508
446304473
1641264914
864869879
1808799128
2115833541
1823646734
3085389507
826611700
1593496945
2615821002
3344254543
4146622992
3458830557
763547462
2888421531
3329867756
1422667017
239748482
457357735
432299400
2929612277
1498440062
357862771
2516281060
3575674785
1898094394
385259519
1125496832
126074381
1858615990
594470219
1617554652
995497273
1652436978
4131275095
2966053240
569256229
2721266414
1735145507
3663802836
2929157585
566482858
3465745839
910965232
3380475709
2432057894
4037797371
737744332
2606418281
3140908642
3298456839
4097909096
2648672341
1695690846
444157651
1615165636
1558355969
2742348826
4054171487
718816
2487958637
1755571606
160158379
3302374076
381503897
3271170258
4180825271
4215774552
2835706757
157565390
3649491331
959921076
3192202801
4053589130
1315542287
2605773264
3235810717
1277699334
2054794075
1852857260
1411421641
3792705346
698409063
549246280
3132287669
2959109950
1046462515
377846436
1304557665
2103617786
769234623
3202164672
2968185549
2207907958
379613195
66484380
786935289
2927587762
3191937047
4081043768
1794829797
2768091310
2173639395
960443796
1394349713
2645381482
61916271
3442383280
4276311037
3100669926
669720763
3898053004
3879047721
1544497186
2720922567
623868200
2729475349
3421707806
710926739
1647537284
316047553
4280538586
510271007
3297003424
2918893869
1734511446
520404331
4131563132
1374503513
742800018
4081224567
2091574552
3412498501
330801038
3202159683
3253804916
4264834801
338507338
1463854031
786248080
1512327773
1286027974
1129858587
1881585516
145866377
3731597570
2988033831
3281063176
4285546357
3833740542
1943122675
3905375844
3812112673
2230350522
3257881983
301488000
1746065293
3618997814
1662040779
4029858908
2581989049
528905074
1913564887
3078680824
971010725
2420766318
3704143267
3066362196
480610129
2673117994
1576088367
3746871664
892956861
2573495718
2199460731
1482018124
3098352361
4200438242
154944135
4191785192
2257203669
3267742686
2618111059
1270423620
3254722945
3338698650
3288415455
1680955232
1204491757
3024810262
2401003563
3258896956
1827273497
1199053906
1081967159
4290374872
838892805
4050435406
313136899
4147299124
3616016305
3847966730
3634000527
3113038160
2126169885
1287655558
159752411
1868354348
1128245065
488438466
2204986855
33621192
4187378741
3413494462
275408307
679535140
2118334945
3649830010
2058867775
874989376
1102808141
4175088630
3145713035
3101610012
2098274169
1062417714
2422670743
3981301944
996063077
2849502254
2212044899
1588755732
603174929
3900277994
873751023
1417582896
2973781373
812786534
1693832763
4289972492
1082221481
2413939618
679823687
1375692968
640460437
4283054494
708921107
412521476
3004990017
751495514
3911916447
3067225888
3598459565
3172800214
1821561579
2626338300
3363009497
2119155218
3215145207
1412740248
3918733765
3359873806
1068358083
3300665076
3271596145
115812810
2302083407
52490512
3546416093
707962438
2411838363
3486691052
2492092425
2011434114
744215719
2613886088
3857000693
4210759806
787077235
2977052132
3349346977
2364884538
3191018239
3710514944
312799501
885641654
2460848203
2981796828
2569599033
1470478066
1477057623
1147568248
3694509093
4150768110
1098924835
4240949460
1103538385
4208737962
2631553199
3563862256
2008541757
1002019110
4030812411
573670604
1869769833
3596336482
4006154247
3445686376
509074261
4148193118
1337727443
2223753156
4008616705
574821146
1420278367
1411823328
2395860845
2946038934
2317876651
3102108092
2236198041
4203552722
259239863
165362776
3202254469
2113681614
1890081923
3595389620
4183681329
3666920330
3755364367
2472046800
3168403613
2193554438
1489802843
3041413804
1297201353
2290146882
4221893479
280245320
3239886261
3369215550
2853178163
526076324
672627553
1894535162
3009483199
2227201728
1871650253
2571278198
458889995
4001769372
1861062905
1916663986
3350721303
747300920
1227194597
1052323758
2692621795
482657428
249452945
406632554
1862467439
3336411312
1298155261
955961062
129731515
3280928908
4131403049
1200320290
180852423
3418249256
3419131925
3764933918
1195224211
190364548
1043694529
1495858394
2369198367
2481915552
1702919213
2038342230
2057037931
185718140
2217518425
2783986066
2393826935
1886225432
1050848069
3092682382
2421792579
2544250484
1935669745
2182618442
322461391
2985537680
1608695133
3022328262
2808492315
58566252
2119557513
2830331906
582183
2692181000
1207767669
1253766142
480050675
3455851876
3361782817
389093818
1090637951
1655346816
2906262157
4093975862
1212507595
1124168540
1058990521
1490811506
2653981143
3581612024
1861092773
93089134
3952265379
174688340
3824863825
1113256490
1095659055
1402124400
3069797309
1710605478
1311016571
2810985548
1168817641
489742562
3946896775
1826058216
1263043797
2961310430
193331027
3904728900
699475073
1128048282
3650697183
2380994144
257149165
3364751382
2427360043
1187840316
1708940825
708387666
1544871223
2544602072
3047133189
3708990542
1233232387
881250868
3922119345
3745330954
438119823
1722986576
2705078813
3693406086
2119076827
1580384812
4166437449
4064002498
138905831
1255564232
4148569909
1450541502
3780161715
3642011940
2436807905
3515065210
232083263
1856538176
3764762445
3536937718
3425661067
1122795292
175964793
2503982130
1513349271
787937208
4199500389
2443275054
763243363
3514174484
3655072529
989260778
1786551535
1649121328
4181934205
3228203622
641483067
1374238732
2389837481
1359745698
3203720263
2423015336
2039347605
491614366
1465192979
410641156
4196500801
306057306
1083053727
433776160
17290669
176631254
3743415787
3755470076
2333660889
4045915410
1449497591
1330992024
815084741
300978702
115369155
2561619444
3578944369
2478837962
2873408591
2035642384
631666397
3632168262
2688919195
690462188
1276408585
1054462850
2736844711
3482393480
196606965
2176962430
317399923
476382436
728858017
2980310330
2157678079
1618621952
3721536525
2204592310
433601355
1107774172
2445794105
1898528242
981595991
3904806776
1477005093
3904383214
822103587
1034571732
3376540625
2211489194
21859247
2596812784
419290429
102297638
2999106555
107344844
3243642729
2631730274
1956883207
3594313576
4082904661
2626330206
2775246035
1447958212
3091637761
3085777434
2295706975
3481171424
1868341869
1831474070
951068843
166893756
346165145
612116178
476121783
657120088
2084804997
1018179534
4080396163
1876908468
1858251825
23112330
1030687503
1906044880
1373729693
1190253318
2416673115
2283551148
3394165705
676177218
525669991
2926023496
2182254773
576707902
2351715891
866982052
4290313825
2303850234
3222572223
2950669760
977227981
327626358
1677706763
1410455196
1438610425
4132994994
1037749783
1922172728
3034321893
3499140782
2161717475
3670430612
1257020561
1588076394
3699456623
1690867632
3672717821
3032557030
3598186171
3368185740
2400639017
2053355042
3138204103
2651404072
359867157
1677298718
814184339
502925956
752912065
3859424218
959452191
110478752
1326591789
3728128342
807342955
3101492348
3812100185
2918598802
214385015
1860969240
627752517
51481998
4181862979
634862964
2933374193
1239352394
123476431
2537959312
1252864093
2235492550
2422217755
1590728044
2210792585
139933442
2342780199
656001800
387310965
1309649662
3889449203
2058153060
919944993
3930964154
3003140991
2493044096
1248673165
1357952054
2640711883
1288446556
2535705785
4002251122
587097303
4231081720
4253522085
3471500398
1741214627
4102690644
3080457553
3443349802
2463607087
3893147504
3284489917
170072998
874246523
1555999564
1752457449
593504226
15825031
126963432
4237481941
1767520734
4083862099
2872950340
3769575297
240438682
2556244703
3605058912
1424522221
191700758
405585451
2690068540
2543501593
928393810
1180186679
911813336
2026545925
3402935118
3284479235
3864453428
1313967537
1325080074
4291553423
4061409104
4106857757
2972040838
2751690459
1359261996
1228533065
4172712130
3066930151
963101384
1199700533
3666950334
2158164915
220495908
3112583137
643254906
2017855
107332928
589032013
3378772470
2026576779
3220581916
1454695801
3817358130
1756150679
1968969400
3737902437
696705582
4035917411
2528484116
672153105
2437960426
2064701423
206870320
408040317
67031398
779004987
1176151820
2116987305
2442287522
1964015431
4069861032
2239450261
1651287966
2832522515
4191760900
477268033
1653421914
2904363423
404727072
4120873133
1653425366
60369131
874585084
2458532313
710659090
2815684343
1295119000
2200127429
3115944206
3179212739
2636006644
3320847985
2994010058
3716052815
1237708560
4109822429
2825278534
2377486747
3262680300
2875889161
3542850178
798100135
2769386120
1343672053
1571063422
1901620851
3335771108
814481569
1328452666
238029055
3171316992
2567657229
3399548854
1760486987
22018524
1429388857
520668402
1302712919
2379398776
3311985189
3861159918
3857471779
2366168788
1963536081
748752042
2884421295
2036348656
3712995389
1611941670
3895469819
3365298892
3238376041
2126138210
103433735
4275355240
1290568021
3304117598
3414536147
3314312644
3907692801
3564331290
1043312735
1645360352
1710708077
290925206
3307492267
2818230204
4106646169
2965843410
3489293751
1127643736
288664709
3045074638
288322179
4125976756
1316187953
3591147914
389269007
639332048
2952062621
146844166
3493227611
3605801132
4212653769
829844546
1152463207
3923178056
764699573
755602494
2494865715
1132128164
78020961
915643898
66324415
809166016
1090225101
1650967926
2693886219
614040988
324884217
2865694386
3500779799
3042256440
3726550757
3397655982
3533716451
1665393300
927391633
3773793898
4230706543
2532284080
3615370493
2619571430
1142972859
3891388044
3787029289
1687682338
1660865735
2349864488
2946922005
3332817694
2520597139
2316786052
249006529
365382362
3528789791
209224864
2595217965
92983382
4019076715
4020515708
2668587865
3025686418
495688823
1747370520
2948518213
1676182670
2845226307
1552174196
3768287217
3682724682
3819689167
3470044816
1250141021
804569030
2923824923
1914668140
1224877961
1834417666
82516007
1199057416
2629482613
1585471998
2239206387
3738811236
1586872865
1850107834
3358246527
2546144384
1873571981
1584941878
309509067
4254257500
3522473913
1352337522
2960670679
463687160
363670437
1550146414
23781027
1697031764
3347664977
2952511530
42787887
2361570928
2342341053
4125913766
3841940603
1743592012
1359610857
2095804130
4199420807
3121032680
3395889877
1565421790
62625107
2201619780
385428097
2554918042
2957848031
789746784
1216949997
3974641174
3583437099
3202178876
841294873
3738120530
2940703543
3418540504
2877404677
716350030
829732867
4238536756
891834545
2761229578
967222159
1269935696
2841845789
1002608006
715416027
936550444
1709772873
2693615554
1056947943
3182764488
441044277
3351834558
2657175219
3031453476
655999713
1208414586
26494271
3948872768
970857805
1284673782
1901250187
536599836
2444806265
2586626610
1808897687
2960995768
416575589
3783809326
2097955171
2658216468
1049657617
1535490538
366023407
1117361712
1047340669
1798252646
764221243
3427276300
1068977321
3245645986
4208466503
1752827304
2046074773
1051188894
3468732435
2897510660
1242532673
2377670234
3738700959
2711643168
3829611437
892296150
2315146219
2305182460
247962841
2582369042
1676560887
1036685720
289233605
798916622
327776963
3255391220
3302613361
3540377290
3487838799
1685220880
1901288669
166341446
135363739
2344975340
3800873225
2765709698
2175739303
206428552
3808535029
4272110974
4197562739
2696848100
116556705
3583327034
384861183
3805197312
1951435277
2054592182
804360523
3751061724
325689657
3510914034
1098231127
597876088
1414821157
1605179118
272917539
3672337876
1964798417
1699574698
1287127471
1614034416
4105028413
3115032102
1082757627
1489162700
2659276137
3958608482
1398595847
925408616
1527305301
3765636190
1913420499
3259413700
2967120897
3889530906
615885663
4225889248
2728265837
203440534
3750002347
2197747388
1438045593
258880722
3661611191
1308498264
2914107269
1483480526
2056584579
1484224436
3362796081
3365173386
488931599
2698440144
118774173
942375174
3377289051
2444761004
263004617
335229762
465128551
3003273544
4087494325
1489980222
1940450355
1053079204
1725957217
3903931642
788497087
4124189632
3015947981
4125383798
2165251083
1344091292
3620157945
4288777650
807699479
3839116600
4109187557
2626917550
1171474147
2789044628
65872529
252898666
2114039919
1297257904
1931419645
1596052454
11848891
287133068
505945641
1982350370
2996594631
2245195048
3395668245
2020604446
677318035
1068542084
337284289
1482715610
145099295
2509718432
2019136813
1601890134
1760127339
2674352764
3887255129
689329810
1895561079
1276993816
228516933
1255897998
1364672579
732781428
950747889
2801848906
1478987727
1218391440
2405832285
608605894
2971136539
761951084
4262087305
1202898178
467546919
4052912392
149654389
3960281342
2777079539
3934423652
1872905505
320540346
813777279
1546212224
1291297677
2359026230
1466656459
1163231324
529633977
4010053490
4137556695
600927480
3881746085
503042670
1752754595
1279210836
1136825169
1519789866
1080958767
833926512
1048657085
2572274086
281986939
3105327436
795584233
2580723170
2270604935
1949895912
3838541269
4234061790
3967311955
1622301764
4237241729
1360599962
3513329887
2256556896
439738861
3707718934
2028803115
2455735868
1702594329
2426681426
1189277239
1206413528
2110048517
1823250766
1116750595
1735065396
3461026737
1342893066
2007850639
1670065488
4010316573
3959123078
3258010843
43814700
2120495945
1505760962
1356716519
3351150792
2677907509
2384242366
3935015347
3216514596
167331297
2794625146
3258302527
227820352
1420578893
3428657142
1707504011
1392348188
3951602553
690835762
329413015
3495580856
3630760805
698732590
2197113955
3634936084
1297925137
160899306
3938274799
4112160048
2610174333
1710980966
3549921851
3564209420
51113897
1353901986
4961607
3793413288
2264527509
570365342
2031645459
554422276
3002633793
62883162
2243889055
2791121696
4243779245
4067259094
575635179
3483859452
802226137
2950158866
984917239
287256728
182676933
3818878734
3103786435
4151337716
34579569
1702020554
846589263
3109743888
3401306077
1829372486
3210307483
1963879148
561699849
602089602
1232617639
4115019912
4101534965
3569218686
1568081011
2586145252
3735357089
3034047034
1255997183
3251827456
2678177037
48770486
518011979
3436533724
4234970169
4158378738
3320940631
2586770552
885786661
3310456302
1611165475
389676244
4185634001
2648038058
2477735087
1061434608
2400695869
2195649830
1808727291
2800435404
2311649385
1418254690
205224967
1865972840
1303455573
1594966878
1224689107
1014825924
1075228417
1645457178
3966215775
2364388064
1431354221
3448068246
936421803
2331977148
1735604377
2960210898
3945864119
931248216
2176504453
2507412686
3748038787
2273150644
213447985
1224236938
4282465295
3519966416
2269105309
1160927238
