2010724143
95743344
2429818045
3784753574
1864327035
2009022796
2839543529
4239076834
2217002631
3225437416
427382229
88252382
1826355283
1817252932
3371074945
1191220122
1073365215
1265535840
2090777069
3127002390
1573104683
2312455740
3586514713
2071638098
1603733047
2728239320
3309871365
2926481742
439999235
3315054388
1608543153
3450889226
2128901775
216491344
3204934429
503080070
3876447451
2657109804
1520733001
3289681602
385348071
2493626568
125270069
3090980542
50014643
1274205732
2252643809
2473988218
596826175
1860074304
1338058829
4068220918
3827894667
3733931036
155124601
3934243122
2023917975
1391168696
3457735525
3416508462
631956579
1316057364
970857489
758683882
3351274991
3251817776
3745444221
4290279270
620763707
2068921612
2545436585
545480610
1437715783
1037704360
3623864981
2874871198
1335102227
467830788
4113557057
94305626
1609047967
1912822560
112445101
1598581462
540940011
2639606268
3505608665
631656978
838909175
1233938584
3837740485
2748935950
3435240899
4074052340
3749510257
3440393674
3947169103
4151256336
2014488541
3968006726
2739797915
1426727660
3297981449
3073351810
4096415911
3990974600
3836366069
4216712318
402562163
4053281252
4240989857
3920845370
600971007
3319081728
772707597
3028231606
2186990667
2325680092
4143635513
2509554
2508824663
376976504
684974117
1640465902
2329282339
104510676
1574243537
3882832554
776623279
1018457328
2618986045
1712581926
1213175035
3993172172
2437763177
156324194
3526988807
313504872
2467233621
1625635678
227728851
3733699524
1344669441
3890947866
1244184159
2538334944
3731460973
3252179094
3872866731
3873758652
2439876761
691516370
3642045367
2242310232
3320752773
3425045710
3342868611
3625598644
2382253361
311285642
2175292431
3701122256
3924731037
170086406
1717361243
2226372268
4194213065
1948283458
4223106919
1446832200
1422254517
817953342
3450392371
4030021028
1851842401
75391994
1506022847
3479149248
3160195533
1930161014
2517327627
1855888284
40072441
739413170
1585149719
2668665912
4087850213
1168966574
3579308515
3018569876
353418641
1084476522
2184643439
3726232752
2351360765
2456363750
3150827451
3549721740
1186928937
819266338
2826705607
2659257384
2808542229
1537288478
3784863891
806137732
2727405505
2678395098
2239503647
319306400
4169146413
3486643798
1146039403
1514424700
4159998297
1877923218
3012848247
2796369944
4120301381
3440667278
4101333827
3777438324
1680104945
3219730762
2026791631
69854352
962290013
3567084998
1929016603
287119980
195478921
1420231682
1012885031
225714184
344602229
1849542654
3199844851
2743734628
63840289
1972841914
2888356991
3275606656
1332457101
4225921334
301640139
1582163804
1815662009
939822706
2453147095
477414392
458500517
4245963118
1341164707
2739174484
3092328017
982910506
1514566191
3452103792
874776509
3262650534
574278267
4022710348
684564969
3503191266
1194942855
17703912
835168469
2437863134
3328492371
1277518660
1966114945
2660022938
1487027167
4244130400
163015917
922049558
2338707243
2872276284
2772976153
2743842642
3762184503
3160358872
3229070341
207915086
4280378883
968607284
447688369
3068283658
3346477455
1977410640
1259920925
1773222790
3420901339
2651207212
3393957449
1921209794
2229406951
323426248
2696366901
2307675582
1173451955
659989796
2781880545
2394797946
3250606911
2570041920
4227554125
3703748342
2833822859
3983340316
893052537
2914799666
2944361623
2120526776
1285123685
3451731758
90173283
3758424084
1616273169
2533752810
221815023
4084190256
3637634173
4093693542
3730212155
3327568908
1748560553
3808274082
3711002695
437713832
250682773
3081651358
1991759379
781571844
281340225
375530586
3394968223
752622112
2261744045
1694663126
3470475755
1299341564
4196973273
768497938
1037244407
2524776344
860969157
2950063630
1376004291
3449301492
710852465
2570659018
610451535
4185105424
3286702813
2803814726
870443675
2402226668
3333248777
2809489282
1677685671
662032264
906829813
409772926
2114971507
1465579748
4247183777
1639055674
21664255
150301184
2529937421
1668070582
3449126731
1874575068
506052409
3606696434
4111563607
1956664184
4097274661
3177708782
3227914787
904741844
3856682961
3618879914
2983038895
4141902832
2129690941
3838002214
316735483
2600953804
4123063145
555915362
1495543559
2304480104
3684913749
1149203038
1834068179
2468219588
2114849281
4175777306
2707863903
980658656
2760394349
2277074838
3782175915
1958808764
391508889
947305170
1796378295
3301347160
451132805
2636776398
400403331
1216105908
3421704241
3366829706
105975567
380511184
143005597
715532038
766231899
139963820
1368113097
2369599810
678926951
3384821576
3511399605
1889448254
1104484915
3478588580
1922196065
3224636154
2441580735
2320423360
3030185165
2644542070
2998995467
4177152668
2814728185
3179090866
1638814231
1860680504
1055799269
2446621358
197326051
817710996
3786342545
1046426474
516243055
1070910384
3946831357
310344166
2728016571
1905779596
2183511081
83708450
1775351239
2929453864
4104013589
1837260830
3841080211
4118675076
2244733633
4158011354
1686444063
2105473440
1470223149
2363100502
1440896875
350189692
3717196889
2906971282
3334260087
2533087000
65987141
2048876942
997060163
371732852
4163641585
1728059466
2751602127
357327760
1035326557
1376206022
4228145179
3980396908
2074536073
2107296514
3775562023
971407112
791873909
2816638718
738266355
3943358564
785556257
1006884026
1496797055
1425803648
2855199117
1495140406
1261130955
1558746716
315470009
721818994
3021334743
2633687800
427670693
3502422126
842438563
473238356
2894229841
3435687210
3940527407
4128041840
2726296253
3136647078
809645435
231219020
2116502761
3360537570
2113535111
2845311720
1990327253
678890974
3629747795
2440409668
2965277569
2230641050
1517696735
230558048
1423712237
572814102
2129920555
3784156220
3986072857
905494098
1871821879
484237016
993183493
2893446990
1735717123
1650185524
1741287857
1441804810
4097174671
4245578576
1211519261
989991558
2712386267
3785893164
364826953
2454592706
1551378407
2007529160
3431145013
2482506942
2538848179
3325457444
447194081
652303994
4279881279
1622997312
2353106509
598035958
1234460555
793158172
1610795385
2840909618
1795702679
4003056312
816185701
3220354606
1048640099
68456212
1595580945
1152345834
1826413551
21547824
3916486525
3689227622
513339451
4082637580
444960169
1691610530
3294430023
1510988456
1047425173
723352478
38248723
1657087492
1202056257
3523300186
2314868127
3270564128
284634285
3042482390
1868852459
1317769212
2821332441
1012031506
1146188535
640263832
3446631365
1508859150
112374723
416758004
2475459185
926813130
2913762127
2511610640
3435630045
3277236294
3781285275
1229979884
2962455049
2769759874
696290983
1120284296
3858494197
3399441022
2660053619
1016711140
3738264737
2458691642
3924757759
1699850496
798292749
1257657270
549202507
3285478876
1344578105
2183747826
3309655639
327447160
4045866533
1696887790
4217511203
3021722324
3526857425
668213418
3145517743
155740912
3302126653
856595238
2422106875
1711789772
1207998057
2488262498
733661703
1606644328
3905135957
3946162526
3715920851
623663556
1396837633
3501946138
3117462623
886532320
3232954733
1949728406
4193490859
2409184188
772429465
3927032274
3820743095
1117924952
2271531141
1749678798
1139226243
3847904436
3023295281
1823057290
1193658895
1727898320
808028829
2294611462
1038528603
1207409836
2632245961
1337327682
2531505511
452961864
2019395509
2711119934
476931379
3925138340
3826247009
1355133434
1081543615
3665434816
686368717
3704691062
56800523
777124252
1676884729
3208878770
3247254807
2071648824
2277559013
2249716142
4086956003
3087718036
2660844433
3086391914
2910812527
1976289968
4184133885
1043452134
1750246843
1771524748
3076022057
3498152226
1658015943
443730472
3529611797
2659161886
2763523731
1416318340
2622680513
853761754
1891242783
3140597920
1489995309
1283335254
2975957611
2557912956
1610043225
687268754
2895192183
3255203352
4124243269
2101762190
164788547
866467956
3263161329
401801034
4150384847
3098206864
2535212893
3909948358
4193930011
3244226668
3950185353
3958018562
3009518631
1075109384
1080548469
782448126
2880722931
705146724
1394812449
4081875898
3916548735
4160112768
3439203469
2801114934
3829923787
1115637084
3694039993
711171186
513786839
1446838776
3778236325
2827825006
1911071395
1537317460
486519889
4141274154
3651463215
1855122032
199749053
990824102
1228251259
3251015244
3645695977
1395196642
3630602119
2849890792
403197653
985351390
1387944275
742523204
2878901889
1782122650
4118163935
1841285216
2383205101
3958344214
3899534635
484692796
3736143897
2730607954
3180402487
3021372888
1702484485
4272191054
53771267
796386356
1999680689
450500874
3038816143
2457592400
3865035805
32434566
408724955
1497764908
1828582473
2473911234
1304052455
2982532552
3134910773
1199555518
2804026035
412238628
348858081
3420521850
2342471999
3045472320
814989645
925099254
1982597771
2484883740
3113659513
1296653874
1530731159
2475354552
2856227941
306457902
2165179747
2862620180
1714087185
2788478442
2527925999
3680356912
1092340349
660962406
2512870203
4065692172
3734909097
369505442
3140787783
3989092776
2524431253
1973990046
2722327571
2825942276
3386044225
2826728026
1321537695
608278560
3576356781
3226120150
2983827435
2426453756
183992537
3241305874
4118531575
3901900184
3810098885
304370702
2597142211
3297921012
1258702193
387904202
924989007
3157303824
3266576605
2972352326
1540210843
1936519148
2990906633
538244482
4105021863
802327944
611763701
2179862910
695631219
2438239972
3519539105
3963834170
2378139647
3404326912
678047245
3676039862
734975307
1994988764
3169551673
1907679218
3055890775
3810824568
1336056101
3372018414
3955894307
1892049364
1390073297
1204848554
4216849839
1676438000
2646632253
3237343782
1892144635
1057244620
3087808873
3537446498
4194133255
2246529384
3933206613
3305627742
236142291
2226563268
4290908161
3748502554
1130803039
1987520480
1659481197
4149187990
3764634283
661482172
92977561
2919811282
4077995191
4013542744
997319557
2642801102
4217160067
2662624180
1992332849
1853983882
4096165135
3179880912
2430139805
2491405574
1192074075
865307564
201983433
730515266
4143698023
972752200
2046515893
867049278
225554483
806267556
4074334305
640899322
378701503
2950780864
1229019853
2694688886
938500107
4272269468
1726815737
2707825074
773326871
3033135416
4263468517
2457299118
1021119203
970220948
2077197969
493486442
3731207279
1878968752
3868574717
2239768550
3170308283
2878521740
374800937
56743970
1132522439
3523586344
1890643221
1587072542
3504984467
1020566660
371585217
3234629082
1511722527
3156244384
738801965
2126396246
114077035
3574191740
2938810969
1392831122
353467255
399316248
4215474245
1183403918
262341699
698240884
4078937841
1120003658
585995215
3729088912
1972288093
162458310
484193819
2105141100
2332765833
261511426
1667544871
268385544
2015932277
1920986366
3990070003
1350598244
2696915233
191963834
215500159
2620163968
3889776525
1432958518
2370874059
4279366748
4166743737
2786927474
2178260695
943399160
2725569189
4101219950
3204885923
1368009044
969471825
683752234
3600163631
659876208
2690375869
2999197094
487918459
4223728972
1782483689
3781183970
108999303
4057972968
1174053333
941325278
3850839123
210391108
2512294273
3193515930
3651284191
217941856
3846800877
72786198
2010404907
1295385148
2828495641
1508297810
2050781751
1913396440
1867312389
1928228174
2187331331
2433741620
2028173233
1973420042
3124191887
639983952
1435842333
779600006
3757674715
4108321580
595785
3858213570
145251815
2980000968
2612970549
337869502
626808243
241832484
3292178913
3988565114
391169087
2274064192
418509901
2269019126
3736057227
200146972
1911983993
161080626
807269783
1563953336
3915589477
884057134
2097614947
3282545940
2777098257
731264234
984175087
1907280176
265469309
1182913382
4091659835
3008297228
3833779113
1721007010
1907898695
3308624040
1192040085
122677662
111884051
4019700740
3343643201
164862298
3367766943
1087264544
57316013
4124624598
1178256107
61992444
1385227225
745434642
22161655
3451315352
2756678085
1215646478
3193162179
3234420468
2160855153
2832980426
1891889487
1558782224
3584848861
3768211014
1394977691
4253409004
4223909897
2288958594
1971766439
3734695048
561879285
2925054078
3469461619
1166763492
101345953
3738564154
2629567231
700327680
2974507277
2212331958
2664267851
2029636572
2491312185
362571506
2008091735
3548426360
1068117029
1492214254
1100886819
1542254804
2546604241
2812866218
559890607
4140591344
968514109
4269361446
1679638779
368882892
1977867369
1287548258
1944846343
3955699816
279464789
1106646878
2937457107
2713515972
3012432641
2499527450
3995642463
4015187680
3140247405
2164567190
1153428907
742234556
3453426841
4099657682
1225957303
3129830488
1728771717
2900224206
3997060227
1686796980
1134123313
1043690378
3176349711
173056208
1519677597
3184962566
4179658331
3140188844
3472566473
2428210754
4173327207
380789832
103099829
2531251774
3303144243
2443475364
3471764321
2960982010
3285844415
4202993344
1168477645
1493583734
6949643
1509250972
3769827577
3554977970
1464787735
181737528
3523866853
653451182
2542540259
2786718868
2840709521
3736692842
1635250031
510511280
3805460221
1483374310
1351056315
663367820
3475088681
228466466
3151660743
3310651432
4287381525
500040990
428317843
2662984580
591721409
294759642
3500673311
1883977376
21949485
2476364374
103012459
3130590588
4213839193
2607739282
2956842615
2286924824
1144986437
1172850318
4242509635
3893583476
3121310193
1466748234
3601157839
1981538448
151858525
602718662
346693915
294704748
2322551177
1486757890
2702430759
2577767432
108364405
3816334334
2724130291
1316310372
1202203681
4101097914
1936375935
832489088
717257357
3564686646
4131739083
2191565660
2538887609
238201458
2377611735
854933496
2369942949
611720558
3381704867
3991844948
853424721
3532104234
2444451375
273868912
2413548477
2450879654
1541437051
2880924748
1627139561
3807613154
3091451271
1906155496
813233365
2425860830
1086320467
575577924
2670761089
4048901786
3069847519
3682027104
2324838637
3680090134
3710288683
1652830524
2068434457
3412579154
1435749687
1186839512
2292973573
2035573838
2499252739
1998848564
2632071857
3594643210
3011124623
2819285072
3319179805
815568774
2827123675
2759193132
4276107849
4191580610
1027766503
1731498952
2670630709
1776497086
3254952115
2545803556
1492528353
4235481978
1378762559
3335304768
1968973645
2213876470
857694347
2260447004
3106042489
1313238066
2578108567
1000417208
504609381
2537233198
3798735715
1059798036
1294953233
1154718698
147950831
3023816752
2241179773
2839161446
3907531067
642017292
1546876585
3330196130
2548552775
3496114088
2150525333
1343430814
3749642771
674960132
1880159553
1711718490
2816411295
144119328
3417720237
3322076630
3699895787
2545884412
2935375577
3993400594
399803383
3315041176
1091675333
1826767374
558257347
4252788212
1692257137
1551155402
177318991
1742577680
900785885
3248893254
2003408539
3617246700
3171803913
1311015810
1544282023
1059015560
219180021
3219095422
1049432947
1228813540
2878926241
3661929786
3336863231
1909351936
4198011917
3040549046
699935563
3120986844
115166009
3722440178
3119048535
3566784376
4047355685
2231490798
2900246051
1703903188
3506789329
3076347306
3717364655
2984798192
3368045885
1536729126
442412027
3673236428
2978447209
1912583266
1233558279
2170752872
2339151445
3523235422
1887753427
1816086212
2661684737
1634069018
1779869023
2406131168
4185592429
2169881494
3607632043
2383005884
3069149081
755685074
2512386743
2493320024
976226693
106029006
3431716739
651987380
1253973041
1271224970
1387002639
1028923344
3176915869
1959363334
69169499
3468650924
364399561
4014495042
1278215783
2703606600
1289420981
992841022
4072556083
4273359012
2823843425
1604495098
4165827775
2858669504
1310048461
1980423798
214939147
809567900
21292025
3334418354
3979460119
1838954296
864060389
3012187822
3014074595
3973809044
1461718161
1810157418
3870698095
1897449392
505129469
653317606
3540248251
3447562124
297289769
1597400610
2078286279
3831457576
2935198485
1277115422
781281171
1780169348
4088395457
2503136218
2220950559
3350328736
144744237
4212287830
1600586603
958674044
1945466969
1916074130
773206391
59659032
13053509
3949149582
