4138267139
2036720180
3648690865
4114186
1989246351
1081786448
4140108317
116881286
2690636763
3472085548
780442185
1131368898
3276134631
3986715592
1307113269
3952742846
361496755
4059545892
3710291169
1495872378
4171079487
4206138944
1533183821
478671606
1473560715
137465628
593416825
563563570
1845899415
3431270328
619059813
573176622
4258102115
3478985748
1593297681
1648393194
3365465327
1100720176
3333689469
1912932966
3497365819
2628929548
117954217
1904714402
2962961479
3921565608
1159252373
305791134
414736915
1281684228
3580974401
1378590810
922642079
762246688
2381096365
2902834646
2632797675
556072188
543336153
1053250834
3940541431
1701536664
2853438661
339812878
1314370755
2476623348
1674980209
2773590218
2668170319
3794632720
520046301
887164230
2795959963
301510124
4212278025
2459788162
3748609959
3815451528
2150288373
2054578046
3044438899
2941785316
170479009
2379840826
380886527
2140554752
815723533
2729310390
3721235275
3277609692
2541333305
3826306546
1671710551
2069671800
1416634149
13678830
1134534179
2040618964
3576544209
1672099242
515496879
287852528
4064193853
826507302
3914075131
1363084236
2596003689
2280166498
261749511
2828988264
1152843349
1023880798
2099131603
2353604292
241595905
342542874
1385563487
2116191712
1007776365
758686614
3603789995
2404362428
2126241689
548124370
3995818679
978381656
798124421
244367310
620574595
819882420
1813412913
2474785418
411261711
2038693840
3205120925
1692689158
3401371995
4177349036
3256658889
245445954
754148967
1129423688
3830800565
245656894
3976701491
1353722020
1094766177
1243055866
1367137471
1913370048
886841549
2556280438
2957317643
2708924060
406930425
3754954674
3427606039
171972408
1393746917
3749550
633897187
1691181972
2913496209
2266083178
155028079
2184751024
2415528445
3917198822
3914417851
598441868
2571937833
3221177890
1330872775
4185605928
3164467989
1074142238
1854588819
1711610500
3452982977
4011307994
641754143
1615451552
731316013
1272269142
4270613355
2454328444
4062304345
3904231570
1809944951
2401383192
3800665669
880942478
1700362819
3169209716
3942354161
3968898122
432040399
1312702352
4221960285
4106320070
1331784731
1740744044
2489570441
289064706
3130150183
1293146888
925414773
3185851134
1459591411
834665572
2871856929
530796730
2411240319
164947328
3168406925
3411493942
3254477003
1983984220
3866467513
3734311282
1723905239
2834251512
227436709
2787341422
4010288035
3701548884
1093131601
3459705130
518256943
3163342704
614868669
3631066022
1933918587
3619142476
1937387753
1401665506
3733440647
4229127912
3381503957
284608990
3887995475
358141508
2624518017
1408392602
4173169375
3953452384
289229805
3063656214
1726615083
3721674812
458527001
1084602962
2193786935
1939815128
263811845
3956620110
3123477763
1668673844
2571460017
2453450250
2575317135
1746681680
3113385245
37244550
928302811
33931564
1118289225
3022657730
1460401127
7459528
4117023285
1576388798
1310608307
1850183716
816713697
1614600826
2015828543
1051841856
3713579597
3378153974
3316673419
3581623836
47625593
1780470578
2982087575
1193944760
815967589
944730670
2854127203
3973884692
2825653777
4208583402
3060606959
2816780080
4110615421
4225327462
3924294715
4045649676
1510242729
1011739042
3958820679
2418489000
1212554389
1704540062
2742562067
2516861444
3271710785
1958397786
3503120799
4159943968
1640257709
3679179990
581335275
3853396988
1528039897
2453363730
294534903
3079144088
3286374341
1514805518
2385919939
273503476
4021546609
642156490
1317193551
2396913424
2643442141
1795744838
1163321755
730438892
1571317257
3509529218
2434816679
489392776
1539940085
2224625278
3978542707
3792102372
2055458977
497296442
1904761087
3361899776
1796744973
3760689078
774125131
317000156
774147641
3425719538
3959956055
2494615160
688894501
3162320878
566995235
1631579860
3157589713
2394594474
3868792495
3959441136
97558589
293525286
1878619899
3014619852
1034650217
872799074
1717605895
1433849448
3582415189
3014485342
477691859
2747758020
1246394625
1127280922
1966080095
485901536
1374430573
3886398102
75604907
3717715900
3525329561
121028050
3070539191
3936127576
3418586245
1705031374
204915331
1865185460
654786353
174989706
2944931343
1245937360
207468189
3438492166
4230462555
135084204
908447433
34208834
3079635303
587268680
1729573813
2274239550
248508723
683538340
4050538849
697904634
2728155071
514258112
4208481229
494818678
773243147
1111397788
3911132921
243701426
341571863
21182008
596997861
4167871918
3771698147
3314217620
356691857
3415807594
2250753391
4036994736
466550013
2535328998
3896095163
588967564
3475983145
3027471650
4236582087
2881627688
3457238549
821252894
2374013587
3127011716
4211562945
1897192154
1822777119
2993460384
3597972013
3379126358
2671480427
3109110652
1631140697
2304237458
3521506423
1553781272
3021840709
3013153934
518915395
3956497524
939479025
1618180938
4082115791
3792486032
716993373
2243383238
2659669787
2068878444
3705665417
2692386306
3642320935
1370634760
3557656693
2090136062
1306715123
2653735780
3190657569
366737338
4062385791
2034181248
3780722829
1327422262
3091729355
927457628
1954971577
4209154162
3917123543
3164691960
217316261
1910369134
837430947
1702737492
206905425
3006615594
735654959
3716335216
3149797821
3396797094
4117277819
52832844
2135938025
4149673698
488924039
2999533032
1319369429
3542810846
4048479571
362093892
1576598145
1881572506
4260199903
3491144800
2753429229
777438742
1167341867
748318524
2837378073
3260989778
2163335991
491313624
3383789061
2851287630
1897662467
2986475572
3680247985
169252106
278590351
1576648272
3714838557
3004507526
792048091
689156140
580313161
3326140354
3296595687
2835296712
527211829
963477438
85759667
1578327844
3380712161
875331962
115119423
3488289856
861597005
46735606
2138576523
2244013340
3508181113
453270066
3928221335
3062580664
2448113765
1854990638
534483299
1289239060
3123466513
122636778
778920687
2590615088
710801021
2840180838
4198917947
3616613900
2127371433
4134547618
4143868487
1246500264
872378261
1343516318
44300307
2971635972
3151977281
1915088474
801660063
1303671840
799542189
2217602006
172729323
2872269564
177302745
470508306
2733152759
4234191256
423373509
1852772366
1837157059
2910348276
2313007473
2836885194
3190325839
2244640272
3375115485
852278086
1894960283
1964411884
2550827273
1293742466
142439847
3903318408
2247389685
1406651774
1329400179
1144107748
3156890529
2521484090
1200149503
3664430080
3315423757
2252154550
4133937483
2171189468
3214635321
3098270706
1427635543
2663443832
523978021
4098205422
1969468451
1197112788
4152902097
1235682218
2762232239
3474212336
1819185981
4048956966
429056507
3827032524
3194430825
1803493986
2027106567
302689640
451126357
493853790
1010813651
1220658372
494566401
1758664730
3371563871
3271951328
2916276333
4172206486
3223441067
1759250108
2790303129
3223176402
3599372471
2309237080
1870696325
3872173518
1054625155
2314635188
2084831793
2671118474
1924714767
3779001808
1388128669
2728268038
3867060059
2199463852
2382033353
3469656898
4090993767
2423021896
73729717
563338046
117718067
3964126884
4276606049
234280186
3672625855
276706240
752912077
3879398518
1339321355
1040336028
3234400761
3717799346
689361943
3842135352
3785624037
3367773358
3175257827
3770974612
1562964625
3153886570
1698562159
3812795824
1185935357
542925798
906894523
747003276
4007521833
3494106146
1365424071
1774519592
1611700501
1895598622
3638713747
1480308868
1267358913
99484122
1345739295
2278249376
324953389
2040100694
4191598955
1498706556
1562156633
2555766418
2056669047
349401368
1497216069
3100380046
3488518211
3007081332
2874086129
238182986
1695277007
3088530832
2665408093
1615406790
3533259291
920355692
354949769
2769704194
2504819495
3758921992
1467898741
3093407998
3341954803
2987760228
3128562977
753966778
2813956479
2850382720
3185865613
4085412406
2122364619
2404028508
358834873
1401692018
618687191
3104799992
3320155813
1907647086
1110981027
1691764052
1137599313
1611642666
117075759
4273259888
1038224573
1948015014
4067956603
1955633484
2163308265
1585333730
4016897671
1899699432
541478357
1081817054
3544952915
458058820
3469671809
3140922266
206141663
3015992160
353022445
3031293206
170550315
811376188
3484768025
1316210770
2915909175
2913892568
590584069
1244473678
3413611267
1426722612
3485393841
3620502538
2346823311
303250768
2454807325
2307783814
939695323
874356524
4266787657
3920864962
3147573735
3611857096
4227887157
3993056958
3934708147
2975542820
3617658337
1157113978
1421742143
2657112896
2372477005
953399286
892060043
151165980
3190455161
2755977522
3342123415
178807992
2025837413
888037422
251960419
3746547988
3292042257
4154503402
3768163823
153789744
2529487229
3931508582
2979058235
1073386764
2774646697
267286434
2175927623
137163944
944030357
1101768094
3862676243
2377572356
4027080257
3127711066
66017183
514929440
664256173
397148886
64802539
1639221756
1591398361
1278700050
1324283127
603275416
3659677125
3232761614
2620872131
1528787700
1649636465
2646889930
2650422607
3069377808
3520372701
4230779462
3648698267
3734993644
3661147145
1986443394
4119236775
903891080
782976245
1479705726
2344768627
3319300580
4280080033
1741517370
1219841791
2779710208
1882098957
82754998
3868560459
4276774876
2078168121
428040946
1322506327
2307722360
1727191077
405413358
3999776547
468782292
3072820433
74410666
148606127
2858697968
1444447805
1086948646
2518174971
3531886796
1290717289
2656332130
4143041543
3462040680
1154217813
3930968926
2356319699
1798837188
3086384897
4115742490
4259837535
1615971040
2143652717
3495159958
3115186603
555496892
726468761
3143683026
4240141239
124242008
1254728325
34907342
1827526787
1899796148
2613888305
3252285322
303401999
779517136
3257441437
1441064966
968987227
1512117932
4187755721
3840903746
2446047079
2073280584
3963541941
1286967870
2242152243
2337117604
2578274145
1731230714
2858372543
932278976
4210342349
1704166262
3313374987
2227303324
3477007609
3171394738
3128798999
2776462392
3174997221
3777469358
1797366243
2793017492
3042653585
3359368298
1451244399
1243718832
1084023549
4114004710
2194573243
804113548
676892969
2205162274
4260123335
595846184
2728127509
1881260318
11544723
798033796
4015611841
497232090
2163430687
3496350368
307501101
3429207638
3193824363
1649647996
365691225
2242899346
368222839
2814775320
32098117
3021669006
677059395
52525684
1961547249
1707952458
519281359
3227368592
2282576221
4101438918
2610375963
2321707628
1832664457
2400066562
2670435879
3894605832
4051381877
3779747838
1928165875
1568303460
3490879521
3571533242
1618742399
2345116288
2189141645
679610678
3299172811
1850294108
4178331065
1485940338
3371320791
2386140152
1751327141
363256174
3488760995
3400193108
395552337
1153834538
1615309359
270713968
3675389885
1163767974
443777659
469174348
2824804841
4177628386
90282375
661191656
1853137109
3370610398
1035238227
377600836
519110785
2770522778
3553719263
2259559008
2483250413
3114333206
1689030443
3642412348
3206003225
1424281426
3109329207
349181912
1279437829
1015226446
2034179587
1015946804
2792203953
1801347850
3142871439
1953021008
138597917
4121088902
29067227
321097260
98117193
2390912450
3966125287
2068705224
3139453749
3954240958
2925341875
1478425892
2332858593
44027770
298552127
2584842816
461591373
3682225910
2529913995
1329613596
4194721401
1977706546
4176583831
864125880
354444901
4217886510
664381283
2487441428
4136687377
1003362282
2096224495
3827803184
1782045821
788424294
3217505595
442500108
4257374889
4173905570
1007788103
3117011880
2232817045
2858343582
4265578003
466235140
2407358785
3180346458
4248982175
1525281312
2039706029
96868822
3210344939
4180785404
2280665817
2462019858
3315683319
507895704
915689669
3238854158
3394887875
155353588
2836739953
1951218890
2650273871
307723280
3884520157
925395270
787391131
1478781420
1412615945
3171712898
138128295
4107577224
2246973429
27868030
1387503475
1459310820
1935366561
36444474
621660671
439304704
2597044237
3426505910
2930784075
2070353628
2465019705
1589045746
2302391127
1159015288
808872741
2552927470
1020774947
3473120212
722651089
789828010
3275671471
1844462576
4073617725
1876483110
2508830715
1860747212
423783273
1015394402
2428266247
2053532520
2202028629
2319977054
3172032723
4213859012
1237221889
1487627802
3288723807
3839459808
4156833389
3734306710
2703631531
4132988092
2434100121
1761596114
3650668215
1407674200
2375988613
662215630
1181442947
352232884
3047262257
3797538442
1033783055
568982480
2325745565
1455931142
2784001371
2099578284
2835953609
3026997570
1097585255
3564576584
1319414965
2029209918
984666675
4124009636
4055816801
2772837114
3238185151
2212540864
2501176525
143137398
1058259467
108896924
1149292537
483535794
2022738455
850694968
3865391077
2981040814
2590813411
111910804
1306097809
1616333674
166622831
356295600
966120957
2242712038
2121986747
491862924
2879337513
1039688226
2988568007
3372139304
3316858645
2657286174
3035231123
811751044
376726209
674516954
2933674015
2084360608
55954221
835560790
2630946667
3293499516
3142018137
3244684434
1408957815
91533080
3726760517
361101710
3627263555
3414329716
3302136049
3611570250
3506918863
3940563856
373804125
2990593222
2843809819
1709531500
354181257
3462521602
2796992807
1509250824
3523477877
1733236478
18138355
2421897316
787946273
2108550330
3429533567
249946496
1595857293
1578999862
985009355
3292786268
1333864633
2045980018
2242912471
740276984
611103909
3451211886
2333626275
2264621908
3081038161
3512239402
3888178479
30196592
3276665533
2923104166
492498299
3914954572
630766825
920703970
251802759
3310541544
1764684757
3698304478
3767092819
4147251780
2120156033
2649422234
75853535
953409888
1359484909
2905606934
85637675
383056956
2806390041
1169282642
1401418807
1118680792
1960689413
4042594126
712157443
1485712692
2405984689
885803530
1324557455
1962556240
1866483997
1733536390
1012953819
3055910188
1764510025
615331010
115105767
2232372936
2362185269
2726077630
10450867
1113508900
331619297
3710088826
3993306687
3003044160
229213773
1522329078
1414993803
1215953436
3031318905
4292472626
794458007
555131576
2534209893
838684206
429568611
1538451220
2167740945
1138196202
3010860015
459318064
3568750461
3879910758
3572082747
1455518476
3085895081
553584034
3592239943
1327674024
1249077397
4197323678
4205795603
1264156164
3393086529
3952042842
3418443167
4066292000
1436230829
3195810006
3972211947
1638590460
3050411481
1604548626
3070208759
3679616664
1586652101
3750098190
2817027011
2816577780
2384657009
2628920266
1847702351
2281175824
977896925
1405108294
558796187
3517274348
905507337
2433631874
4036806311
361039496
3149720309
3225154174
1410394739
3885637604
1223023777
3580280890
2358396159
669745408
1970598669
1277553590
4273398347
3873424860
885529145
4165366002
3025112663
3243854456
2869296677
3829861358
280220963
1351756500
2202667729
966015146
2211316399
163070704
1922067517
4001641254
3353813755
2840145612
1398935145
3054696290
4130537991
103697000
104897877
1834893662
2115775443
3902321092
47351041
48336154
3411012703
1084047584
1171190125
2473727638
646598571
3633353660
128568985
955963858
488776119
1596130904
1744816261
3338179278
2069163651
1698477236
4190260017
1890958730
2773680655
2878962384
3693314717
356947462
3674957915
3693409452
3426900681
2906986562
2998398311
2333507144
1536589749
374145086
3593018675
466432932
924605793
943180282
3469886399
3849056448
725688269
1075360118
1821732107
3006615964
1351529209
1828238002
323970327
2091364920
2367144677
2857535918
4213422051
4049153684
1453570961
4098798186
797487471
882090672
1637533949
1103063270
3641925051
3836783244
2830227241
1876732194
503548103
1245028904
4183200277
1807757086
2777661075
1253025156
4040910273
2510386906
2314291999
2068811936
375619117
433175638
1160788587
1866858364
2106509145
3145202578
3836696695
501173784
501607749
1292693646
2407018819
4234123380
3406191601
3533117258
726077647
664713872
2039365469
161917894
2891383579
3110359148
1019773833
3541150210
1542312999
629388808
689493109
3127889406
564662259
985139044
120036897
2539033530
2609185407
591405184
2211318925
72693558
2427631563
2168102236
1220676537
665891954
186252247
2193742328
704792485
165660526
598366883
2311582292
1409428561
1975970858
1298538543
3283272304
647357885
515137190
2871941243
3434604108
681467881
2283543266
3159281543
989379048
1081427669
3943947486
1808404819
2908641604
488179329
361701530
1315269087
3124076640
2081999597
4284162582
2608129323
3649776444
3091234841
2430262610
744967991
658986456
3439645189
3615690318
2400334851
2567584820
3132042417
2752917770
4139638671
63421008
4148804637
1319141766
2549177819
220425260
1481337929
473168834
3137239783
3834424776
2701388085
2187615166
2437792435
1612356388
2714214113
1149443450
2573893951
3643281472
2480650573
647724278
500089483
3836717340
505554041
2989389362
443503255
3278356920
780504165
1219413294
2500312419
631141908
2485476625
2143086058
874925807
2664800816
104972925
2200114278
2700612411
3844006412
65513641
4170271906
4292138567
3090649512
3093085077
2702789278
2341151763
207932676
3494602561
3026881114
527190175
3574558752
3954104237
2983086038
1008226283
2334136060
410974425
585334546
3540649463
1260068248
2182903493
2350574606
3840079555
654090228
1098694001
2264074954
3195498063
131365392
4195743965
3253999430
1620736155
992102380
2945127689
1651248514
1588191655
2280744328
1555957
65710462
1071265139
1739910884
2948358049
1367172922
792903679
3202596864
808068621
4104880822
2259258699
827618524
2439970105
1446115314
2148493655
3998837112
123834661
1820295918
435937315
2426190292
4023209425
2482020266
4203298223
1841054192
90070845
751536678
3710946811
1906679244
726511977
2063351394
3612712199
1639065960
4258066517
59799646
2140337875
595787972
322078721
1676915738
3284526943
1671233504
2581963885
1592470934
4191845035
3083125436
3205116313
2605834450
2002222263
421176664
166517637
1351911886
3148511619
1375126452
2553220657
3706561674
4180917519
3146054096
3870487965
23162118
2299679579
1730208684
2470936009
1064951618
2511341671
2406604104
1125405365
2495788862
135096371
3980853924
2579882081
2416275706
2211299007
1278422976
3984151245
2084915318
4261615627
2062090396
594056697
494614962
985284631
1935069496
3780531685
991035566
1028047587
1451408788
4290379409
4095875434
2001661039
2552668592
3903568893
2574106598
1117243579
1980504460
1334868521
2300375074
4052820935
2536014120
1837491477
1211721246
2191624595
1853420676
2928568513
3588922842
3258074655
3181268896
2071802157
4101100374
1736140139
1396256380
2359437913
3823501970
2014294903
3775261976
4046848069
3400525710
4264082499
2243471220
3079020273
3351641674
3719482319
1721317776
3789599325
1789428422
1410919963
1960787820
339781257
220033282
1859186471
986584328
649701237
1252820222
2225560307
1284560484
2292457761
2447063738
2110487935
3101056896
545865613
2334707254
1989894859
2502773852
349105849
3519691634
154130135
2183133432
2837699237
975584878
1235772835
3272638804
480997201
2719044394
1094146863
1171571056
887740605
113882534
1944961915
3054654796
3782214377
1555259874
3175574151
2019203304
608672213
1691620318
2406931539
688302148
723454337
2081376154
1634821343
4208156512
1161133549
539113750
3619360811
289233468
570876697
2791302226
4092766775
2996630744
2226644229
1613563214
1461567235
3993127732
1480716209
691804170
1656003215
282147152
3495898909
461985926
3295561947
136141612
53907273
3843474114
3100415463
2311457992
667401269
4217901758
275254707
2706532900
1696014817
2831074426
3288071231
4237119296
3726240845
2937459702
2737991051
333535260
1717700473
4242472242
1781542295
175431864
193601381
2944154670
1239468131
3792045332
1600233489
1602112746
2936179183
1585881392
785954173
1923050342
3555884603
3044561164
296504233
4018115490
1765306695
3842535592
4275179157
253788574
1624436499
1324096516
3517213249
2283909466
2822980511
4076613408
1808698029
1337745110
1566145259
1704019452
3757595609
1283425810
3384828151
1570749592
3509750213
919331598
826900931
1989390068
4079124593
2735731146
1056516431
2179791120
1458465757
4056149574
2631033755
2224764652
4041816073
2703611010
40041639
1008321672
2197721333
1018519678
3322904691
3343629796
3621708449
3866103354
3172940543
3474456320
4209727757
902633910
4136122443
1254433756
3638681657
3900276466
2625324119
3155527800
1967727653
2698246638
145746723
2133018836
2694615249
2921924266
3614472367
2315010288
3677901373
2595152166
2238052603
3086879948
3506787433
4215375202
3827578887
2096236648
2581939029
3168710494
1903542739
2615758788
2866711297
3957447450
1567089247
1037614816
604526445
2969584790
3407259051
2213867964
3879113881
321490
2553862071
1909343320
2741366405
877428942
3077309571
3408712372
3236417841
2533460874
3913316367
1101822160
3662571677
2333623302
1610956379
236507820
773365961
3674908226
2589205351
3515432008
891168181
1683254846
2153624371
1513935268
1237017441
481236986
2415212991
2822139584
196969933
755883894
2740765451
1301852060
3977148665
2656682162
2664504087
113373240
320923877
3555555246
282447331
640175252
2031894929
3486613610
2436966255
804626608
4274564861
4239922918
1795699643
3244525708
3493535017
4189665058
3704274631
2681692200
1380005909
2748226846
4229911699
2344502148
2139974593
1494205658
127877407
858328736
1654842413
833481302
3014824043
1613258108
411143513
2863663506
3189509751
1055427608
2282885957
4268678798
3561310019
1468905076
3125928433
651224394
2555021007
2546972816
2134844765
1162238406
1355208987
2287349356
3414477193
3968153602
2405435943
2312401928
4209408629
2282044414
3658655219
3051726180
3815547937
3711689146
591263871
3215498880
1699771021
1654154550
2624589259
4028365660
3819426233
3896492658
804368855
440014840
3520163237
3465065838
2903666851
584388692
1101050449
3325540906
1932826159
2016591984
508152765
3598388390
664350331
2506671180
2148378089
614901986
3253470599
1836611560
1151724757
3115338462
4220495699
1512765252
3631287425
1097559706
3987300319
3937214048
3697160429
2139443222
1777154859
2917894460
345589273
4131449682
1512703287
3568210904
3421960197
4210228302
848644611
1198938676
2552279729
876478218
1121408399
2350299216
713073181
1041117062
1909928923
2534623788
2582491721
4015360450
2957422823
1690004424
1360498485
2106051006
770594995
4127602980
2377295073
2044095354
498693951
221154880
476323661
1680648950
2491553931
3322873628
3178097273
1340834866
3466397847
3862822840
1578807909
3596989230
3894793059
2162791444
317317905
1394324458
3557475567
1249091632
2122033277
632799846
500754747
3083714572
289205929
1976162978
3259501639
3314896808
1305698709
3024337054
713472531
49244932
4266224961
3602176090
373702303
1009053216
100285869
138835414
8824299
3774772476
1010679513
1282903314
1260567543
48257944
2077531333
1335417358
1025248451
2259074548
3541320561
1627969738
2678514767
3863050256
2161303261
1395639622
2247511707
2651858412
705911561
3174800258
2345146279
570303368
1953588213
3667662718
2528168819
4133391588
4048381345
71218490
3861362175
1216888320
95980557
2139795638
4266845003
590467804
992002873
521995762
3113426775
445491064
616347429
4047794414
2362439203
203806676
3317158865
4164775338
3397628847
1316503536
605963581
2821601318
1887921147
1817344972
1955133289
2799881314
3432960775
1206773608
176789077
155772510
63212755
1103863492
4191587841
179044890
1211489631
3209723360
339151469
4189150102
1245630635
757145788
2955868057
3608407762
801518263
1497228120
1684734341
3793778638
513380227
3235832244
2750190641
250704522
628699919
772798416
3874872221
577444614
266611035
3238838700
3434464201
4025969986
1889812071
1096588104
1639184565
4110558526
4011458099
1387176100
1996285537
1312079610
2739451071
3916803520
3054352589
3262281334
211971595
457465500
3716176889
1603553202
4019451415
652807992
1383562213
3840208558
634444003
1347017620
4073358481
4150060906
761225839
3959463856
3555828221
3684593126
40148667
3065444236
1521598505
833715746
2410699207
1413627688
3616049941
4001354782
3255377811
2457834116
2480434881
2400250842
171457567
3421490592
4225013549
1099301206
3654663019
2249428092
1361899609
2144735378
1725196663
663169816
309995077
1481233806
3251491395
1641989492
57255153
1605880906
185483727
2873243536
2175375453
159396038
1382073371
3821608300
2459233417
3779657474
1838884135
43438856
3583987061
3799642878
3521769715
1723233380
1199646497
3916990650
1004303231
666295680
2183374221
4205050934
2989537483
2181474908
3847009465
3675343218
794791127
990918392
3557490853
923217006
4259871651
2568331092
4074894673
1379541290
2472399151
1254932336
313900733
4257768358
1982896507
1522217804
880232681
1341517794
2050793607
173168360
3515891669
1504215518
1611952723
818628164
1427050369
3584267674
2735561439
2042813792
1905452013
2374264598
34301483
2677389372
3220678937
4034785874
252534839
2105291480
3535932165
399831886
3514356995
2506516788
2857072049
891020810
1193676943
1704474448
900601117
640616070
1345068763
2852469036
1282463049
2867876034
1366084583
1701628616
1291018805
2026078398
2581636019
1312163876
1268393953
667554426
1453519423
4211854656
2126139981
3051307510
2713568139
3946362396
1397083513
458492722
4155892631
1187192504
1446462821
761997870
534175331
4064879380
3737003537
3398769386
1396637679
1385996080
623549309
208410982
782980155
3693031180
848925097
4218429858
3137578823
1239297704
3579884693
8581022
2561049875
409909764
2251976769
270794586
427112863
2693377312
3929141421
1265405142
3584020715
3982992380
1565467097
2462815250
120657655
719125144
2986520517
1182912782
3092944835
1194708212
290588273
819838922
2424348495
617740048
2814595549
1446485062
3422960027
2004948204
2332655113
648897154
2866360999
698253960
74462965
1302253182
1639847539
3840760804
738715809
451501114
1515991295
456424704
2157035277
1105479606
1309249099
2862252508
3895174713
1780255986
2270624343
4190226040
1169967653
3453020142
1448870179
665085652
2401179345
3794654378
2210590383
2872065776
269498429
3309932326
1318375163
2124606156
1171823209
3990885218
1086680583
2997208680
2142890325
1489968478
3867105235
86633924
807047425
810690842
875550815
3624156384
2591145325
2835247766
659749803
2739490748
1240685209
2424239570
3992948151
3211362904
2096895109
3390074574
2704480899
588050612
1899845425
3032308106
1574825487
1890547408
1017728669
928641542
1219433563
1878831276
2669602505
3997185090
3365951847
3471571528
4174760885
3066813502
71452979
3332140964
1368025441
2492884474
1841835967
4293979328
476703693
2893221238
3922991371
3555462556
616447737
3509243570
3707949335
3284938296
3478785765
3724043694
741860323
3303500436
2630141841
3670298218
4222197103
3158810288
2552665341
2787165414
3098347963
1174824588
519332649
2701509922
3124884679
2758352424
760995349
2555185950
2220812947
1924981124
460288449
3891139290
2046637855
2012384416
1997687341
2482640982
2313479787
3036330876
1722045273
3545765778
574145655
2330053144
3228449093
1212206222
1992449347
2494289012
3268241393
3799692106
