3376966973
3208790054
1606142971
2607530956
4085358441
2490586210
3139812103
3442978664
3170418261
1256058462
2173039827
3691898564
1071920641
1917684250
798606687
4124263904
2089497197
3051840406
674052267
2544658620
2683412377
4209407698
732371639
1746512728
1061431685
1830256590
1649735555
80947636
1946434609
1964309130
3312917263
543473616
2230584221
1413686022
1930203483
193595820
2277665737
3800823106
945759847
2253022024
662118581
2849713470
1599039027
1960110244
2073988705
1532643066
2321587391
3558634944
2620776653
1517059702
