3520663835
3499296364
3433808265
3125792770
2470036007
1932708872
62976629
3203224574
1970003443
2646441316
3245513761
3159980474
441364607
3973183104
3245992589
1317240118
2599437771
1794036572
980208057
51403378
2165926359
76443640
3945391525
265735534
1939450019
2416109652
688171601
2468041258
1632849455
3306297456
2595308477
428614822
3070715515
1079090252
200318441
3858579682
3957439879
1849872360
2247910613
920937182
1891950419
4197371716
2561868929
2241136282
3461748703
482506336
2156112109
2067556374
2110354219
3865731388
2501525017
396198738
3362635063
1634659288
751529989
1166873678
3120071171
667955764
3770722993
3643643658
4052880783
3370258512
3722713629
3018540934
3718343643
447226412
2928454217
2318934466
2925029607
1391576008
2833909557
2265440702
184520883
2218135844
3996163297
3373007738
1442983743
3660572224
2793772877
1974452982
196759691
2990137116
3853181561
3721665586
2281488535
1802131384
1684744805
4031499054
1046809443
2322557972
4207270673
4128721898
828472559
2368403504
2262507645
1415633510
872358203
2316212236
2895636137
3493360290
1115014215
2000136104
2585909653
2416955550
4252234259
3041608452
3171116353
3606474842
338359967
974276128
337098157
898993622
689626603
1993690364
2318841561
2901157138
2107536375
3598234520
2241926341
4274713102
1882670275
1868076532
2553035633
672166090
2576981071
1155846160
4230895325
3232030022
343443099
888995308
1244287753
3174445954
1007800231
1829534600
2470173685
3467915134
3984196467
48653540
3426966945
1535921466
396914175
224499200
902956045
3466971318
641932107
1488235228
752204601
3088948722
2469058391
2459041656
2416258853
4223830254
2865180195
2315497428
2785790929
156304810
1326607279
3741816816
813022525
3664728102
1164286971
1038832588
391901033
845767778
1527024391
40386408
3654291029
1538063966
1818870995
3732895428
2936571393
1594202650
458397023
3776304608
72122989
1889039254
3213559979
4165990588
3282038681
245401298
3732531895
3417193304
2402253189
233476046
896321411
2313730484
3715927089
2417035914
581167887
109793232
2722714525
2675454726
4179517787
1129421228
4031036361
3976856898
2334520935
1094906696
3212210357
3954326846
4154144307
3046013092
3295338081
1167742714
2248240319
4263970240
69152973
1730514550
491431435
1914648220
2427278329
2611797938
2707664407
3922028344
2595746789
4160423598
1132466403
444576660
3281419409
243826538
2435193455
577238960
1547770365
695698918
3455768251
1604833164
4244420649
2253395490
3830321607
1872009000
2714174229
3481005086
4167456659
4052445828
931292865
3481437146
1787622431
1770857888
1172442925
436541782
3554276203
1587176572
571861081
645572754
1237328247
2429518616
3593903685
413920654
4099476035
3812662644
2842795249
854549578
3278961103
1435864976
4109701213
2921679046
3461544987
694547820
2979783817
1936955138
2857688359
257239816
3931751797
4089580286
3290638579
4159589476
4284948257
418783418
2278370175
3829413248
1714232717
216994870
3817926859
3526984284
1374792889
1380049266
1902593239
2697236216
1900247205
1790264430
1397732259
2275637076
2888166737
125679914
2388429103
2131498864
2398959293
2134473638
1887359355
3003386700
3459924201
95193058
1293047943
3732713192
247904213
3778845150
2619976275
707731012
3744532353
2586652058
1218056927
3946329440
2375572461
3751509782
3100089899
1567920188
1180213529
2654636626
3727759415
899451608
2809561861
2228161358
1471941891
2803908916
3033230769
4067130890
1925236879
969117520
3639708957
174857862
2530629339
2331644204
1592773961
1781721282
1751024615
3607306952
2426788405
3164838078
2916211635
3854950436
1710759905
660580986
3284904511
3077383488
1891355213
1304582646
735443851
214142492
1902298489
1704764210
2180357015
2807002808
3228024165
2578530862
3841332835
3710843668
2021269009
3052450538
2641737711
3702781744
225055613
3648336230
2410777659
3149924108
3151268265
2856237474
3289472839
786466472
4254018709
1185875870
309574931
2217382404
4006897729
4039481178
3157914015
1037501728
1345284269
790340822
2165573867
1755216892
2435324377
3751816210
2056048375
2312458904
263137221
2014570766
3394621379
3242697972
2018115185
1883592650
3880998735
2060799760
4076784093
2450306118
359166363
3419270380
2298508809
2869426818
1409477287
1477237384
4011503349
3692488318
3479654003
1523921892
2698895521
2190931002
2696734975
795727104
4169873165
2002739126
1759102539
1971149276
2948636217
528295154
298758743
2904956536
4108632613
2326724590
3274914083
3873586900
22220497
2611047594
3576800943
3810498288
3695685693
4125796134
1314064123
3181101772
3062600297
767994722
940254727
8396392
182477141
1972581726
3590623187
3141387716
1865189633
3305881882
2351730783
4180251872
3261543789
910527126
4286526379
3017287612
591680153
342592978
3180545463
490330712
3684732037
3627714254
1994805891
3715549364
749555505
238875018
2548606479
2693451472
2816263837
3804695046
3435744347
262244524
2156781257
3484601410
3154252135
305287752
41436085
2816209982
61047091
4074522532
416833889
4233887226
1163978687
3288483008
2455462861
2542151030
3445379339
539420060
2378905337
2309187250
531794199
570983992
997885669
57572782
2026314723
813515412
3748708241
4199540330
206591343
4195284656
3226864893
1381620966
2401452475
3159834252
1864325929
168058146
1472179399
3004921384
2474268181
2745770782
563880595
1260960132
687434177
3368004314
1060237087
1961878688
3640640045
3805884502
3335069291
853644156
3714927449
643608466
100957303
1066017304
2550837573
1258480782
1210946883
1735240820
3400884209
3994176330
3141579983
4070837904
474710877
1515921350
4290307867
976544876
1448609673
838032898
2937845799
1161005576
2273220725
900907518
3846599667
161160036
4138181153
644794298
2557978239
2901046400
2464960653
2079763254
1277008843
3766497628
1279430585
1842309234
1784750039
901164536
2162756517
2309995374
1349631651
96470612
1804808273
3552321578
3650208815
1229067888
1045768637
746771110
4108467323
2075294284
1448076265
2025311970
2448356231
1718783464
3021802197
3333476574
4026168659
1873505604
2767915649
1839289498
470420959
3370775648
1220087533
3801519638
699517227
2574958396
1617101849
3207827794
1923117879
8792536
2444072453
908919374
3907753987
2330742836
186790065
4052051210
1209762703
2028015184
889913373
378074502
2968994267
4014473260
3676237897
3951669186
4228947687
4040196552
4209880373
1532710846
3473942195
3134304036
587965153
1385124218
1086399807
3789972544
251526477
2993746166
2547885707
1246313756
3957762169
1438722610
1889171095
3622868408
1911574629
1664268590
1425219939
1919584788
3195691281
3919976938
2478174959
3094935088
2600797821
2183497830
3796891451
2137880076
2631740585
1939931298
358152775
4198852008
1233682325
2489990814
4225730579
612753668
737241921
3849371226
695528607
3436692512
2253593517
2738731990
989410283
1533258492
216366297
1219506962
3794217463
804123032
3578346181
3212369934
3286260419
867349492
1723056497
3126214346
4114158159
4211199504
2530950365
4111502150
2739166363
2459622380
2678233353
3593847170
832570791
3569957256
2575663605
2929040766
3686832499
3795845860
1187275681
2457705274
2768069631
448140288
3679480333
2293561014
593260875
2973894876
762806585
2335747058
1897827671
3094756728
2068862245
2511828718
1359692835
1111281108
2967884241
3184382890
1367138735
4017329648
3676676925
285343270
2049733115
189280716
864499049
3028284002
3502096647
240385384
4034704469
2190830686
3221969619
628626628
3332148225
569239578
775064415
410604512
3331188845
1385079190
3445579435
2891732668
62174617
3969029330
4082671799
1568766296
798859141
3433463246
63692163
226547636
371855921
2856638602
962158863
12996048
2793159069
2477908230
1499477851
1206745004
4104323529
2344063810
2659855463
1893577032
1611011765
2233576254
3860319283
463869604
3398558817
3086591226
3958137535
3474555840
2359531213
209894518
559545355
690656412
2444564985
401993138
1789748247
1191683384
3385399781
3875402926
3480889059
16175508
3684106897
2448641386
3920007279
1441920432
3279355901
1457009638
2671226043
587378060
3406691881
3038028834
1927104455
39736616
96053525
3337771550
2000547219
3997304964
1035758785
3570979290
2969758239
59679648
4264129837
3729344342
1940146539
2149892732
630238809
2493167250
83154807
3640705304
761971781
58055566
2473467971
2216082292
306520817
3809555018
1262251983
3522071952
2293102173
1345124038
369807899
4076852076
3940559497
1708074242
1368331047
80603400
187657077
4106189054
2295709427
3267619428
3610518817
1422094010
4232978815
919647104
2008515469
194658870
2224441035
2244141148
1499427513
3317231474
470219479
3009727736
1243258533
3703976558
452970915
4200109396
2538369873
1742112554
4076011311
330569072
3636010173
2439522726
4096894843
2321344844
3560015593
2938050018
1786220167
4129582312
2784976341
1463879646
473382995
3131292740
437325185
1878096794
4171630815
2782376800
3789930989
4096634134
2156393515
2323443260
322529049
3934820434
901500471
2989213912
460368133
3383163214
495395587
3274989364
331674545
1182485514
564280975
1983548752
573600541
1212271750
3691261147
932310828
1394217801
2117891778
426686951
2421809352
398557237
3543074494
515535283
4082728484
1433085409
3130718330
2095226943
1234936640
2974560333
331057142
4291907979
1523248156
2234944377
507621682
65753495
3981292728
2835669861
3167760430
1046228067
975313172
4240876561
20414698
3290574319
276428080
1605106045
3195133798
3688522299
3306611980
2142359465
2623489954
3863778631
3378922664
2920141461
3913381278
1773622035
2254254084
2757389889
620225882
198961055
3608445728
3867332269
33280726
113925867
1059379708
762240985
1478244882
1684899063
3099758744
107957701
1157224206
215410115
3063530228
2473165937
1984112074
1934282063
3043642640
398700509
1504731718
1846298523
2036583148
3188767753
2931787906
2229870759
3544291464
3262928117
3056620670
3263554675
2301022692
3992381089
4215292474
3563708159
3208270592
237083917
1923517878
97197131
4228036572
3589956665
1800418034
1629120599
2760006776
1397221413
2363223534
72306467
2350079188
3838153937
3755358890
1945377967
4093875440
1561302589
2612352294
2029116667
384868556
3192838249
915749218
3575405575
467917928
3131377493
4071859038
3665700307
221144004
3847786241
3853258522
2976155231
788861664
1086364525
896776342
3643509163
3520890300
2498828441
118856658
801766327
2089097304
3139875461
1529771214
2350737539
168224436
3388134705
3559440266
3069582351
389926096
3458706589
574142470
1323508315
3694487212
2089034953
2434292290
3804120935
1296371784
136309173
4085473854
1324881715
535553444
160917345
3899870202
698604991
258785984
586664397
907760502
3376654091
2099921820
3429563641
3064231090
844381975
1220723768
1973660901
313093038
4154012131
2079088788
3892921745
1165145194
3643329391
638645424
2510549757
2800913126
2922911675
2208963724
1086890281
4152421154
3852919495
1297953832
679803925
2841088286
2840311955
3403110276
2781573057
1674442970
1879041311
90792608
3848218669
2085969494
2322297963
912519548
713036121
3778330002
4136710775
1295212568
3327579973
2986660494
2249894723
691784308
2954946033
2179733834
593767119
3816098960
1780246877
4288335302
3242769691
1137099372
2671005065
2131160066
1101934119
1042565128
2775334517
2699571198
1590757875
325630308
3507267617
334763450
1666227327
1911747200
1150203533
735697206
1023078859
2986446684
2840090041
3388896882
911791575
164555768
4242026917
3556288878
1660540067
1433216084
1599190609
869068330
2323659311
3462534256
2385055677
501842086
510464635
3473102924
2011113961
417488098
2259429767
2106739688
342733013
49102558
3504343891
4212656964
1853034625
287154842
2389574623
1912697440
2300474605
2220934166
1833574187
544939324
2396768793
2419695442
3615697207
982345688
1958722565
2940006478
2777591299
1073245748
4273190577
1632449290
2941581711
567282768
3496076829
261530502
3355252699
1406656044
4141954633
2454404546
1886967015
2778677192
388059957
2485042622
1288748211
2136821028
756459745
3481444218
674241343
3733774912
2275828557
3785498358
330366091
776510236
1834118777
790509618
3957861527
3613840312
2510648933
378119982
1362179939
609593364
1667163921
1822746602
3736758511
3568759856
2338253949
4267325030
743492923
2092717068
2488431273
2490994338
3874238535
2353210280
1528767893
3040128158
201006611
2578480900
2282713409
526060634
326034079
1284325920
2696839597
3142969814
2491910635
65145084
583287513
2112110866
2975850487
340995992
3542180037
2023149070
1429827779
972870132
778782577
336334026
294160463
2584661008
2780308189
804010310
633352859
1881717228
340451081
2762297218
4259199911
1131804552
2583635957
1659308926
867643251
1065984228
3329583521
752806202
3741473279
217747968
3237924877
2771657910
3223701323
1170171612
3645458233
801356274
2445427543
1632271224
2899016485
3759957230
2365544995
3026578388
3438335953
1908056490
3969341359
3771700208
2449836349
100969510
4205004795
3499429836
2262989673
604405858
4112971527
422558568
2572769877
904780382
3579637971
1650504388
4217410049
2152085018
3317858655
751620576
1627344493
1324666774
3538138283
341357756
117013401
3556025042
585586359
1782888280
2923152773
4090653646
3218797443
3272144308
2013763633
4226328202
3233732367
3555806160
1323245469
4267413254
1565658459
3162068396
1211189193
1339367746
949903975
2540203848
717601973
1661016382
3997458995
4021138596
99150433
4257805050
2928105663
1962672576
2237136077
2219829878
1964593675
203813532
1844240377
3585014706
648485399
389669688
1862942693
4134593198
2703506659
2438852500
885491857
2228099946
2329347695
1517024176
1725752829
2997412326
1814332091
3461188492
5194793
1095316002
1612479943
2216170280
735858453
3134769182
1740997523
3504907908
2435216065
3852410842
740876319
1786782112
3198212909
754808150
3139346283
1168056444
473658457
2083177618
2329513335
2351038232
2463033925
3333409166
3493017155
1188878708
3561531633
983760970
4088915407
389516176
4036418653
3634668742
2977081371
478785900
2740220041
3986338562
796477735
3778455304
2251624821
2855069438
389567731
3951659108
338766625
3556818106
2105481087
1313943936
695331213
1286959158
625712331
1430011484
1811757241
3936353650
1767289047
687147768
3374433445
3745980526
3630161827
117289812
4087544145
2812237098
1345942831
1766593392
2393178813
1107744678
596934011
967165772
1901645033
637641698
2525807751
3971754728
795345877
968193502
3186939475
554195524
3525383041
3240479130
2372009695
493302112
1851992045
53467926
2683849259
1265978428
55192857
541501010
133596215
2309687000
3449474821
1458497358
822229251
4047011124
4226709937
2986023434
2704520335
1805749072
1872714013
3699866246
618791643
874106156
4134820169
2545288386
2972643303
547397320
688727605
237663422
156436403
1323113508
3658361825
21382778
4071200319
2428117312
3255604813
2351216118
2205984651
3032631836
3560591737
4166434610
3633383319
2252075704
1741818213
3764330030
1030898275
553989908
574827025
2616086250
2474550255
4113560368
1310580605
2984152422
2209560635
2522727180
180295081
3421492642
3342322503
853279400
2159835285
1749279646
2460674323
1316998660
118518849
1150956378
4029537695
490864928
3842389165
1061945558
2486220011
2577086460
484812249
705185810
2029927159
849333912
1801417669
3394225422
1292368835
2916868340
1740180081
61928394
2146583375
2565819152
1891145181
3888386118
2053119387
1726589164
3528524297
669456002
1283413671
359028360
1343093493
616153726
3746855539
4117262308
4189345
2539229242
1959187711
4093038848
602407693
2422062006
40661579
2121799132
1734617657
1217609970
3004571223
3738081912
3084586533
4286110702
2602263843
2872343252
2573736657
3816491178
1801884335
2782368496
2852617277
3220177702
2940252923
674594508
3175226985
3973302114
3772617223
4130839144
3164187989
3158577502
1621605331
353305028
951358721
1639734554
457997407
30445792
1464467821
252831382
1787289515
1674634172
2311970457
3274680786
2091954615
381703768
953997445
110256846
1325694595
679937204
1349016369
2441383306
112431631
652266192
1487049373
2551866886
883751003
3636020396
2276092617
938338370
1344961895
1061670472
4160196533
1134219326
1945939251
2062255012
4018564449
1744476666
714527679
4022812864
3821285325
1730183542
3571121419
3323830684
2788868857
3843392178
4154848535
2725052984
3858551525
39082414
2082162659
827031188
4057058193
3221586538
2930852207
3808621232
1730271485
3925555430
2298277307
4075616908
966911785
40728866
2453543111
2525950504
1069523477
1802895134
1655393939
4034262404
801994177
3393996506
2508053279
584245408
3119418925
1614908502
3049114219
2648067964
717412185
3581725586
1909319799
2244779544
3268607301
2977349774
565690691
3438930036
2931583985
2100684618
1815584975
1563822736
1276989277
1263172550
2525532955
1833476204
658543497
562723330
3404751911
3724871176
3716801653
2156764670
1644929011
992368484
3500256801
82404282
4208562815
3152769152
1449204877
3727492918
3985131467
1601367388
3514702777
2543682674
1694534615
14100984
3740751781
1857132398
724691619
4278862420
2218802257
860732458
4095651887
3564245616
170718653
1841311398
3014125691
3125032524
4036915177
1182591714
1243176839
866257384
653154005
1805233374
2473959763
477407556
1964709505
4027183258
2776758751
2550722656
3249789677
3768250902
3365041451
4218125116
2693042201
179285330
1997922103
2407835096
1442963973
817684046
1877066755
3337915444
997538993
2827288842
2805886863
1135544912
803785757
521425286
2729635291
3361193004
2178120777
4269591490
2341538535
4049468872
2105866549
2974952382
71389875
1373170468
2354163425
3219516794
2353991999
1344495680
2424228173
2202225910
4281619083
3728210204
3924702329
3924510258
2045108887
3922530744
1334484069
2320536878
3005173091
540067348
1769172241
4279481834
2456739567
1642394160
3622359677
1224664166
2449580859
33239564
318224553
2999065762
925853255
2905661864
1323682709
1919883934
2915480595
2496339204
1365079873
78994010
1377360031
959627296
3814320045
4259190742
3049644011
4031801084
1272121561
3431485202
1799919095
61369752
4280911557
2854534158
2755823299
37154804
1867697521
3039943370
1854406223
2718681616
2831485149
4046972742
468453531
1302763500
673391881
2827279746
550269351
957527432
346607093
1806203262
1969079667
2596486884
3411439521
2863675194
1169641471
1680805888
1725773325
2753778358
2090802507
2519516380
2957708601
633260018
1964374359
219068792
2759237925
1525764846
3735253027
1618938324
2049662417
2769776554
2690764207
857444848
3574951741
964123174
1187651067
231861708
2439889257
16584290
1212165383
2734389608
1415970901
4122363998
744392403
356077764
3444873217
4195255322
1644328799
2651869152
1403040877
3855285654
1343752875
2957316796
1299071385
1153872082
3978693815
1912075608
2332683141
57563598
3919186307
713102260
2199199281
83653770
953437455
805328
460457373
1601518854
2230575963
552940460
1794084297
3110252354
3647117415
887303496
2679464629
89163582
2418079795
2980401828
4134531169
2533900538
1305628351
1875804096
1849451213
1317869686
2559092747
2601603228
2773788153
1423444402
1431359511
3663470904
175859173
2790510766
947802851
1270156692
1328025233
1729685866
4105665647
2950033840
3329412093
3169423334
3032570043
3783813516
482380329
2867707938
738964423
1958859048
2486105365
724514334
1241323923
427771012
2982181057
2178248154
1543427615
509714336
122175789
2250351446
709424491
789151356
2249603673
1563087506
1533952887
708001048
2254639173
3797530510
715672643
2878535540
1870409457
3114585674
1021533135
2775615888
2897199709
3347862214
545947163
637767532
1526249097
2329297154
3289612071
613377288
3681204085
2483705086
4014664435
4064224868
912142625
380504762
2338327935
2864820096
4217130893
1346412086
1169224395
3232078940
164298425
1089932146
3646318295
2171947256
1851320997
4063759982
191886755
764596564
1093238609
1188569898
640674607
4292088176
817948861
286623142
2124895099
1088333132
632296169
3931386338
1364327047
1111746792
721463765
144303070
23227475
3713857604
2271287681
231348122
2261644511
3521556320
3004206573
2359429398
2534973483
543009340
2525688601
3212096594
3571530295
1008354520
1039463685
2896614734
304959235
2972490548
3980918705
3035293706
1903504015
2583202128
1094598429
1195190406
4050639067
9546540
3372130121
916427458
2946442727
131554504
1149815861
3986023102
3986398643
2018556452
1944138209
2069992570
2770373695
214474560
587005005
922608630
920124811
2594809884
3731756921
1943784754
2145828247
4061802680
2093952869
2220756014
1647859811
299390228
1760538641
102046954
2341149167
181793072
1488962941
867908454
121376315
2945753356
3707526057
3102761890
3872588103
3946954920
4120583829
1136021918
223248147
1553099780
2532735553
3484189018
3912225695
2422177568
3417938605
1728851670
2840005355
4160853500
3750521817
3580122642
943649015
2003635352
3196033477
2283123470
183046595
655228660
1966641265
2559492554
2370419023
2774812944
2111667165
3158818374
3127112603
341804780
1170294793
2524882050
717589671
2658866312
399483125
2813538430
2782072947
530189796
1471738529
3605192250
30657279
1302548224
3118360845
1350887862
3736979531
2094887900
3825070137
927354610
2277626967
3691698296
2728277029
1652935150
127367971
3292895444
2671419601
646960810
998836399
2023461104
1127178813
3801788710
1899989243
1902795980
862282857
3498202466
3679373319
259741800
2428392277
1380220766
3900789203
1390387140
3913325313
3107760922
1239708255
4052487904
2248370029
1126175894
865351083
3920970172
2178589849
3367614418
608659383
1810601048
3569548933
1516654798
1067160707
3103204020
1074651441
3327155082
119605263
1332988112
3343743133
3295417350
4263956059
2234327724
570470601
1144223298
2219225959
1748667464
1375679925
404897342
4071703347
2212176292
1252356961
4210157562
3359230399
3843145408
1421907405
2861936502
1881297675
2063663004
2604304633
2499186866
4020742935
2936487992
210106597
1383024558
2253217251
3499793556
2093633937
3926413418
216643439
2967793840
3033513725
2608064230
2675033019
2317342860
3651874089
2865366818
3716501191
246460456
1495943189
1778674974
3451577491
1006932868
1191148481
2084213978
799789343
1294753440
3601724461
245217878
3368034411
3912805756
1580571993
2201278866
4156202615
1767234584
226435909
3378032270
2600785731
3534227060
1183314417
1609545034
364582607
3756460176
1112421725
3177851334
4286081307
918191724
1853675913
2575173634
3403848231
2765472776
2950138485
1419971582
1861629427
13890916
1969665057
2035200442
3742533759
181661312
1214481037
317732150
3720715723
1758743388
1155785145
1454150258
1985495511
2597283832
2806414757
3654976878
689569955
2190958676
1516159569
1379830314
2523735599
3681685616
845208509
2617695398
882032251
3178566732
1083028969
2173139170
1547081095
144820200
1805581525
2159418078
3082499923
1405175620
955456641
2321956506
3779456991
3137367648
1920549101
2001018902
3146435371
2857097532
358438425
2929048402
3512243511
2137777112
3044280325
984403022
3353664003
2682300980
1097253553
1194118922
2950161807
1585317968
3550458397
3305242502
3239625691
3435633196
4227187273
2954779074
3445178599
1410120648
2920849205
854956478
1969350835
2990836004
3233592545
2746825594
3978168127
3064585792
2844208973
391412470
3664226443
3658962716
3787061881
103306290
2593364119
2401456056
530563685
1049068334
4206715747
3858490388
1354232593
552764394
785601775
3758288944
10664061
3792933478
2472704315
2401898508
2563571369
1316661922
2250415175
3708723112
2765910421
1276741790
1631734291
2513812228
131824961
360687706
1702022815
315112992
3458551213
3939911126
515126763
2695808252
135384793
3030146322
2413906935
2112727960
3647057093
3559041550
821796035
207687156
2842317681
499624138
2352444495
2465777680
536997597
3102971206
96984731
2870244844
1529572105
1641311106
443197351
899642248
2307027957
1222240126
548690803
1944902884
3580327329
2347861306
1495025151
2689830400
1290509325
92438710
3637015371
579478236
847041337
3978941938
2602151767
1002633080
3797010213
2251702510
3321333283
3330811860
949347281
3622059434
3973858223
1717014512
609572157
727320614
3735090171
1123994572
3542681449
3412302946
1242129159
733427560
2711791189
1106163294
1158683859
3187797700
3162021377
256299546
2196925791
3963866592
510794349
2534484886
3304874155
2191548
1460864921
3205021394
3524575927
4103811928
1174933893
2071611342
17375107
3286839732
3075646513
1166033546
563725071
85411792
2352278429
922675974
1346746715
4116779436
3705525193
1214266690
14077543
3377326920
1054148789
3960468798
1269665331
3784110244
472315489
62361338
1238189247
1066466752
3343960269
3946464886
195558923
1441574556
3085724665
359733170
1990886935
275668792
471632869
1990639278
361261283
2952539028
2864223377
3100882794
2806510191
3593465776
1647882749
4120526310
4178456251
3702736780
2690764841
1912753698
1454041543
1415286568
3199310613
2549457950
2649010067
1208345220
529170113
695974874
3229928479
2670927264
1478469421
1773523286
1092832107
3160661116
3810590809
3080380562
4138924407
859077400
2284271173
3597903246
583885379
842601844
1675605233
3759578186
2797523407
4237920144
1022928989
2632188102
3813823515
2406313324
2446130313
3179400962
2405283111
1322787592
2328911221
844612350
2433581299
1457833060
3183163169
2630572218
2784035711
3424791936
1836496269
2520501302
1707493579
1207892572
2999502009
1220417906
3959823575
1021675256
3116372133
2509831278
875563939
3994546004
4292871505
3313561898
4107690287
1464602480
1057803965
2123641766
2238327163
537363276
1899452649
2081865698
449261703
1992009448
415846357
1139691998
1719665235
1872860740
3117490049
3588122010
1693051615
1129721184
804123629
277100310
3857249835
2302019644
1291565337
1209188946
477884471
1232700120
3967752965
1255064398
1091069187
2198911284
1741784497
3477779978
308715663
2168424272
386737437
140695174
3249385179
486115628
1253631305
3673759938
2495568871
3321764552
3929305653
4050735294
1268003763
4021573668
2732865505
2834096762
340230719
1036459328
1411211853
2487685622
2581812107
2357265948
600956281
282123058
2045539223
2968022712
1744590181
684522030
749629027
2358997780
1355560465
3215715050
742887407
3513511728
4287736701
3288852838
3866420283
2428206860
1986634153
3814781346
3307091783
1922530984
2359936149
4221091742
1503794451
815073796
3557589057
1177472858
1994508703
2959932704
446496941
4181482710
3322765547
3663197180
4116918745
3660604434
573548279
120212120
2144321477
4266369294
3329894339
2721062132
1005065841
3034353610
458305359
1523140368
3207750109
1463512134
2920794523
29713644
2556530185
2055615106
2679882407
4001354376
2579580661
3206323838
2516690547
2277223396
1952577697
970730554
4220567807
1279249664
1342492429
857479094
448732747
1999819228
3418863161
3077135602
1595771479
473372280
2475776549
906147822
3385037091
1464252116
1983719121
689218730
1683717807
3964636912
2827438141
2209701670
1055809275
1921989324
2696456809
1637933922
1148190215
3887011432
3071474005
884272478
4060800979
1184906692
1996267777
1814886682
3173804127
2117569760
1290587501
1369326230
3025177515
3817447356
4246170265
2545141202
2794331575
4228305496
249111685
3601481422
3722619523
995573940
417556273
4069271946
943619599
284608208
2586336925
657310214
726705243
1636892844
3414619849
904463426
4279429479
1209879112
2520177589
4044991550
1259723059
3132800932
2599713121
559494650
2190262207
1867267264
4125948877
2155535734
454666507
466902428
728387321
1179098802
2589548823
4002512440
1765744357
2197435822
2519692259
3654924948
150132625
1132142186
1943154031
263646896
4272792829
995923174
1905695163
3376592524
2699326249
1888916770
1199342791
901934632
4106546709
620944158
1786411667
763572612
1801552321
4187546330
3196700447
74833056
3147651629
124381270
1131574891
2559249276
1155031897
1784473490
139940983
2010061336
643516741
2041224334
1912728899
3125159028
4152588273
2853798730
2683210959
3951560336
3434027869
3589920710
2081963803
538729580
4108918665
1726060034
3246706727
311853576
2622828661
2636675582
93375475
3832648548
1062976033
4045668282
2415623807
3735841920
2593515661
1243833142
2377315275
1311091036
2205788089
2267783282
3932157911
1471653368
3586499493
2507371374
3702658723
1611955796
1638746193
278878250
4050361391
1667370608
2261041597
683510438
556635259
1486221900
3886873577
1241646818
1023658887
2089911784
1652531925
3259140318
3182480723
553510212
972759681
1613925530
3250185695
1525148768
460236525
3361689110
3325239595
2904307516
1835408409
4226533714
1716210487
2319655384
320220677
1292679758
764932099
1253886004
2424850609
3175390474
1226922895
4064085584
998676509
2170531206
2737740251
3777460268
3846703177
657450946
3050403559
1303083464
685524277
2567505854
540180147
547366692
1247263457
4210854266
3399286079
2451594304
1388287309
500541686
625671819
2716251420
3568681081
64315954
3455143575
1198099896
2246371429
3006165294
2819324259
4122411540
2569828625
1380012522
870828783
3473993264
2240585341
1234714726
2960346939
2756242956
2782020777
3886233762
1405473351
2614910376
3707967381
3258185374
2792218643
483416324
730432321
3518625370
3447506079
1498266656
3777016749
37647318
1330809835
2499617532
3615528153
3055577874
2670330359
52619672
3788100293
1989187598
2070196931
3631950836
1555159409
3452794570
3935758927
3973432848
2339296477
119489350
1666430107
141710316
761508105
1351874946
1790500263
3105632648
2022447605
2054903166
3048927603
1258715876
1688763297
1352848186
2570140671
1097337856
4079616525
1230089910
1419888971
1792508124
3755907385
100983794
2211276119
1835480440
3864849701
3790286574
3271269411
1719748052
2284874193
2317421482
1376172463
4202925552
4291115837
1538045478
1109903867
4028344780
3423882601
54143586
2055379207
862123368
17779797
2593596510
2675028691
3703213252
1221370881
1072635930
2828165983
2540129248
1098088557
3804715414
2979051179
2213400252
2749877657
3267022034
1370716343
1915646296
1597388677
3690345934
2250782083
255938484
2495621681
1031016586
4212078863
1662141904
556257693
83400966
1061654363
3116167084
503060937
2093861698
788202599
3567823176
2284105397
2537513790
2699699251
4284780196
4144888929
3285638394
578304703
1682144192
278212301
3663164534
1316443147
3166178460
632566265
2541364658
179584023
963681592
602780133
3882462382
3091365603
1043548564
3346602641
4194207082
579364975
1299836336
3123615741
3703237606
3104507067
1070474636
187897385
377936930
1610227655
2732936488
727990549
2167149086
3816572307
3699146884
1518634177
1553074650
3652895263
1827969952
824642861
1471807318
2142085483
1840134780
3009136217
192605842
3701976951
656783640
404446277
587043726
950171715
1523528564
829635313
771254858
2974435279
2628945296
561090141
3635130054
2043292187
3636939628
3352380041
94199042
290974503
3759202568
342229877
85274878
2088769267
2574934628
709377313
3864569530
1295120767
846375808
4290845581
2661743158
93036235
1799903324
3874917049
2180327282
560321239
3678782712
727135909
1231678062
3533709731
3364687188
2949024593
2744762154
1009571631
4021554544
965260477
176349606
3084713851
1461739852
3555630825
1531530722
1928095367
170091752
2025977301
1806876638
1833801811
1473655876
3916506497
2573382554
2813714655
4055214944
1694194157
248931606
208227371
100558396
2795274009
975229010
1590076983
835240152
1496924421
2976297294
1033075459
3873756980
3951758257
2165998602
67638927
2708899152
1896614685
2683864198
362513627
156329772
4221774665
79867586
3767505383
3675576520
2584746037
2579283646
2738670003
889714212
3877060065
166211706
3223222335
2746587968
3580741709
603996150
748595595
172516380
610640761
1328933170
1185032599
1118219448
2841213797
1303111726
483689571
290361620
1507376145
1219672298
4122215919
3371298096
3264450941
3804534630
2707274299
3117571340
1460070313
3410067362
3793317191
1222458536
3320343189
267070878
4154829587
1250404356
1045595713
673258842
423870367
4251613984
1370515117
1977387734
1787016939
3231601148
3731486681
3094114834
3067108599
1641515160
793765317
2901511950
4290461123
2671917812
1002937457
3633995210
2852693327
958285072
3031910365
949951046
3581648795
2937799404
1244779529
1409138818
727840935
2239008904
1440935157
3941993598
803224691
2915912164
3594190497
1078295098
3791501055
1875659520
1717253389
3089319350
913339467
3984076764
2663480377
1224502002
3106488407
525554808
179601445
4193232366
1637852963
3828864212
2658118865
1795781290
1709044911
2163444976
1510944317
591400230
2555196667
2879658188
2235297897
539980130
2621518855
4275229800
2945949525
3818216286
4249124307
1884347332
1642637057
4203562778
4112801375
668142304
738603885
3129766038
1824317867
3511549372
2072260761
2954744786
2206520247
1192366168
1730103941
4217253070
2849620099
799497908
1525214513
2520250250
436990991
3949577424
1362314397
1079996422
1009416795
3991199404
71122121
2366542402
1083121511
1592789064
1151238581
1317083710
4247416627
2676645284
1618181985
1529906170
3650074047
242662080
1195991501
1758464886
1438711563
681032604
3603567865
2030611634
2008749847
3775642680
2083013861
334832558
734104035
3439909012
374037905
1281223786
1667933039
2138631344
3300625149
1236615910
2137747387
810914956
256751913
3553829666
1344518855
2344889384
2458883093
477186334
3102347411
1156697988
485722049
3261542618
3256335647
3366935200
3904684077
3399882326
2782186603
734882172
1588275545
183825810
597953143
825776152
2372366149
1114409614
649003843
64242292
1101987313
3685962058
2329019087
1639568
1799356765
351897030
2355631387
2842573420
981820809
162866178
785843751
2806464520
587388533
3659393022
2782618099
1711223140
2927673377
3966324154
2375316607
3077892736
3438825101
63344950
2102413771
2405893980
222260665
2837098098
1092070871
3079660536
3933522341
561799534
3321506979
394370132
439078481
4000327210
2233078319
3963751536
2270734269
2481207462
4185418363
195481676
1711030761
535598306
1820393863
259081192
2341488853
2956916446
626418515
69894980
4164102273
4050573978
3336428511
4156516960
1016335597
1407810582
1753970475
2212271420
681501209
1924257618
3052273975
805986264
4008203269
3889997902
553321987
1200154164
2832846513
2328652554
4078621071
2129396816
3885858333
3559742342
3371462619
2239190572
3184152137
3820058050
3304697063
1580873672
1842342709
1670149566
2226328755
485213476
2837627105
1169151866
2764829503
1653004864
203946829
382129910
1608406155
3047559964
1122076281
1660055602
2482963607
2459945912
39456357
1749376814
990482275
3479314452
3268476689
318775274
564936943
2936990768
3869672573
4287426150
1765025083
3243756556
3121056425
4265330338
538511431
1771707304
2002369941
1421763742
4249450003
2847602436
1013418305
3110356058
171358879
2361604640
2622233005
3289817558
3349209579
1295745276
975133401
1360296210
421705719
323495832
2556557509
292455950
58575043
3867494900
153706353
1162036426
161898575
799196176
1795930845
1538978118
3029306011
3854578156
516683529
4106454914
2444694439
1133047688
1640349685
2156708734
3027339123
2685409508
4179198369
2026119482
2247504383
3345779200
3650643981
4019248310
1881874251
4011122396
946888505
4031771122
2939231063
570127224
815272741
3994033390
1437577763
3228197844
3908759505
1003346346
1340157871
1872727024
3882164541
1248814118
4049510395
2502461388
4230976361
679524450
1504431879
972993384
4071354965
2142212702
3145943251
4049808068
4065372673
201813530
1390565727
528140768
1017439853
1223526294
2513767595
3148491964
3018625945
3487357650
3959566007
1790029656
1452563845
2766283726
4176956291
2357816756
2606608433
1826086538
1161080591
2583512016
1514846109
1231177478
3522782555
3993554348
2924109769
3601553730
3822008935
3606275912
4221850805
2262749502
265730611
2334928036
119865953
1466313466
1473458367
1575352768
3389625549
2615452278
3774261771
1332963996
1856763897
1525887922
2439901719
3580025656
2716784613
2023529134
2695664867
1985636244
627679377
2862175082
3866680943
2511596464
1314160125
4065040870
1958206139
2329478028
3711196201
410741282
3355006407
3764325160
1514596117
1725071390
2596526995
1457725060
3803089601
2602063834
664844319
128326048
308179757
3492687190
1709700971
3270023292
1992723545
3637181586
2370594167
2248603416
3057615429
1207402894
3962015299
2773832052
1479983345
592066634
3699752399
96174992
3659166813
4209204422
1676804123
2182162796
2097514633
3811109634
3389137191
1480171272
4163610997
2353176318
832744691
973078628
4228203297
1935013050
19066751
1572022656
842760589
3917621302
2768303307
2860627548
643059897
1822176626
4185229527
3700818680
1126063269
2376783982
1723873187
1022503764
3504148817
1629654314
2083736879
1225526128
2687802045
887197606
2516571515
1713979212
3453347049
132897762
3653344391
2088444648
3404372949
4293340638
2513120851
368759364
2520853377
3629580698
3476149983
1560619360
3526934509
127439638
2325324331
381076540
594363673
362733138
465656887
1963458264
69428997
1617862478
2278461699
1554576692
4168389041
1247433226
3327757455
2057143120
3476746525
2382246534
1832475355
1167672620
1539141961
872168642
319801319
3340474056
3558587957
1719151806
1955946419
3360396324
3229238241
508788346
681930303
3197376832
653143629
1713991158
1862926219
2483012124
1613326713
2936731442
1711792023
659876536
3236340069
1929041454
2997525091
535932692
68502033
556369642
1741716463
1902635824
566589309
267470182
3086389307
2866363148
4275318185
4036103586
3183780679
3994221224
559354005
11377566
1733902611
711607812
1439206465
4119030618
1347794335
4149737760
4042509485
1559017686
380243179
718581756
446741977
4028137490
1981879031
125093528
1291848645
336035086
917263299
2655279348
4107739761
2210933706
3111131983
3227730704
3731631581
3765618758
2962191771
2623611116
3677493769
2732936834
1303916199
3814280840
3425997557
2873064062
4084126323
298772452
4249093281
1780402234
890940671
944294144
2095160077
1603957686
2983316043
1605209564
3706405433
1811904754
367326807
1700762232
2282202661
776770542
1328266531
3944280788
2547135185
1819164842
3222301359
3062336240
3620148285
1094368038
4250667771
2628318924
1626289769
2351824738
1656908295
3571880552
4199302485
3739601246
2318275539
1341225412
704949505
3831338266
1909216351
1851689184
2739902829
4260011670
3705223083
855792572
2099312281
2448941522
992709047
3440201304
1570074757
1216486094
595646083
367492276
2250142513
827573642
747203087
1590477520
1819159197
2415992326
2964607067
2854796460
1277395657
3382976578
3367720295
749913672
3711313845
2958592062
2297365811
2991192996
455247201
678941178
1296214975
1116813504
3369453517
3818207606
2685949195
558569884
492428025
2906241714
130862359
108395064
3309398757
2237665710
3338903523
707262100
617866129
2226174570
1538464111
2150296240
2264494333
1182658790
1223706043
1062761100
2766602025
1417654562
2004545735
2427841064
2995403285
3494885150
956933779
38825348
3686108609
1453686490
3126178591
433641632
3725338157
3629270102
1877418603
587188092
732819289
3841786770
3382755447
361862680
3265500485
2745071758
957094211
793927796
2768929777
1958551370
1449490639
2644116112
2650859357
4201198534
2959600411
1387272300
3209800585
33075714
2463710247
3806854664
3286269045
2340640254
3486906355
92065636
1121306145
3944651706
1474128511
355297408
1602925709
3218718518
748527563
2895668572
1647653817
1014611058
4202652631
978854392
1699999653
4260712302
1693598371
685685332
64640081
1806758954
3514337327
4128377456
3021770173
1568335526
1030963323
1453829708
997951465
2202477282
1789802375
1094779368
1724968661
3400230110
1856764243
2101813572
4087033473
3189450906
1890701791
294053984
1441362669
2581834262
580111659
2928472892
3339167769
2464671058
1077983031
4039220696
3370809861
2333906510
571350019
373621812
173757617
801388810
767838095
2223702608
1474585629
1030424966
2993309147
968307756
92050505
1705182146
2060575463
96007624
4243820853
310371262
585345715
656892708
1562232545
64169338
4222282047
2816301120
1438671181
2183660790
169978507
2505404700
2889698425
2743041586
1824307863
4039510456
352269413
3721153838
867673443
4076682772
1302693137
3811503594
2015409903
4294765104
2750442109
2213649510
1034222395
1716955660
1433194665
306468002
1797013063
3326597544
4091569045
2209927838
3855944723
3163919620
3128266561
1283363418
2610999455
757643296
2141683629
2959003606
127875051
1231675132
2951618777
91784978
2110483959
777872792
2099912389
616330254
1229381315
3061802996
785442161
69800650
1768281679
3680485904
1054384349
918986566
2038128795
3271430124
2942582025
3462600066
258296231
1424338312
3308217845
3675140478
2631409011
4077500132
314214305
2220191546
2674599935
2992703488
2151075341
2017462966
2875487563
792870108
3157402937
738918386
2638532951
3649024376
1090730277
715459310
4262709283
1413710292
3673519569
1827317674
1718330799
1168869872
1530201917
2007110182
1816491515
2988795340
3816479081
3140961890
1736770823
3213521256
4135098453
1899495518
423943891
2080098500
956608513
4086283290
31608671
75384800
2416331885
1233368470
4056507051
659983036
119626137
1718544594
553706679
1579478360
2887943045
1446908366
3648414083
3150023604
1261123121
1403759754
2148148495
702038480
3080560029
2218521862
2287680347
306490284
231253449
3589859138
2673045607
1345201480
424934069
988692286
410210355
82037412
3429632097
1046837498
1776166591
2893576128
1940781773
2950811766
1126563851
2384382108
315866617
3755753906
2329389079
1682250040
371195365
2856290478
1321642723
3631318420
1149904529
1252270442
1931039855
786295216
2661966845
3058452454
2887037115
1037296012
2523243049
4158650402
245926855
2361968936
3411643669
3370708510
1136357779
926530692
940085441
1695458778
708226591
4014446496
2076563757
1393711958
1943162219
1007875708
2908836441
2676689554
2292259703
3487053080
3801327685
3311497102
3176965187
2446028660
1479165681
1074529866
2825991119
3082060176
3874708061
2206927558
566875675
189466476
829017737
3592714498
962352935
928144648
3055636341
1205865726
812991219
3094716004
3002222881
3284353722
1103357311
3454248832
2229659533
4140652086
3290843851
2242581596
4041348793
2293449586
4097130199
3235266808
2165670565
3797665390
1888505251
3410446676
3810760529
2115722026
887735087
3813935472
4077945021
2108702118
2681383803
3441565004
3740084969
33450466
3477525127
1304617192
2403549653
2156633054
1610138707
705654852
1078014337
314265498
1532873951
88385376
4154861037
2060108054
3766089771
996090428
1131285273
1519184978
3547075127
2469870808
1832750341
3622210894
2679744259
1683821364
244193201
2869567498
3646620303
2360639824
2979649309
1383325830
1216819419
1372660524
3943151433
3903179458
2889874919
168973512
408380469
3617823422
1067316659
696201764
2936883681
1714343034
3453772863
241342272
3365835853
3670186998
3777320331
2846302236
1461530489
2958034226
1478333847
3740477624
782485349
414827566
1848684643
948227348
3481389073
3373290730
43839983
1255008560
2636602749
3415077734
2856281659
3822065932
3989926825
3545406370
3625965895
3795368104
519419541
1306528158
683464467
1346167812
2590937665
777369946
2618796959
506820384
2020029101
778888918
1249927915
2566589948
705135577
20221458
3760310519
2013398168
1491087813
3012389646
3947719107
523663092
3877021809
912652746
3381104975
1889026320
3159430109
3468064326
3209907099
1234632428
3412221961
3879525506
2260624551
2284719240
2092316917
2147018878
1621977203
868255204
1769802401
929568314
1961337599
632637184
328728845
2843845046
216211531
1305668572
105187385
2691860210
4115704919
1851510904
2341129253
1394180590
308794147
3957985492
3798251729
2906853034
4076003503
218859760
2712599101
1571121446
3994738939
3315455180
3016916073
631016802
401842183
3924447336
389081941
2795911006
415738323
1703024580
1330688769
2845696794
3005499999
3520726752
852033389
2612579478
2225442219
2292627900
2179841177
3175215058
1300381623
234392664
1916507781
1041631438
3403148419
1847040692
444856625
1138725770
4021739535
3944726736
1809387677
2517814278
149825115
375167660
590989513
1806282306
395807591
828736584
3757952437
2527065662
1852021555
1928960420
1258392417
154083322
1571135935
2342237888
4203883981
1892312950
2048895755
2246997916
2132386041
1658505394
3398337303
3738187832
3297415397
1463484334
3891639779
1899435156
3029100945
1819510890
3702230895
2446125232
3311884029
2981535462
1311054779
1984647308
3786425641
1922842402
1031939783
3298273320
3568623637
3231589662
1792621715
3852405636
665293761
911461594
658745631
2012370592
462130221
2960028246
564754539
4263650684
736146777
2020938130
2051896951
2765804568
1175436101
490759822
689516355
3166731892
2710964721
4114017610
2192109263
1141571728
3841051997
105439686
1746387227
2615277164
55439753
3484172290
1837855271
1165540360
4277019253
827900926
58756595
1122659684
2086325281
1833167290
1859543167
2010506880
3528268429
4267502902
463140299
632931164
39516601
3242773106
2526484951
1611685880
3328382373
2866691438
966416547
338417748
2662914641
140624426
1451687471
13764720
2366665661
92378278
1830688379
3113782348
3895119337
4094800098
3079368071
2449522664
1950454997
2441597662
431066963
206815044
2889036929
1178039962
1060489183
675178080
3882801389
441309206
1951146795
2905428284
3365957145
3700290386
2235788599
1281940440
555524101
3066856526
2966499843
921772596
890034865
741082890
2031992207
2199519312
207309341
1025030022
3750763483
2112295468
1012849225
755274178
1465522407
3290936264
1447507765
635654590
2059681971
3209888036
3863530721
3043390330
1329192767
3793999424
2944976717
3757650678
2752839819
3237269276
2429096569
1165790258
3626659991
3789309880
1037326949
2479045422
303414115
3767032852
3114928913
1120779242
3074764015
1104865328
1030377597
1455835750
2915422523
323323916
4160886441
2747064994
3033494599
837130152
3533113749
3475194014
3759186451
3579851524
632526145
185131098
29009567
3128833568
187884973
1192689110
2404224491
159923452
3102533337
1397527826
1294214135
3563234200
270681285
813326862
3435132099
3362358772
1302883185
2323570890
2312457295
1879883792
2262140637
406998342
840382107
539749868
1596752649
1567794050
1673756583
1832020872
583601141
167747454
4008620915
3287504100
831229345
4082548026
1703943679
2185594368
1728394253
1667184822
2253245259
2875169500
3944999737
959843826
3456665431
334753656
2543738661
397015278
1009245731
2718736340
3726638033
2641851818
363207599
4238837744
3677678909
1665450022
853298171
3339862988
32907113
996004962
604912391
1141256040
2356493909
4012928606
951481555
4236535492
2632496641
1988626970
898778463
3329344992
3147281005
1686758294
1164818603
1190324412
495329177
108066514
1890556599
3431476056
3756042629
1879703502
2812639107
485075380
606649393
1911519882
730831631
2460172240
3105915805
897950470
3798798683
2792393132
3161910217
4206261570
3783763559
3227050824
1630773429
862825790
985654835
3968559268
3336769121
4174694138
3633913023
3489330624
2374131917
2521759350
4110767627
4172949148
2452325369
2788511666
1995529751
1712805688
8463333
4233262766
1116782819
3833111444
2765794449
1511976810
1214892655
2566383536
724584957
2830956006
3743516347
3636379532
3066488873
884246050
3020407239
673351464
4271649557
661609502
1583548307
4253047428
3667039937
980743130
1635558431
2748913056
3982311213
1617332566
694985579
1496142972
3609991257
3753580690
1319489911
2224648984
488099397
456875406
742505027
2687602036
2974665969
71160906
2500635087
849182608
3355197533
4070750406
860990491
4101301612
1694373001
1586497282
3748039975
4250606344
3460756853
3085794046
4176992499
2497395812
3473887009
1470140602
2400508799
50603392
2009091469
1183351862
3808141515
2093249116
3332365497
1446662514
2443506903
134643448
1698474149
3346838638
1880122275
4086064980
1721376081
2055481642
3864017199
1049364336
2988205757
1693379494
1431667067
202046284
2268360937
3380672482
3548121223
4261060328
1170991061
1839204830
1272339027
336858692
1735473025
3364855194
3426337503
1785996640
1430490093
3899453206
2383040043
4093083708
2258555161
2297100882
96913463
206994136
344437509
2546891598
89439491
2114007348
2916588977
589950474
3171711119
1471905616
2552806685
1834585734
663029467
2918777132
696384841
2730449090
740307943
603525832
3871541813
1832847550
2220264371
3634548772
852512737
1635392122
801331775
320935232
981400141
30132726
49326987
3409870364
2302735737
3540325170
2632141719
3917571768
1922100581
3202921006
3479619171
3674729236
1008619025
3227984618
1176070127
3575899952
3032040317
2509939046
4164435003
3837196044
2751379881
4085459362
2972389191
2773382824
1053056149
2005039006
3150998803
1006600708
2353305665
1385695066
2089394591
4060280096
1745524909
1784485078
2248587499
2333174780
2359183833
1807784978
1959952119
863978136
3538966469
193157390
2644410307
2719519988
2458267249
1886635978
1515128655
3384622864
3462789597
2204771398
2177311131
918346988
2596447753
2701421186
1450482343
4092775048
3882344181
3911341694
4154195571
2476876772
2598768801
673276986
560240895
3088172288
2860410637
366530486
3349444171
937970140
2597244473
1716884722
3614204503
3125284472
2503864869
3897978862
726919459
1722494676
4263984849
2911362218
2122667695
75466480
935780413
4169144102
3934893819
2793583308
4259693161
1820007266
1003804167
3185446504
2252706133
3134629214
688996307
822261188
1372371201
3394122010
959201375
3527771360
1517446509
334953110
3827426219
1379604412
166363801
2986081746
982054327
2312358488
621919365
1545205454
534708867
3090659508
2551807793
1306222986
3818149391
274906832
3480483485
3532945926
3302489179
2994763948
159387337
4078910530
2904801639
3976741448
3438638005
2169988158
763900211
1637431204
1880133985
2102816250
2327353279
1771451584
1551799245
2423231862
1675034891
3598833052
2080990969
434886322
1073756439
3927602744
4194547429
159772078
244829155
573977236
1165291409
2208716394
1716782447
878634672
343293
190794982
252309947
1429089932
1168739113
2921909538
574184647
2808702504
2031060501
1834783518
3461927571
1860020612
2160695745
3782351578
2296487711
1660671136
557511213
3539640406
991678059
1026851708
3745741657
1163730834
3047828599
1595150872
2544623941
793924750
1993753923
740203636
3075575793
3709909834
2409391311
1936457360
3222451037
3097006022
863475483
84137068
2256156553
4073704962
1055762471
1324972552
1412155509
1268658686
3235587059
2655521636
3675247137
4074321850
1384076927
1601070208
2772402317
1062214454
3393735627
2060132700
1840299961
3079133298
2506018775
2830671352
2376219557
2822187886
3287445155
1500051028
1791451217
1149407274
2487579695
2357331568
2452904381
200819366
142142587
3027855948
3960083433
4065083106
3541607303
2175827432
870464213
2228502750
2791777619
827350340
2717596289
163824794
2993274335
3152405600
1898200813
1428686358
3719592235
4290621244
2909352985
3483631954
83239735
3271563736
2004796933
3941364302
1296320515
697122868
2834194609
251146
1428632463
4204330576
2231513117
1396073862
3496341979
3523670060
3799064649
3117817794
3667021543
428241352
4190821685
498515902
206886579
1701748516
3299070689
3664363898
528012607
2438616128
2575379789
2956615926
2914539147
3095670044
1887754361
3370752562
1447569047
3856827832
4242112613
170535214
1445187939
402881044
2262733073
2984020458
1595515631
4104709680
856962685
4161468518
966174523
1210344972
566713513
849703074
2100472391
745756072
2474487701
3070078622
1811691539
1947914500
4263615297
1963142746
3162807455
3032724512
3203287981
138357718
3735806955
227973884
3575360729
3130041106
120379895
2237129112
3511315141
3030929422
233376451
2621678580
3853513073
1480896202
3941909071
1839840784
3271716061
2150497094
1583549595
2101988332
2921646345
569520514
248624551
208611720
4203917813
2371947902
716523891
2462905060
3582759841
1170737978
1483019263
3071935488
235117069
820930230
2162630987
3815569628
1162195257
2547063794
3246144855
1364733304
3026814245
891217646
2414605347
700825044
1920631249
1299465130
3717239215
345212400
3882144573
2371317286
3307414011
1408180684
3617678697
687104610
256340231
1198648680
883024981
2040061022
2581072595
4076668100
2650586113
351295514
1844591455
3847570400
1062803565
436212118
281153195
2592032444
1998251417
803407058
1527664823
903571800
1909378949
1917185486
3817115011
805423028
2790670897
1201883274
3351580943
1415462352
3738397085
3711914246
1613686619
713844652
978661833
3303277378
711711847
2809373000
1396917941
4032633662
4139547699
3257075364
1988760673
112465146
604246719
1215132608
2542192333
3475778678
1989454859
256214172
1823689209
771644850
3585807383
1524208952
3776072165
4006962350
4228568803
443531668
3327865489
1493810538
3865722991
1409410480
1944465405
1235067878
2380160187
3684277644
3193450025
1324946466
941029319
845956392
1947130133
40225310
1790614931
699857028
1246534849
2605400538
1299356191
2774176672
3877938477
2016065366
112654699
2587341436
1948704345
425404050
1599768439
608874776
3855348805
3380956046
3101085763
1351068532
3819000561
4024410698
576200655
4134960528
4248118877
3358222022
411664923
3180249964
2546096777
4234908930
1008780071
710138120
3231488885
1550510334
187330291
1328601700
3495712033
2934824634
1763037567
2098504576
2328540045
1488171574
2172712651
265146460
663593657
1429299058
1371843287
841399544
1871957669
3171787374
3846207907
901875028
3678446417
3596416810
275164975
3669230960
1566067901
1788713382
914904955
2732841292
1185658601
3732112866
1717649031
220355816
1854180821
1193572318
3647205459
1409854532
2345745793
2043931546
2714089695
211002208
1796272621
3497991446
323658795
3229605436
1828689689
548997202
852590135
1617279192
2046941445
539388238
949998339
697650996
1448158129
851033098
4050513551
1538424144
48735005
1588542598
2318589147
3658538796
2536260425
3796428482
313551335
2496647368
3210653749
2806675134
3267305907
1438019108
3418576353
2419419258
3462025279
1288672064
4237254733
1531246582
1416364427
2026232860
1989458809
2536120626
3025731991
3338642616
212734821
3850870830
1447877731
2272987412
3387610129
2267934954
2990923247
2422859056
3900385661
3994505062
568398395
764269836
2707161001
3508778914
3370534215
3075749032
12780181
4254393758
2694054675
1840390148
2873794113
3796522330
1907070879
4072698656
1071513261
2428322518
1228738283
2165819900
3261403097
2948377106
3023254775
3119284376
993033669
2615756558
3449787843
2800399092
1998959729
2985399754
3955653967
1272069392
2494226397
2123223622
2011887515
3822238444
3377654793
1346107522
1020973223
2795997320
2353628405
1723581566
