475049939
3252381124
854436097
3365560602
774549599
2479961312
111826285
2356030102
793727915
774490044
2133422745
701378002
3210044855
2899671640
3360140421
2474059470
3233444483
1107060916
624324401
1878233482
4058957327
3281678032
1231546013
2778180102
1898015835
2765826220
2855993033
138243138
1993093479
926282312
4117193653
1690342462
1392484659
3477727140
2552856929
3862601210
2037319615
695854272
53380045
2432615798
675049739
709395868
390092537
1331037874
4119111959
3597936184
3870402277
3422231982
1336622051
517137044
3079266193
374769258
3160831343
3689846448
4067503357
3430579430
1653301691
358669964
1784445737
1189018914
714722503
1894716968
687437333
31310622
2181579411
1701206404
2883226049
1089358554
2370834207
2369225888
1046667821
2812399702
1421426283
886256508
3698486105
1147096978
937860215
12960280
3385971013
1222608014
3022107971
1200835700
3395190769
1818815306
1231475919
2069081744
2801181533
3016474566
170985243
3205399660
1797597065
454950402
570824743
2211916296
2274211957
1563910654
1589810163
3383278436
3306734113
3572328378
2292565631
1610749056
3034542221
873417526
354270155
1111609692
148352953
2351040626
2152939479
3955379704
20982693
3839646574
1500896931
1068869204
3670822993
1549975594
3452429359
1623307888
3918547389
2370007718
1047157883
2489064012
3433890793
3056758498
753472391
233188840
3871091413
3750064350
2324075859
1032392004
117189249
4201641114
910699999
4275147872
4013698797
3053401622
901900587
3272367932
579347481
2245407058
4104295223
2472659416
680834565
380215886
2533341187
2259808308
837505201
746325258
711041935
120630864
3369476125
2795083142
1099915739
63021100
4211871817
626282434
1192935143
3910410696
672976181
2373971902
2460763827
4269756196
1620886241
1705898362
219104575
2191393856
34676045
3374944502
4009608843
2745883932
4221290617
1823722034
3870070423
798766520
3882315877
4043266350
2954314083
2550147604
3839066385
2129443306
3960214255
2778240560
3747620477
1770399846
3254261563
4155971084
2925153449
1371250850
2557680199
727254440
960995221
132046494
4035684371
1174634756
2366802753
652172890
802360479
3227477024
2381724589
625368022
3844690923
1284852476
2989137113
1475531538
3561572855
879333784
4048575173
580222990
3558111939
3944240116
3567051121
1374478026
1268724303
787574288
1405508829
1539386182
3657202843
3602152428
3937384713
10510722
1959404967
648862088
332702197
2337947006
159168883
1234019044
326468513
2856074042
1835762687
1225634816
3213068813
2651690678
681349451
2722343132
2957812025
986401778
1733340503
1371659640
99054885
4129560302
508519459
4084362708
2925490641
4290016170
770900399
1379087856
3634414397
520265254
267686395
2201080268
2381161
3543831138
1542971655
1762106728
3176911957
4037676126
785873619
982889668
1188932609
3086780442
1085320031
1772155872
1330710637
590823830
900693675
86898364
2887374233
3832886482
1973076151
1939675480
4039425925
1382227406
2518678915
545683380
3946000945
1048279178
601850127
2052451792
2894551453
1895989510
1446532955
1537677228
2328895945
1187132226
4191439975
3160494408
1198864053
2894482238
2650008627
1184085668
1180894305
1951941882
3497689791
722543552
2180429517
3229310070
4105837579
1372337308
2812951033
2657714
16745495
3253945656
2306882021
3121255598
786319075
3721163156
3492815505
544861546
1782362223
3461453232
2584879101
729338854
186633403
982273420
1925914153
3027190818
641165255
649196840
3484993813
3483826718
2150239635
2533337220
4246572225
1602712026
4020308511
1381385120
671913261
2643584854
3121899883
3767951996
4044738137
354244242
928446327
2696700184
3014779973
1272085390
3353493571
2461817716
1852719857
333959754
3923939279
824061328
4158199389
1142789830
4177719835
1985573740
3962391177
1366934786
3841536807
3924920584
2143193973
113514750
3939622643
1364298340
572867873
1438781114
486293887
1617449856
2653594509
4264747574
1175873227
2248441948
578065081
2257293170
1920539351
2951769336
1592901285
3262304878
746842531
2731423060
2735051601
3808241450
933830447
1102296432
2826190013
3433613734
1446627195
3783690572
1997448937
790214114
1710337671
2216168680
2367585749
2593499102
3745734739
2533448772
949104001
2403343258
2204379359
2453623648
3437814253
1108757782
3306689579
2458816060
568231705
2477471826
943582775
3414649048
2262288645
1956878670
337330947
1836711732
386798513
3018976266
2489867919
1527393616
444306205
4073876614
3306966235
3398143788
3750179657
981931714
83417575
2937946312
963682357
1876141758
1255575987
2240224804
2407286241
2688129146
4189110335
3771941696
685723725
3841206262
3480318347
3534523420
560704377
1471435058
981299607
192500920
855376741
1427951662
570444899
1312274708
1067435025
150872298
3975695855
2484704560
1216813437
5406566
1409450555
4225795340
1034874793
1023010722
1239856455
1626989736
3528258197
120984990
115569427
911921156
1107004993
2028373338
45746079
18621216
2997218989
2122609366
1769635563
2396420604
2670985177
3386825234
1460643063
3284021400
1995861445
4069947150
3851093443
2625594100
1574085745
3227108810
3660639567
3218730256
3106852829
1524695622
2101634971
3153947372
4120763401
3685361794
3901964455
3416602760
2974512373
2104816766
3636593779
3203690980
925370017
1702814266
3445096191
1678897920
4141137165
3263114678
59456587
2340706268
1699710009
3177370354
2546763863
2219703416
1918830629
2009632238
3658706723
2882075860
2126427345
339532458
2699705519
1833121008
2131408445
2218128678
658111739
3445244108
3077306473
2546981218
3235281927
1561820264
1006905173
2336768862
1909081555
818676676
572108545
238726938
878880351
917287648
235125613
2157729942
2046536107
154019260
2312517785
3782753234
848042935
421574744
1355666053
2875921614
1727105155
3414984372
2071721265
2598330250
838614031
3880611024
951241885
436819974
2755347035
1852769964
2133935305
3466787394
3733481319
3209211976
3826190773
2238186046
1867790131
2572780964
2179499873
2001857530
3199335871
1642357440
2630543821
2761159542
354666251
3293307804
1860181241
3243709618
2300993303
2318296120
1239076069
4030073774
3749532131
1195507860
4179781009
1182356586
708766575
888181936
280957693
3591580390
2996844475
1504951436
2500182313
3109784354
2038497991
3627078696
654580757
1552691486
1521997971
34928516
2712440769
16554202
2669544735
2326856352
3552725037
907935318
2304480363
4116025724
3263508825
3291962770
695423607
460259352
2703095621
1155625614
2198784835
1717660276
1758070257
1698871626
3532278479
421833872
3183970653
2383113670
2093014299
3315622508
2365681033
1831963650
4120399399
3385321480
2390449781
2641154046
2840406515
1886804324
2558380065
1735570874
3028204671
302682752
1870780045
1492285750
4143649227
1354968924
2128442809
760288882
3444241879
1289391096
2788118949
1143294318
2097018019
1818412116
126539345
2708704810
532044335
316781680
2187603901
866787494
2566206075
1689057356
1195133417
3680304354
3802548615
4060474344
2953629909
1891753694
3161205587
3858082628
1232351361
3270263450
2309759967
350818912
3097597165
1288266774
3931782955
118275388
3925928473
467418962
1518684471
3664316376
3030834181
616140878
3835874819
2562592308
3732723377
21222154
2996509071
1562356816
757925405
3567731590
160774107
1699839532
4023277129
3507871170
4236440807
3940736968
760247093
2604883390
3782007987
1611328804
1671940321
2275491706
1434336063
1816429120
2209973069
1834663670
1540430987
3299490588
2517077625
2333136946
3808054423
3155325880
874288741
3109439278
3176486755
652953620
3266840337
3874195434
3624962287
4007040048
414846077
2595935846
1022946619
1912992780
4275016361
4153683618
721834055
2320941992
3017688469
2108247198
1369914899
3626901252
1647350081
2244586586
4207739551
2903826976
828481965
845056470
2948049387
2987632892
1628005081
1378279698
2759983095
634310552
2552791237
1890807310
4134375619
1315074548
1431594865
279096522
2297342031
2063494160
732119773
3416054086
225989275
2973915628
945291017
3557814146
2181585831
3797522312
4249765877
346794878
846417779
1138180324
2351335841
3919415610
141588991
676475392
2922508301
797754550
3060131659
1942030044
1964926777
609638898
150233943
2274761592
1617074981
1435043054
1799584291
1117490132
57276369
2560704938
1779267503
1888433136
3632310589
3372567590
3245041659
3313414092
2894044009
3351322722
1096881927
1088641896
3476585045
4177689182
2502496467
2491306692
4104237569
995415578
3108020575
3941888480
1925344877
345862038
2889077931
707417276
1214159769
2430026450
2787735223
2371901272
409134469
244255694
3811513219
856593844
101759025
4112467594
3427071759
4202752976
501890973
279719686
187313499
3442668972
3076417481
266322242
3572007527
803999560
4214545589
1600502078
1998619187
3080410276
2059012705
1596429050
4095047871
3186860480
2209029325
2907212406
964260363
1908904604
2632056825
48339890
1039743511
522552120
1472290789
3732767406
294149347
1261670292
1650501777
4166302570
2892834415
4291531696
2256012797
1011450342
151823035
1658268556
17589289
3315847714
3564543431
1969992488
1591439125
411920414
3249644435
2527479428
3381105345
2504900570
1271332895
642236832
1904474925
3779466582
1921957739
1662042236
2160104537
3249366162
3191582071
1625136920
3256224325
2752276878
2510771779
2994895220
3916548337
3497631818
3009283535
593963920
683801693
26559686
1164625947
2632143212
2107740297
3729085186
65235239
324683528
3821285749
2435942142
1244951795
387393636
1478642465
2046778554
4281153407
1692979584
1491405197
3025014838
3620453579
2457722460
1309825209
4034043250
1086902487
2994776824
116974757
3656630382
4209246115
2356368212
945559889
130413866
904893743
3293295472
2808095421
843544486
3063717243
231696204
1832250601
721175522
1392960647
1202703080
2139562965
3523876318
3523278419
442890820
1772237697
91515290
4179631839
1993265504
3798353901
1176009494
1435003435
277277756
2867809561
2389263954
192455735
2953225944
3791777541
2532017998
3096860931
4169014580
3090651569
2222045706
888788111
4252052304
820672797
3155696262
3204063963
3289607468
1541503305
1493214402
3719892967
2355379912
867976757
2144277694
107947955
2114632740
220154849
2347034234
3497506367
351387968
1117763149
3529332214
1142736779
1772349980
2305782137
1992908594
2418222999
828871352
449390949
2376842798
840327779
303748884
2652654097
2293559018
1565836271
2781844272
2147024765
2831101286
752572475
1244095244
565982633
4052383138
3956403015
2540675752
234592405
3677914014
2161576211
461204996
498177089
3179860826
3356229023
3024724256
975787181
2966724822
1742787819
2790053884
665503193
1623910418
1822448375
1251700376
2229703621
216818958
3065781187
4039213300
3944884849
2999423946
131621711
1348397840
3676550621
502575174
983055771
2793621740
3806208521
1506915970
4046026407
1523185288
668801781
3237896830
3331365491
3358986212
1114705057
2794991674
3467965695
2244899072
362488589
1429625782
4046230091
1257879004
263801401
3752190194
1791508055
1268398712
4294061605
4284840942
2178909475
2817137364
1818311377
4242647210
962376367
1276588784
352492605
1567662886
2391331579
1537154764
257900137
3540936546
2375528967
74136168
2801323349
2849550686
1223941075
1437376964
4000691457
2940927258
2135596127
1987588320
2911707501
1329235606
2086141867
1478656956
397606553
1653754322
2155008439
3227252312
2005137541
3956212430
3134758531
1192010932
3136387889
3174772106
2730078735
2750442192
2351805085
3303736838
990189659
1743971500
1666681545
2054719554
2364841319
4266356296
3169234869
2860478526
1700318515
2438538148
1624739169
2614704634
547681215
792649920
1721192397
1251549558
297475339
1245659548
1638916857
885531314
3480753431
1893245496
3811832549
4108384686
1962895331
3651214996
1005251473
2785813098
2697421167
518165168
725416189
3457931494
3194293691
1173789324
3873376041
1229461794
3877124295
3999437352
2805907989
1940561694
1696034451
1152619908
2762905025
2356864730
2778463007
354058400
827436589
252324950
632154731
432533372
1539831641
2105502610
2779777143
1627930136
1184505157
3646120078
2947277123
1730119796
543525873
3314321226
1012777167
1072016016
1757966173
247143366
50377499
3961667692
3993875337
347412994
3218768935
3064505864
2946040949
1376927230
2106048499
892598116
2433928737
4251452346
2902962815
1224937600
2320776333
2152048438
2559076299
993299804
3222485945
1072702578
2096278487
3504523768
2974709669
4091426670
1446382243
4076855892
1702452305
2247384106
710201391
1173467760
1198003645
947965606
1596983419
3438138956
419139561
2381810402
1729331079
1964354024
730691285
778980574
3489775955
609372484
3374069377
3336081562
2176850399
2817560672
2050423533
2651034134
3064108331
2667387708
2494148633
1532120402
4212653879
1012942296
1055457797
993623630
1073079299
2092575796
3560856753
2910560522
3414462351
738110032
1437854749
421851526
2504723931
3604044844
1405131849
1111976898
1486564071
2208406984
2092177717
2373372862
1776120499
3481701156
3152203489
486837626
446509375
3403350080
2509367629
2214325494
945058443
2979633436
732124281
2329798194
4059562647
1534636472
385989733
1109210414
809725283
4291192340
30182673
1582978538
751107823
2835649072
2923688573
2589951078
3551118139
1950667276
3597981865
2598157474
1011451463
2017755560
279243669
2414066334
1148376083
4031298820
2759759681
2418276954
444004511
112877600
4244441005
1776728022
1106640875
1535248124
588785881
1707798290
1600828919
572788120
1831904965
927030286
3598100163
1939640308
1329327473
382237386
116268623
805005840
4155517149
3253241670
3030657179
2344630252
623920393
3706682754
3858141607
620123528
1626861045
4067236222
1159325043
1007738596
2315751329
208590650
3492114431
1820766208
1561351693
2742809270
1675574603
19817692
1696607545
1599170546
1833441623
3227146616
2165162277
3848139502
3454504995
3417614804
3919871441
2969440170
3201822127
4024119792
1687195453
2977430054
1049771515
2142997964
269148521
699903586
1434078471
2544834920
4081393749
231401566
1026205395
1683419332
1066776577
3659342874
914397023
3375886304
3999519853
2691931542
2590517931
2199302844
668164505
3332985042
1902652599
2719192408
2654014341
3005938126
2649631107
4152800180
3390979633
1664291978
1700424975
3550210512
3011323293
2797985030
3821798235
783209388
3005001161
2121092930
3064772711
442944840
1495564981
3602196286
3925678131
378729124
1681985633
2640765178
4099960511
2781224896
1972339405
3968186486
1307101195
1035137180
3981035001
3339364786
3986878487
1866973496
473073125
2741006510
3118625507
3800739220
3049336465
3214903658
3075316847
2184548784
789441533
4220137446
2192144571
4078045580
1987947049
3024642082
1634063303
857043240
808326421
3722696222
4108925331
4231849092
1663146177
1451494874
1553790495
1193885600
1126916397
795493206
1387861355
159063676
2207996505
1739420306
2412798839
200203544
1588211781
1421236110
2166123587
1949865844
1034243825
3027988042
495549391
1587554704
2916803165
628945606
1703058971
2740793196
239457929
2155929858
3648888615
2746418440
570021749
1343157502
4081519347
3133982308
1934577953
1638705850
1846422911
2925088640
869232525
752434742
3912307403
988232796
81796793
2345249650
835225303
2550196472
3576695461
31764078
1056183715
2416472404
3202522961
2348729130
2900757295
2278797680
2457602237
3059099046
1118794619
2450015564
2056073961
1951322594
3469482631
1782024424
3827288533
4126049246
1718520915
4089092164
2548185473
1998108570
3549172959
2555268960
2954079725
3297421590
3181953067
2725202492
3610252057
4070003794
3647167031
1869997272
4217115909
2174973262
717319939
359807796
1653678001
3965814794
641419919
3636996432
3414777629
1540212870
1015544027
2374716204
124501833
4243206850
489244135
3231382728
943189045
876249790
3149381043
1149131300
2683458017
2868917370
3824069695
2113945408
2895125581
4063658998
3900185995
2357938204
2896377721
927886642
3094928791
709218488
1489391461
1185590318
1742501987
3756913940
499699729
3621502186
4133566959
3900018992
3550143869
3751533414
3781439035
3764273420
1291418537
1670054818
3429704007
483745960
3956948629
195752350
1283104531
1183845380
647469633
1838883162
2718823327
2489786144
2849815213
3449081558
3992398571
3249747452
2203159513
3508991506
752947447
2624105624
2164701637
1605522190
94187971
3337854708
2980163697
2896519626
909105487
164882704
2974325725
662199878
731648923
1358505708
793667593
3446228098
275754151
819901576
3634282741
418893950
1578053747
2405936612
2464813729
2334228026
3166825215
3430608640
3029436685
2321385910
3195922507
2254377948
2773684281
324595442
3228824663
3587602552
330650661
2003986926
4284193571
2650486996
2872295633
620132010
2860460207
1272656112
4146758205
890982694
2173151483
567540940
3733095529
1002239330
1225320455
3937335400
3827135317
2497257310
567112147
2960998340
402766593
734743322
2397213279
3543379680
1699121005
2018030742
3060028843
2600919484
2831139993
756832210
688490423
579286104
3161071237
3567448270
1013953667
880591540
1670840625
1460075402
3290900495
2038655184
3285751965
641512454
3044994651
291947180
3601715401
2344490562
34657127
1950231624
4293809589
1409736254
3037553459
927515044
3036058465
3553658874
524806591
294215360
3767776717
51269494
2650960651
1008902044
1873783033
698953906
1215941399
175300664
851253477
1509681070
2419162595
1441807508
4293095825
3037655146
2684344175
432312496
3253395197
882149094
98165691
1512667276
3756543273
1990502178
4083117767
864309288
698968085
3342404894
556205203
2906796932
887135169
1667839194
550105375
2893282976
3608220717
2993052246
2846900331
573197692
674938201
4030167442
748469879
1368488984
977683269
2251640462
3120101187
3385697908
1899041265
222713162
115422927
1872144528
670651741
3051014598
485525787
2996051564
239729033
2443749378
13416999
3396953096
1793501813
4213681150
1534219763
2548143460
785896481
382554554
4064323711
2230029952
2237047437
705221942
2043002315
2174085980
1282998713
1140798066
256532951
4158326776
2728238501
1946625390
1696473251
1401749588
1956110929
2313497130
1839416879
2045882480
3097230269
466058406
286973563
1293857868
3253392873
1308760290
976270727
387278824
3644726485
2559228638
1162303315
2023679812
99892353
2251611802
2659454943
937954912
3019661549
699252758
446360363
182286652
2726458905
3292027730
1448785207
960988120
1197156357
3660147790
687405571
2997242420
2469388977
2971889418
4112385423
4090341456
3261780509
4094861190
1689314267
3628153388
2799886921
4176017858
3680723175
860904392
2521284405
3826923966
2885552307
3438422308
3914192097
2782387066
3698075455
509705792
3080343373
2366446326
76007563
3933796124
1013914233
3961189426
2477111447
2379149240
269935205
190063406
2296480611
2727445524
571544337
1698243562
1781101807
1411551280
536729725
3899929190
101357883
2121510924
3041533609
3147123362
1279048775
1965178792
3483079061
3196987550
1223584275
240343812
3556547905
3320727642
248573599
1297079840
1892183469
1272899030
467949035
3370149116
2018963161
316603666
2231593975
2842250136
4033400005
4131342862
4096769219
3670453748
1112765297
3831384266
1167955023
3454560272
938282717
3198432582
1333788315
3861779948
825789193
2604600194
546621351
1854083976
3201405941
2761852798
3245374323
2990177508
2367198625
2461017402
1149920767
2511023616
1277082637
2044403894
2970129227
3398157020
5370681
1807513074
340512599
2081331064
3890800421
631431406
3325797923
247318484
3775857617
3368738218
2891080623
1343696880
4241519933
1482336294
124326907
837315532
2865112937
2032024674
407077639
3983202152
2843854421
2936231518
2799451347
706711236
2813967873
341144090
946900319
2221632992
1110784621
1186581398
2152497323
2415071420
3396872089
99311314
1465311927
834065240
36647301
3224823758
1180516227
3991851444
3076244529
146203274
1864360719
2242308048
3980397469
3008334598
1612568923
1749420
4262130633
308993346
522251879
4224813896
3779340469
2457113918
1988734515
3816460452
2197296737
2937466618
1364944063
1653120448
3617843405
4264748662
2986876427
898518684
417434617
3433281458
2415699479
844758840
1456712677
2293456558
2817296611
600951700
1246868625
4133115754
182325871
3582955440
332648957
3912949222
4160114363
1799153548
1394536489
6090274
1292175815
3752800040
3283139349
2678735902
2580598675
1203995268
1240178369
589978586
2720197663
888847776
486721325
134115670
3667094379
1406499964
2040930393
2266857618
739580279
569383704
158225989
3721414030
172065347
1474213236
3943224561
1072512074
2825187791
1657350032
119785565
802463942
3645535259
164040044
505027721
3089919746
3855078695
452707080
3126820213
3277611774
1711907059
3161613412
4088157985
2362046650
3919520639
3166293376
2934560141
3889458230
4198918347
4282423900
3336430777
3633363314
3312991447
3765511928
1234645157
3125124206
2025073571
764251988
3063489873
4020736298
478970159
206286704
3922194109
3637826470
2054310267
3996197708
521435369
2333171682
1497452679
1806649064
988311509
2252534238
478945875
2734634564
1129463681
1680672154
2460486367
1992150368
3052475373
1030543126
2105087531
3360139324
648075545
1077240402
570298423
2312446680
1390820101
3033228110
3936126211
1146509620
2518328753
1807832586
3895246991
1829709648
1784169757
1374910086
3183857371
2800953644
1646658889
2789458114
1128889319
3418471112
3336802869
219541694
3937424307
1491204132
3354744801
2106294906
3021316671
2617163072
3870327373
3296702966
1015247755
3143804444
185007481
423852850
863933335
1981025976
1827894629
1677870
1129483875
934351636
1051022865
1987218154
941469679
3691745072
3278687101
619219302
4053599291
1048911628
1063698857
318476706
1807243079
1898651304
3957908629
411918238
3922605331
932358660
3702366273
152923994
281012639
561290528
2176852141
1422195926
2076016875
1628017660
841503193
2599617554
399623927
958786200
3948339141
1793605902
1378764739
2669001972
827405937
770912202
3845607247
1815668496
3147661789
4151053382
3494898075
996082924
1525591561
3060847234
3328565927
3454235272
1133537013
90259070
524142195
2492025828
2828212385
2468006970
394191103
3088542976
1404563213
3790911414
3950984779
3182719452
2786907705
3632004338
416262743
2734863992
766016037
1609521134
3532108067
234641108
3140896465
209405098
1951506095
3968806640
2776787005
2335571750
2151055099
2683886284
2765474409
1373340514
1932140039
2413999720
1936857429
3427372382
2086078419
3242057156
515752193
62626074
3811215455
3437178080
3039817069
2076631702
2820713387
1373323196
3170667161
3239470546
2890939831
3215094360
2675983493
3857112782
1807141507
333242548
4117530417
3896691082
373595663
3892733648
1605598877
3187565062
2477311067
3939147948
1496585929
2188616770
3185379687
2703288904
757463989
33442878
3732011315
187195300
4265974113
2671236602
983228351
2294537408
2327845837
1307802998
972671243
435551644
417296121
536493746
1949008151
3606912568
3094757093
2676413870
2970850275
1009736340
3305895825
4085366378
2817019247
2778107568
1422443773
2306684134
150911419
374101644
2200361
3245421858
508994759
664145448
776211989
3610737438
249993875
3149975940
3527582145
96961242
2426922783
3502079136
1157659181
2687666262
2506266219
2390535036
2816312153
2623506322
1043952759
1829419544
4230113605
3414637710
569773379
241943668
3677132785
3161465674
2987699407
674735760
2069511005
57309126
1250975515
2566257772
1840660361
1678521858
946794535
2235179528
1080316021
413997566
3272403955
410989412
4056734241
866295738
69836415
1170476160
3767077005
3594257206
447943627
2749843804
2752432057
3112058994
72488919
1103316472
4196189093
1151341422
699807395
235544148
3034998865
759560234
1772207151
786542192
1442832829
1568549542
783660155
1698665036
3255442409
2608637666
3690851207
1476732392
958317269
790046942
2621238611
1658553668
2147238529
2164337818
1610089951
1154452576
3857827565
1875373590
2520989995
3400390460
2475375641
3599657298
3964496695
1360970200
1308446213
2173262414
531369987
3129108532
2605803697
2352692490
2942794639
881632848
4082219037
3849342342
4156996059
3919648812
1765091401
1962575810
81499879
2045712840
4195050805
523085758
667852467
3628975908
1810422497
2719689082
451616063
3872914496
1775416653
143542518
1080761995
4014495004
1214963833
784859698
1208184471
3541380536
2673608805
2499481902
1194301795
2404164116
2743441681
2072506858
272493295
1882230320
3991387773
83419238
1411084091
278040076
458187945
3653097634
3672109639
15728040
1891776405
2309527198
3743023123
2991454468
1890231105
2804455002
1473963167
13982752
214160301
1481053142
3179457515
2049884924
3771053273
3647146770
2504794615
1000245656
2714825413
766326798
3482899139
65063924
2929391985
4184086218
3304917583
3569706512
1817834717
1104143174
1577833627
1082913772
3698381065
2399050114
2984443303
1056952712
2530949621
2873095550
662114675
643046116
358194081
4234244922
3852426239
599763968
4217184781
850022070
501344587
1339629788
3333667129
3382150130
2113897815
984798584
351538469
2522337006
3560946723
2344019412
1772718545
1611115434
2994526639
289615344
557865789
1034769958
2616191483
1543850444
4239486313
905235042
163363079
3256259944
1911450709
1554760798
1379783379
1708666052
2903360513
1778237466
1058046815
2626612192
3996557421
2272262550
3722499755
3502206652
2957831577
3466423506
3623196855
3158970712
3294451589
3048396238
1551652227
2521231284
1305037361
1705685130
1771395343
2426529232
1261629853
3058252038
2076507
3245772716
405354953
1272474434
2386895975
1412188488
328453813
312738622
2630239283
2656186020
1457462369
339049722
2332449471
1950030784
703090381
1649415286
3856102411
3646532764
2678673913
2477573554
2768657431
3898359096
2275725797
242633902
1537646307
2399725972
2685549201
478487914
656312431
2044300720
3033118717
2237369318
3908248763
1264043404
384841257
702643234
391397319
4214811944
2573426965
3722490398
812148115
4181336196
4259685569
2067835354
2623070751
1874607008
2131373357
3942817622
2317205867
3256867452
3806389849
2684194450
319410039
585193752
1113750597
3210359694
2971048003
3715421044
1906072305
4073654858
3555747791
2950833552
3030167133
2694598342
549603867
1344334700
756966025
88603906
2831289127
4180967688
754262901
1796854014
578565875
2617770596
1496931617
2069317306
4057995647
269110144
1244937101
1698667062
2332802763
1602877532
336308921
1455933298
2077749975
198272248
3828242085
2199292526
673464739
3842157908
2675944273
2998951722
81983279
3518213488
759420093
432243110
3722780539
2722758988
3670785769
4014206434
1919321735
3424060648
65082837
50814942
1952036947
2821968964
3958523265
1286689690
3061055711
2451393376
1946057197
817825046
351890475
34604604
423730969
4148392018
1699268151
2133090520
1755341061
2959298894
2015861507
86669108
3537120177
2190550026
4207818383
977675600
2371300125
512304262
3266553051
2420836140
3960490825
3574419138
3491344871
769161416
1606367285
2321637054
324594099
993367588
86531553
2206650490
3236730943
4008524608
1895884877
3375947766
3225340299
1982465052
614122361
2628290866
2167687575
2496810168
3612384101
972589102
1148757091
2573480212
2159139857
3833157866
2726962671
9538864
3480138109
4171577190
3716536891
3835428108
2030307241
2145132450
1236503879
342940840
2384956053
2178928030
3637627667
1854228484
3220416065
269466970
2485247903
3681688352
1104381613
3328518870
2436093675
72348156
3022985177
1043272210
2909961463
2698193048
1138165189
2928553742
477060547
4180138740
3929062513
3065052618
2498676047
4153271568
2049075165
231717446
2830352283
3853837036
3854496777
2498257026
2467043495
2983735432
3903982837
104508542
2317114483
1469770212
57417377
1048844858
1592514303
3366185728
1930319117
3690718646
4163933259
1895419868
2450955321
2936998642
4091240535
857666680
3452674085
953959918
2070136611
2012050644
476630225
862982826
382997679
2922589424
2685029949
3753946406
177558779
1443739852
3797487721
2506756450
2348504071
1946580072
3572940629
3492412254
3633356243
133069764
2192164609
3072059162
4230119007
3816467168
491344749
3652522134
3515679147
4238319036
3563671705
2659218386
2319905719
397258840
2697357957
2677722318
3366838403
1697447604
4034006321
4042168202
420615183
1870226640
3753796765
204476422
1434622555
1948155564
1793744073
3734581826
1079590759
83077192
3297616309
879082046
1636208435
2365062564
3167002465
2114921466
4070430143
351165120
3843850701
2873666422
1705058059
1673091996
3711907065
2545634482
3532470039
1450662968
4099892453
1166132142
1470474723
207517844
191135121
3781463146
947962735
1113099440
1675012861
1289085670
1205047227
4200543372
3347765545
2846737186
3892173511
1251462184
890156053
598075678
2924884115
4029640580
4241795009
4086681818
1966464287
32963232
4213170221
1483650646
1757736043
3737061756
1521502553
33002898
1518742135
863238168
204377925
692660878
1738744643
3036275316
3730316785
1393160522
3187155663
3922240656
3807060317
2003445190
199243035
524802668
2354218377
199214082
3871417895
1726668808
2953967221
715294718
878150131
923586916
1509023777
3555192250
1656919167
193759872
468414093
81735990
4216351179
573089628
1188335033
544034418
3691630039
781943800
936110501
3853058414
603868323
2725723220
2791632465
4028024362
2656055855
3837897840
2677262269
2107955366
939559547
2505076812
2572771817
4133958882
3430621575
3085231080
3408881877
1913886430
1424130899
1661477700
3073656961
926775962
1176239071
1319570016
2417437933
4031912982
2845546283
1584280892
3888382489
307525458
1022370103
65404888
3536811013
2975418446
2752456195
340690484
1822617265
3200453386
2053173647
1849402448
1751686685
1832778630
3465318363
2331047468
448228937
914101698
1426312423
3615348680
671025973
3199276478
1565471923
1905878308
3283345633
2446227322
1444549439
2755557952
742071117
1988065014
1811838091
1074246428
3482756729
3538227250
2400265367
2873846712
1154559589
1595014958
3945639779
1173864468
103423761
558284778
2667733231
2100202544
2550244477
1877839462
1037845819
2862705676
2290395817
1968596642
1748183111
2611854248
1947786645
1899168926
2264241683
1547212548
4203260225
3016942682
1972689567
2706037280
1357855149
253706710
2798715371
4016906492
3697572569
962009362
272947191
1489225624
23664837
1569400334
3903973571
1860889076
336756593
3587826890
84705359
3297928208
351722205
3412824390
1615309467
450482668
2799245065
942548866
434189223
376213384
1762975733
2253480830
4146964339
408795364
2731188641
3380789562
862212607
2529438208
3939207181
1307147446
711671627
286686940
944078649
4175598066
711146327
2085032824
2284794661
3078405358
2012467747
3265266644
57937873
4139022762
1364676527
3009358832
1373651261
3782214694
2082914299
2115119052
2244785001
3761985634
2850418439
2511491944
3431666261
2529440350
3209652435
2541800132
3482438145
1528172058
3395320159
2443340256
1919420013
3801491350
858074283
3313224892
1498526617
2696903378
1933856439
3251457880
1690008965
329171918
1615555459
1888423348
224841777
4195253898
3569012495
1955390416
1297471389
800253702
1137804635
4072828332
2172092361
2864052546
2216254055
2742486856
1880323253
3611521342
3702708787
3340356772
1609966177
1287965434
560025791
1524472256
3965498573
2564637302
1767295499
2836728476
27334649
2619724722
2898268695
290356024
782628837
3030989486
1427158243
2754611092
922927249
2988438378
2349792879
4011035568
2448399869
1340881382
3584031419
325231500
1106345001
2966817314
1079211463
95595304
826672917
411508766
951057299
2426453636
4279216833
3737581530
3409893407
2003679648
3913388845
1484180822
3780646763
3562682492
1061923929
843947154
3299771767
2395117336
2307301957
2035556750
4120620611
2231038324
1365238001
1293998154
539745743
3320521616
910529629
4157865158
3152683035
4134193516
3142756489
3889400578
2725003559
3193782024
4189768053
3343335166
2828979443
3649937508
603349793
2908001466
114364287
675989888
2242814349
622512182
461444299
3687011932
1818849465
2255410546
3571951831
2585895672
620068005
3696719982
3443808163
912771924
4187369809
1430859050
3857280303
1477159792
3706698429
4179767206
3976721787
777183052
766706921
551975906
2587606151
191808232
3205086165
3963342302
3990310483
2203611716
297945985
2963644826
3203397343
1785514336
1782308845
511783702
69845547
3486016572
789734681
2546040402
591625271
3479412440
3163195141
4100669262
1398976771
3622737204
2562568625
2966483466
3726617743
3228377936
3028685085
1099879046
3411114715
3381847340
623546697
155638978
1134159847
1725904584
2194333237
740084926
3048308659
1803105316
3616236513
1022500474
2322828863
4140546368
3414249037
2153909750
4088012683
1021403676
2036238713
1098749746
563740567
109087416
400408933
1950840366
3947805283
2231848724
1676567057
2716870378
3047594991
3590818608
2007013245
3671188838
622768187
1386404620
2043760041
707571106
3864970055
2259065512
1385574549
3349298078
2575655187
1801971204
1349102657
41028442
2889078175
1113561376
1779887277
2725599446
2925145323
730222588
2305154521
987439122
1841509111
1399875224
176630725
2862882062
3831526339
1428814068
1547715185
3336489930
3310762831
735240976
1826049501
3936577606
885495195
3489317100
1337932297
3905941122
4133637799
1555885704
1208201973
2609126014
514519667
1486653412
594879649
224225338
319343871
2116053248
2459220749
4168291254
1687284299
539962844
3913310777
387062002
3516339799
103494264
1948173861
2184786926
2045762851
1540264660
1321947857
433381546
302418607
281488112
1724003389
2998623014
2695113467
3289552588
386684521
2255003490
326928903
387592808
2292933973
544893278
3061461971
76487108
3284520193
3320591642
1506440287
2533763296
496154989
303251094
2997442475
458488764
1862669977
1163559378
1122871735
2863197784
1077710981
2176760526
3545560707
2825723060
3567751985
4043990410
1284475407
2413585104
3287894685
2429664774
2064412763
761420972
2345706185
539934786
159741287
532047432
1176848309
1799170110
3192595763
1018665892
1886627169
4032197114
3343961023
906549440
1873340365
2601376118
2700637451
2574039452
1020197625
283925170
3818843415
149002808
1719175909
3421286830
65519587
1182635668
1391264657
4273429098
3519625583
1879739056
1863618813
4271804646
1113089467
2254574220
3055820585
2941931810
3495235783
478775848
3188283925
746870558
2138424979
3398307204
882290113
2899582682
1316213535
3223353504
2037335597
1528489046
2748793451
2465294204
3232960345
2701108114
25354359
617428504
3932861765
528160910
184564035
1031274612
4206076913
1360248650
2861275343
877240976
3735816029
2446971846
3772779291
3314137196
3927886729
153309698
2344836135
4018904584
972004469
2970088958
793909235
1938452324
3880183329
2006793146
2383121023
1447364736
3078476941
905076534
2610806731
2086274396
3033158585
4174142578
376538071
1046725112
3685420965
3609325422
3556139683
2429835860
3373495377
1381471274
2343479343
462531184
358067645
4231759526
2902155387
1565609548
3352864745
3737240290
2343065479
3065291240
259002069
3783263454
4013431123
4179935556
731664001
686409882
3505385951
3580790880
845976301
726419990
3567512875
1176408892
523028505
4153050450
3359823671
3516743128
1439799813
3919132238
908213251
1074439220
2267313329
3367688458
3591006095
551199312
2712634397
192653702
1761764827
1009833004
996783177
3178079170
1272709863
3422328264
2686628149
1118077886
3430927027
416613156
1890510561
4109485434
234424639
3600087104
2127790413
1457562870
121752203
1555501340
1374841977
1483873842
3905870487
2524031416
2155238501
3919113518
4108043619
1184030228
3388908817
3598028266
2524370671
4212951600
2655750781
2840738918
1129126715
3433056780
2095706281
241104034
1949720135
3311106472
1503626133
4113396382
3229690899
2350068996
4053184321
1810707034
3892236447
2930792480
3175784365
4033310678
1473206251
2828762876
3946004697
2998609682
1978502647
2161706392
2402369221
98112526
3212508867
2615478260
4072277361
4190089930
2244736591
491741712
2982396125
3682025286
3593699483
4111970284
275864841
382580098
3633277351
1959349640
3044967925
3050492286
2962505075
139941604
3043731361
2048134970
2916698111
1857595392
2590633485
1268296374
1453626699
2386812124
3574023481
2040373234
2574709079
3234550136
3248118053
152152814
827844643
863576532
778999249
215041962
149013935
3060476400
246425405
3282219558
671979003
403637708
3323459945
4159825506
2025792775
3896381800
962050133
3712786526
1846607571
1058629828
2403717121
1738431514
1516269407
3819300832
1321823341
3626784150
1671851
3995609788
1166440857
4233201874
2839741623
3259010392
1665770373
1509601742
3519709571
4240911284
1983141425
1172458634
814761231
2976375248
1940438429
2676790534
2872269659
335432620
3119891913
2936244034
2157809767
1773258056
1992497845
1616043838
3058659379
3721489060
507324513
3636730106
2490123967
2523928512
2667649741
567963766
3162906635
616589468
3200835065
1712251314
657049623
758167864
3419872741
4216072366
338348771
3813090708
2401453713
925548906
3115283567
3040709040
725976061
3370969062
1039978683
1130201484
1411564073
356161570
1208134599
2132568360
190360853
3483209246
849842579
2381798532
3446255809
3451733466
2933181983
3423549344
3685284141
3495623510
1614966123
176461436
249983577
3188566674
3238214519
3851670808
1591396421
2344488846
1473299523
3463516020
173238001
3470960202
219632591
618930576
203323997
3044780742
717354523
2091165548
1219948169
3754891522
1388738343
3933601032
2695917429
1474604286
2020696819
4110630500
3554896161
2730615482
2826044799
2239448960
3780708237
2808477238
732326603
4092376156
1341601465
3884311410
1353146071
190963960
2347541157
1174955630
3893652899
2713512276
1155315537
1463941930
1067442991
525576560
2026610877
4142980518
668650363
306953548
2546617065
2683898338
1354822279
2847310056
3965870549
3252698078
151315539
3027046468
885150081
269086618
740027615
2141996896
413746669
2259902742
3406436395
2976956988
3893570329
2712636498
3689820727
4203928792
3466898693
14888270
4232955651
1017295668
1742157745
1988149258
304161423
2139365712
1608840989
990150790
1470058715
3536503596
2373244745
3270535874
499785191
4141216968
2953217077
1917336254
1371149747
1772933668
3206441441
701328506
2427094079
865744704
1982968909
1778072566
1455781259
2408103964
2303872889
2277680434
2494543255
1260308664
2929387365
788948014
3084177507
2056940820
1750788113
785839338
4050850287
3698166064
1006796157
1265537894
1214744123
144292108
3251540905
2448243618
3250190663
1204574376
3107247765
1775544734
2884171539
2923070468
235909697
1615092058
3639987103
3594327840
2055885485
1760921302
1395688171
1454157308
835494873
284634642
3636717815
3506283672
3211219397
3744074510
704743875
857478900
125814897
3732707786
4134383951
2298994960
331101149
233248326
4102777755
2050006764
418349065
841448578
1885897895
1318169736
3783612661
1161660542
1558808691
395191780
2293115553
2141632058
3017130751
1485629184
843784461
3076145590
2963488843
1263832028
731523129
2424645362
839044183
2619830392
2694966309
3154518510
1311503139
966766804
3529365713
1068084906
3857252527
2487953648
2041190973
2217085222
3261268219
1778873548
3270483049
2765565282
2309865479
4179488872
244321109
1027266398
2517879251
924825540
1645335297
2955707162
2082630239
1736550112
906764141
2766236822
3413487019
771250620
215145625
899977170
1447321527
4170460248
4259493509
206743758
195824771
1570585268
571283761
1754674058
817692687
3375325392
2355376285
3420679174
2219198043
2526427820
1004988617
3342093890
2573314919
1902715976
837610933
646223422
1958722355
2590456228
2572331873
1980612602
951304639
1813206720
2858765773
2638415734
1811925771
990910364
3079586041
193816754
660644631
1849415736
2395058405
2999426990
903468515
1787606164
463833489
3413780586
4089556847
2930542768
4135745277
517422822
2022521787
978645132
1273849129
1383522082
1465665223
493570088
1228144661
1909638430
38100115
3403459460
4186485697
2978114778
2623654175
2335831712
1072606253
674697814
3331954795
722716028
1508234585
4185371026
3006240375
3239474200
383179589
773654158
2349682499
669392500
2956929521
915246410
4157542095
2277154960
4003261789
3535372742
1234166043
196843116
119214473
3688292354
2809500199
2669435912
1576878709
735929342
872197619
1308101988
432794657
2663549370
100958335
2783807104
859847309
3916795190
2073761227
846947164
1844451769
3264965234
864631255
4045144056
1706702245
2567626094
3114170531
1495365716
2633103953
3557319210
2981961263
1397860464
927699901
1497511078
228996731
1027746892
3448237545
3565965538
2575666567
3564396520
2246096085
4250694366
3946688339
2771476292
1563710593
3590723226
2155079647
1495664224
1290926317
2696312854
2539406123
29290812
3116731929
103846738
239439159
977566680
1459863557
2856920142
1441092099
3182871092
1792408241
706914058
1113841039
3429474384
522611229
1076451206
1193819099
2103489068
1263270473
2312057282
1768175847
3614135240
3799406389
721940926
4116734131
1308664100
4074368225
1267012474
3263692607
4259018304
3785090893
699519734
2452955275
3310776092
1333670521
1064250418
3577516183
344451000
3528161893
3029326638
3828996963
287177748
1862478609
454319082
1989889263
1778026544
2160423037
824633958
3832410427
4136577036
2021602985
618103458
2129237063
4260968360
2706778517
2509758622
196919827
3252540164
3587487041
1333231706
790152863
2835732000
3520464301
2082446806
1350413803
632937724
2368866009
3314496786
1179010039
870204312
3408487621
2794914318
3555988675
181347828
3398536049
3843391690
3342560335
1593597968
3267405533
4059229510
1070552731
1329958380
2570691337
2866627458
1844289447
3658877832
4229442549
3116646270
3551187827
1983968484
3443305889
2383764794
3573431807
731719168
2318947341
2880952502
579726155
1197554396
486083385
3418926578
1262135127
2285866872
1094024997
186030318
2154561059
1581400020
1788419025
576591274
1495022511
2590451696
3618639165
1682268198
530869243
2851857356
1033060201
4246238306
4131937031
968478568
945053269
2957315678
3733099731
3701606084
1814681089
261532186
1863345503
312042976
56283757
3895624598
3300776107
3401877692
4109057945
1632868050
4193368759
1034144600
1074252165
147234766
821663619
3136244148
137485361
3374717578
4246059791
3342000080
1043047325
2245411590
3057987931
2771003820
1101269961
3636532546
64079463
651985736
2812461237
768757054
2845574707
1652099236
297021025
942892794
1680293055
2800915904
3251994829
2101845622
1600484875
3428566684
1461756921
1902636978
2487451159
3154310968
3745006565
1650398894
418701539
3427681172
678677649
732270442
805300847
1280804784
13330941
1885181414
2718541499
1531469708
3447982121
3608094242
2925650375
3883280168
2811974421
2200173598
2655987603
1899887236
3908286145
3357774810
3340420127
3986732448
3594542893
3534694742
2262614891
3835622524
3518052441
3275602066
2282221943
2807370520
1113517637
1989672334
1471535683
970403188
477555953
4162090058
447924687
1288511376
3056033885
1502828742
3981036571
1657701740
1430992009
1832560386
969977127
4252941064
2715161973
2633112318
301201651
1852365924
3909119777
3684643002
1455618943
2812003712
3711135117
1814111286
997966027
671486556
1052048569
4195152242
1863783639
3750895352
2568210597
1076450414
4170482595
2801928020
22232401
950716714
2449889583
2810947440
2161608381
2469366694
241017211
3459554124
2568065257
3967522786
368453767
653147880
199952341
66365918
1172470355
3144789572
3572651905
3940433306
2113397471
1373357408
4282821613
3914698518
3919212075
654909500
3292786969
2500696658
256436279
2159155928
518968069
1439374158
4075347203
3007762740
3223371185
1403031050
382900367
4153089872
259251485
2330603142
3885835995
737321260
2767134025
2181691586
3735704551
1572647624
1735535157
3705907390
1735568307
3050336292
1004629985
3390618234
1402042943
626570560
4044495437
100952566
1771096971
3995082268
3564508537
4017599282
1517644695
3802990264
461901157
3929362990
705357411
4196240148
234319377
187548394
3589244911
2479064880
2626970493
3397075302
3344981051
2256574220
3506166185
924699042
1539649351
3621918376
1107524757
3900118942
2415693075
3070042628
2028320833
2844174170
2590491039
386569504
4079859885
2581968086
4290173163
96668668
761489881
1082342418
1853136631
2574967448
3799480261
3424647438
1834131395
318649588
1810845297
2106222538
2822055759
2402082576
4006681053
4154115142
1744781723
1683389676
3243230729
4042197634
2166274727
123103880
892796661
2204563070
3302497907
342868964
3004641441
358614074
3243423999
3622397184
3526461197
2561765302
1550095947
1919543772
3643010617
2607297778
2501804631
1964224120
3545567781
1715671022
2014841123
2439040724
656432849
619609258
310081199
3099535088
1489109053
3556816678
4023506683
3354153676
1711465065
1890958178
1854862855
2584850024
3869552981
2792047966
4150091731
530601412
3717060865
4124889370
3811205215
3572311264
3870655853
304061078
2616329131
3029120956
768582297
4015955410
1145771447
2171562584
1505287301
3210122958
4055048835
79517876
1487052593
3616670090
1167750671
2607963856
3103725213
1030035974
4046462043
800725164
4214042313
1403640898
1877860711
2047599176
132420533
3862692926
82071859
637982628
3076632929
2402618874
3334911935
923653312
357675981
837301622
1186406667
3366155676
3447621369
127825586
500324631
109450808
3980056293
2048036270
1836837859
4169912980
3851292561
3350001258
510272879
2118026928
2048941309
763358438
1785860539
2520239756
149334825
318991650
4245912775
3443328552
1452189205
1938895646
3066360467
1897613700
3416963521
2174794458
3741302559
3812848800
3466465837
1069760598
1359736427
656810876
2789776217
2338307986
4018949239
2286924312
292749637
3576624270
1791649091
4098112628
2130358257
2205637450
633504975
1679531664
2461913949
3121164230
3320821531
1910338668
1665619849
66743810
3117926439
4120713736
2621106293
455266814
3260498931
1180019556
1904276001
3377977274
1252882047
2055603328
254976141
2674441014
457731019
3297558876
4064665529
4258953330
3008425943
3334749688
1442405285
2875444078
1425444515
2069796436
2717941841
4113117226
2424017967
201434736
2238675389
347660966
3657501819
3038972492
711406569
1472650978
1980941191
2435063272
2927712981
1168695518
3371386195
3878550852
3422313089
3197265050
3567771103
1506640992
1604804333
3499140630
1908709675
290410300
932074521
3192299858
2398634807
3185293784
1449518597
1936265806
2203609091
223535156
2545385649
1660581130
1064129423
4041776720
1624068125
2336687494
3908964827
3464532012
3395174473
463519682
765226727
2043285960
1861877045
4158349246
1475409587
2434547492
3392467681
361259386
4089902399
2584867904
3566488909
1861419254
2362996363
4192587036
1211758713
131873330
3562686103
2777556408
3125846117
1073137966
961016163
630790676
1966584081
1864575466
3211772655
1237878320
3211744893
2271975526
2705246011
2825782796
4215569577
952111266
139250247
3313956264
3409760149
3530706590
3903346707
2107142404
658684737
3732000346
3403857055
273372192
244411309
843566038
282854379
3871881980
1113640153
4057154322
21953015
4057170328
894536389
3217354766
2786929347
1000948724
463016305
400248522
1230692943
161046032
3354234077
2396953414
488320155
2841865196
3241273609
1952240002
1509676455
3327314312
3168915957
304459134
3765528947
3793392356
1782428577
2240195386
684930047
1299293184
976665101
3997632182
237453643
3161364700
2417676601
1868807154
3215875415
1386466680
2264966437
1032554222
3845133347
3271253460
938713553
3076187050
3255218607
3746768368
752874301
1129844262
3807068667
3017327052
1816036713
1873740386
2726400263
170233192
1233192021
2410511454
2426677971
4028277956
3862813697
3539925018
2289064799
2658984928
270284909
2460529046
17968811
3679512252
3883926937
1338352850
3847254199
3019311448
2062937989
2684521934
4258835843
721905588
1130324529
64612490
3125489935
904781264
752781725
1653600518
3842443099
642123692
2558677449
2817434434
2377514087
1526153544
2192729781
3217144638
915971123
3574638244
3126539361
3943871738
278016703
207950784
3571050189
723831926
3522481163
535241884
1252551161
1043398066
1947022359
1036334392
3905513957
1776420014
3815700195
3745866132
2197050001
261119338
1862295663
878806448
2457948157
3325969382
2177268923
3676519820
773148201
1985197090
4084275143
3200247080
2249062677
3004852766
4222008723
3128203396
3517824193
1308221914
2484124191
1545745312
1493681453
3748878166
3576109419
3802747516
128712281
3252536978
2579277687
1409700120
3021149253
3118590862
1967845443
1194150772
130708209
1219904074
3372105679
3181780368
3026208349
1679492806
2206310939
686318444
1628404361
269890818
3616203559
2004318472
2100018037
376408318
4112944883
3317594724
3813504289
3622600378
2445537663
246170496
4181578637
4081865270
3405846219
4161761372
3097674425
1040449394
2956380887
2528271608
3429559973
1253720686
2126813603
3325502804
2935604049
2038667050
1562169135
1890821488
1964207293
1306409382
546338683
3792533836
2978535145
2255365602
1775984263
51772648
2644749781
846796766
611323987
409357380
1918000513
3240266650
881055967
1627079520
2652115437
3328687382
3755656235
2962325052
1134868249
4057704530
1028890167
3787544792
761854213
1931675982
3073635075
3151687476
563758001
3358612490
1815350927
2827099472
1127400221
2973752454
4215995611
1426751276
3952698185
3331557058
104499687
462647496
688771125
3958314686
1994080691
3487829540
3453253089
2647918714
1395159103
1275540288
3156377677
3565000694
2886476171
3634854940
3670662009
4171022642
4075495831
1294681272
3735368549
634667054
3253795939
2207295764
3569611793
3069481194
3810262511
2080998704
425085309
3623350118
571028027
1280800012
660152233
2579388322
880829767
3068646568
1828856469
3280569758
3317703443
95404036
283885121
1580791130
1888073631
2227704608
1409359533
3041256150
871182059
3100207612
4230623193
1233078802
2933216503
753410200
4088896965
4052084494
777237955
1959809780
160355441
604517834
1521261903
3191987472
2115370973
666792518
253958043
241982188
3370126345
2770770050
2827284647
118171784
3273172213
3590349950
3598103667
3477168612
581973665
1317622330
3145707263
2083906304
4064800013
477666742
3889556555
359614428
1910355001
3082502898
2062170199
284159096
2352494629
15728110
2008293155
3809602772
3440567505
1235438250
398322863
4263716080
2215241277
575366438
2834345211
1572942028
2152081513
1778665826
1109404679
2046127208
2431211349
3691754334
1515648467
1041298372
3057245953
385687322
249714271
1598595808
2945379181
3654142102
2753452459
789648828
1375496345
4069043154
2365705143
3308955736
3552510597
449479886
90847363
500004532
4167574833
3187527562
187165711
2258984144
3385457821
1700186118
1103753819
2026763948
1235449033
1167026754
220862311
3114180680
1208760757
711160382
4005095219
1603696036
1252046689
3150732282
4052331967
385372864
812521933
3640484726
2971563787
3257324444
4271787257
2233435314
1190399767
1371558968
31718629
2714598318
718143971
1887105172
816223633
1934607466
3519191919
1589675184
2045657853
2862127846
2550589371
436907148
1829761321
1895824162
1098560199
2885600296
1712933909
2982125854
485787795
1028253572
721207233
2637105370
2521675039
1211953824
2776463405
566193750
3274589291
120095100
635134297
3602369938
915997303
4202229784
1514088261
2494620302
657947459
580016756
3873846769
3083938122
3026582223
1231854736
1259256157
3351829958
3590294811
2012172908
2124651913
26082306
1122631207
1930287112
1957203573
4275585022
1516362227
3701688676
1852176417
2002593210
3691408511
1410237056
3411347085
3620464950
4205167051
2995658588
3251348921
713655922
365471191
1063025656
745046437
2385295726
637445283
2005644372
1480525393
901381674
2817133103
3315704944
2143510461
2929692838
2450252411
1156835404
1584822761
3899747554
2706372999
1824775144
156369109
979717854
140041043
1058708292
4159987841
1653519002
1301009375
1466237536
3935093997
987419670
3822907179
4107251004
411507225
2680991570
3394959671
3697473496
3556248581
3304652878
1048280579
2933849652
2378761905
4081206026
1294387599
240622672
3869521437
1825878918
3464751067
2945478188
950044233
4074917314
411346151
857264072
3316491061
689884606
1949404339
1646779684
1992292577
3539709818
565570367
725119552
3619468109
2795777782
1999359115
2053450524
3156590201
834226226
1713896599
3380896696
3095774821
198031150
1946552163
67385364
1553741585
1386346474
4042537199
445023280
3662232701
740312678
4190084411
1648157708
2235155113
3390611106
2422210631
2617553832
1465087381
733789342
3611553299
1061359364
1709228353
2564562010
995930783
1686164000
4085043629
2464152022
418011627
1808177404
2327810777
3079098642
654815223
985186200
1302966469
3512917518
3052814531
2926797300
1708169073
303111370
2351585359
2636536848
1095398109
842680646
3994485403
2205239788
140128009
4081868674
481954727
3112142728
2010871797
1056381822
1458044787
3420729572
208583073
3764910394
693643775
1412833792
711270413
2470851766
2574292811
1835792092
2926352185
3832465906
1993478999
2683833208
318491429
544240878
3752077859
3785653204
377366481
1271378346
3282118575
86975472
2386549053
3772431398
4058126331
3047530444
3524905833
3484782690
4251633415
3649129320
3973950037
4219857502
74825939
4186129092
2105664001
836191770
645943647
122708448
4111310445
1468981142
890668203
2681029820
2638531481
1202172626
3948881591
2772059992
2484344197
2679012302
3093808003
3440346548
2814175281
1979561610
3895502607
2107169744
3217125277
3048840966
3078151515
391243180
1049663433
2626433346
2655662695
2248277832
2280787125
2518755646
3712299571
3046655140
2553428577
1902248698
430778559
1187484096
1477332173
2876373622
2486444555
2674033308
425734137
1282018226
1183246871
846689080
1753911269
2446652078
4086893795
2620161940
514119825
1659579242
4138784367
3982197680
1617376765
1250882022
1563644603
1122900876
4124480553
1929921058
2536525255
2230952744
649109269
3749763102
3400422291
3919263364
127386305
3745525722
2511777823
2543038880
3825150765
1990690134
3407966059
2225320060
819381337
971887762
1981898103
1806143256
871840325
3583760782
814745155
1987275124
1280178417
1086853194
2549724623
4151253904
2261331037
1427289286
1835628571
1324499308
3959668873
1214366466
2884966695
3630184200
2997969269
1146943230
2718508275
2063865956
1120566049
397003962
3648317311
984400256
3044555149
3169288246
1513516235
3825782364
1036028089
862653810
2483454167
2965543672
2784105637
3854250094
4205096867
2136752980
3452979537
2580309290
551765295
4207649648
3581891261
2801592230
3732098427
3453376332
1630543081
3989877730
3429930119
3190668008
562844629
3446506974
615360083
1263200836
2363646849
316070298
3485454047
755679584
1964079085
2649352982
