3793652039
239577256
3210208917
1107065246
3536750355
792908804
3143352897
193014106
367811487
1008887584
3574555309
2518111958
1724388075
3367960060
412791769
1942879762
3297540343
3280794776
4203635141
8772366
3230341571
3078121204
1477433457
3962399178
1799897423
2642489616
1137001437
2864506438
1816591259
1511452396
193040393
1173507202
2425689255
3258252424
2729470197
3436009598
3692501107
3292427748
1568815777
1556842042
3918811903
278542080
2832740621
2162430390
629329995
1578032092
720386105
1648621298
798186583
635355256
2026961957
113897966
1862107939
1940127956
1282795729
2571271850
2777387183
619477232
3887802941
2003032358
224825595
3029714124
269069417
2173304162
1302482951
1844002920
3468893013
3895633758
1367955923
2742552516
3798852353
1933136666
3467180639
1169618656
2359373677
4275256470
94191019
4116359612
682683545
2857066450
161279927
1836285016
3071919749
4101929166
2596641923
3779693236
1236085041
3256288138
1596428303
2851647696
4236066973
159988742
110220891
1607240364
3884513481
2697928258
2770221927
995914824
891813301
1759798846
1350388531
1516734884
1228323681
3540160506
3422704063
1148233408
2768395725
2073876342
3480181515
3407505308
4092907769
1461467314
880882455
574826552
1828765925
2891673518
389768675
3420521620
1959631249
3638753386
3035905903
3013466288
748914429
2598702822
2518731707
2519941260
1511486761
1559867170
1323357895
2424739880
3547795477
3214578974
3796561043
1921317764
1559544769
1549745370
2490915103
834619040
2727590957
2130240086
3075549291
2546341244
3134448985
1341030802
3189253751
138789912
1579019077
2904086158
2746670915
4209143412
3203348977
2883476810
1875484367
2228482192
2932211037
2167361990
1718317339
239199852
2077041033
1262596098
784474663
257928200
3007861365
4178392062
4232723955
1900567908
3032480801
1267161530
2263027839
4003124864
3253553805
2896125238
1570416075
2413146972
4150667705
1476016754
3761883607
527650808
1510557093
292466030
3952085155
835045460
3844737617
1698771498
75476527
479393904
1165796285
773850278
2378811003
4201675852
2898394601
3705610466
1419386247
2514464744
3929261269
3186901726
2144550739
3626610500
3014681729
951248538
2920970207
402347616
3416721645
3293071382
3466842923
1673609532
1875090969
242705234
12459319
2747517912
1012584453
2417292366
2250170883
805507636
1888881329
2336454410
2481876367
903016528
1063221789
795813766
2392050651
154599980
2567834185
1594491330
4232104167
1040098248
2580637493
1393017278
977137843
614527268
2296249569
404349818
3237383999
114869824
341374797
2712380150
2193928331
1073790748
906248825
4003331122
2977767575
221198264
3970599525
2076420910
4139477859
2970766356
3058383633
1911786
3941457135
1200347184
1996914813
785693286
1461813563
1695381516
952714921
4210709154
2374902855
1572112296
4021893525
2566893726
3840037395
3492160260
794871105
972312666
575624863
3492488736
2090538413
1015115222
1582644715
3440127228
2822772441
1336280338
2957956087
263033752
1586525381
3274887694
2898109635
1818981876
3613498225
33968330
2186673231
2226499600
1393145565
4060659014
1103816347
3026968044
3490427657
3051885442
2623156135
2264488840
629357557
211029886
622355315
1345406180
1850785185
1249520954
3774664191
1156216320
1896178701
2827069622
2980936523
794528476
1888426809
1690795506
3876271959
2604064632
2443480869
4045039854
58560035
361140180
3237030865
725018026
2130627503
3695736816
3321961789
1522741286
350747643
432681932
4008529769
1896563810
3900500743
2277842792
2160553557
3330072158
2352489683
372922052
3636848129
1373862426
3084318047
4061050336
3929006701
358896534
958752939
124180668
2231979929
1027237586
1804225207
3686996824
2441009541
741502926
1112745859
1541118388
739372081
1910958730
2982169359
4181471184
1317319581
1723601670
47235419
866154924
1904614345
3919308098
1573803623
1779422024
1394462901
2071076158
2543425075
2411288740
3453501025
3026728698
230018239
546301376
1823641805
3470880374
487917067
1906710172
667333625
3291922354
2141457943
961169208
1974948837
926082734
2627104995
3940717460
2648431761
676224874
2540862063
1116264368
4146887165
799761894
2849846971
476491660
2146310185
3100767778
338063815
1943107368
4196295445
2083245086
2962536339
640043652
2023737025
843080666
4117845023
3580233120
153448237
1018231126
4057224043
110183548
3873392729
3237251218
2435875191
1472488216
1642462789
1892928910
832531011
1779662196
1734802673
4238689354
1491950031
3676729232
1452306525
3947440326
342187035
1788138860
2386379913
1407547138
1331510567
654445320
3747685749
3043093246
746686707
1056517220
3493101345
3886284986
769756031
3515422080
1545633165
3800757302
3082506443
3667944028
2624261305
3601580402
973579479
388591352
2242042021
3553436782
214307747
2095470420
2781564241
4179859754
3406358831
2718758768
2403899069
3947715494
3099668859
815983436
1552654569
202270690
2135603335
1100582632
2021529557
2949413342
1287129683
1000996420
2544789377
1288375706
568226527
2448495968
2386279405
1613192982
3676438059
2118873148
1854013721
2224319058
1073838135
2473683672
478536453
4141280078
627207427
3268616500
1109446065
2214682122
1855793295
842297168
1340927261
2641362566
2034808539
4245221676
4143000905
243583170
1069999079
3180331720
1192049205
2418243774
1049639859
2041626660
1579515873
904759930
3896511039
1335231808
1410280013
1899903478
878730123
4262096412
3476825465
635863858
2499148695
613701304
1848057189
212410926
1590457955
3612465940
4051664401
1601606378
1887573999
3801405232
3541398397
2338918758
2756963387
3661555468
3045452201
1686149538
1487519559
3504170664
3634793621
387901342
459414803
1384477188
2125580353
3544414042
1138643359
4285523232
3996305581
3985081558
130967787
3797244924
2092005849
4057598994
1455238903
1586115224
3458107333
3824929038
2287742915
1373275380
889151089
2847619018
2844768079
3324391184
3747228125
1525716038
4097495451
1320996076
1013044745
4080654978
3184216743
3984177800
3336703733
2708915838
3901075059
463475684
543899809
2969883706
2744207615
1383511296
691967757
3367714742
96740939
799291868
2163867193
4222026994
3475968599
290127480
2617516581
3884376046
1567201571
3320127188
1505259217
3708243114
2661156527
2883614448
3344109629
3451815718
2404738811
1559929548
2073883241
2078837602
2399372807
3244097128
3075981653
669193566
2538794963
645440964
912910593
3077153050
573632607
3047322848
1573557613
311519894
1251578795
1718552508
841855641
847605202
1948493239
1221507672
1131408517
503473870
2236396163
3270092980
2026024753
3482505610
2156201487
515616464
1771579037
3247106566
133934171
2205182124
2941206217
2613357634
405434727
914305608
1537188789
1058788414
86106419
3230082980
2143666529
715775482
2257930175
1374364864
1886307277
4139910518
1587982603
2200815004
845453049
1638745778
3883067671
1292723768
1006233317
707157422
2472377315
3563070100
2000035729
3012937322
740078959
1706022576
817982717
806206694
1552261563
3163954828
1603320617
3422960930
3508014279
1926780456
1901180437
400098078
4215964307
860068228
2274806209
2868742874
1133924127
206095520
3519226413
3171225686
910392939
4267209596
1874242393
810979218
4143242359
2717843992
154800453
1252705422
116651331
2176879732
103464945
390605642
708646095
2209672848
325509981
788463558
4148905755
2128856172
1618569097
1642413570
1571051559
3630197256
3255171189
2127733246
790942707
3290823524
2767520289
882681786
2014054015
2243122304
2120200333
3373435702
835189707
3429306716
607907769
565790834
2625732567
127634936
986213285
1514642286
1265114787
1317201492
2730004561
3840016426
2948473903
935523952
2485160381
4028019366
2930023547
3167836748
3525395433
2392436450
2376553351
84897256
592734933
3703615710
1107875155
3030797636
4210584193
532624538
4006505951
455267424
4275859181
2594338326
495724843
1574018876
3591136281
2500686162
4260418359
2044398040
1815934469
3484738126
3088185347
3122606132
2516029617
1654342922
2641879951
4241616464
3246809117
3238843782
3303645659
3839287340
547377225
1599836098
1559822055
3537723848
1993674037
911945662
3243148979
1111265060
2025390817
547172730
515212607
3851371584
1741774157
3446460662
837289611
2668633372
1463814265
3314223666
1830475415
817198520
1160753253
3182074158
2420736355
1074620948
4110401809
850131434
2151830255
165271088
909141629
194603110
3899807547
3781973516
68062377
3177373858
4084292167
1472349608
2854215573
744103582
642639891
2791358724
3645819713
1198431834
714689695
3119555616
1507228589
422157270
322147307
4170877692
3320765657
3395949330
1742178807
2686636440
2033752773
3537944590
57064131
1472566260
2699633009
1397497546
2432004687
1372761616
414620893
1433692998
865516699
420068332
2156132617
1843896706
2766693799
3853916552
3066880501
4218781054
3596548467
378200804
2748433313
7043898
3780232191
691991552
25414157
1368446646
3519467851
1323886812
2352013625
2531429362
2550066519
2015042936
3354375461
1510954734
750887971
1958718932
1187754449
515093418
3026796975
2209641968
464585533
1079369254
749654523
1848054220
3860370793
304206434
4046856455
179363176
2725516373
2087013470
584694483
3291673796
727313409
332122138
3182881631
2154968032
393300077
1717207446
3925458603
41105084
1612584345
4197217490
3546874039
2761316696
4243390341
971922894
330448259
108246964
1606382129
1260042378
2071314703
175582672
2109184413
2314584326
3323107163
1060919212
3504628169
659125058
2217905255
2427097416
2125297333
601983806
1226189875
3704682148
2399093857
2781316346
3869295295
3363988416
3761698509
1665047670
1143233547
4021384348
1137605113
2675953074
468567063
1301054776
4022893029
4113945774
2878375651
2019144084
819749521
3938004330
586346607
219338160
157442045
202118118
1578765499
1723960716
687824425
110527522
901097415
2107323688
1762724117
44186142
1919700371
2312956036
3118058689
915845594
786909727
3328672672
745329965
1878337366
882813291
1864082044
2237271641
236230290
2674210679
3606421784
2216305733
2862463886
3551821891
837393268
3409609457
1808208458
2478362575
1853844880
357127773
3159414470
3206361627
992916332
578914953
3846243586
160920359
326813960
2335624053
3311360254
3023314675
4040084068
1661044001
2725334714
358777215
4212757376
1487594381
3493208630
2076223179
1428799580
3201880761
2837630834
3081198295
3771313400
2843344549
350098030
1467361699
2526770516
200397649
2558289706
1654611759
3451188592
2214886589
2893810086
527697787
2398865740
1031988969
3565221346
800059015
3493940456
448183765
3033589726
264609875
857644100
227437953
563043226
3303696607
2744161120
1300832749
3820588310
1172460587
4065578556
3596797721
2950854738
3935055415
1191225560
1535117573
2326714702
3995960067
99041076
2618971057
2534485002
3497959055
2242604368
3291206429
172338310
561417435
2963328812
1176204105
3247331010
64428519
1843839176
1495851061
3048138430
1920520627
1849974308
144213473
1210636410
341246015
3099886400
2141163597
641165302
727429515
319933468
4262456185
1032556850
3924537751
563254456
2713994085
4274524206
993168483
3678730516
4039902225
3921502442
3392048623
2908411184
3495385469
526761830
3548168763
1788200204
1415786409
1973495714
233108807
3798148264
2485465749
1219581342
3047535379
3149402116
1865928257
108381530
2256553887
4021117728
4018548397
795325142
814005995
4292590076
3019390937
1230379538
2476598519
3296161944
2413735365
4292982542
3453830595
1848419060
1260315761
1857619402
3901173071
398142736
790564829
1368670790
2950604699
55749356
3430030345
2515626114
28410023
1605269640
625194229
2324706430
2661565555
821146084
679757473
2829984314
1245593343
3108188928
701824269
3003280822
3317005387
2099877852
3258172473
2793018098
4051355735
3215408248
1164396581
3098791406
562409251
303447252
3089822929
1614551722
1885371567
1405383920
4078630461
579417382
2633252091
1028620492
1583364201
2746685794
3205807111
1405140072
1914464085
872645470
3737945555
3748217796
3885362945
3607752474
979953247
1115550432
1193540461
2160040086
3343247787
3413337532
1054505113
70220754
962223031
3743021144
3992326789
4025898190
2642659459
377079476
285750577
1417584522
1385331727
2892934352
3135442077
805083142
3977609819
1459898028
105219273
4230625858
1374070631
1754394696
3964094901
2579710526
326530867
3566650788
730122081
2512464890
3721936319
1951769280
3960154573
2220307318
2106459915
2805015452
2349096185
3987625138
3440680727
717726776
3240299749
140594094
2502922723
3335471252
4207846801
1035506794
737487727
682742960
2970571517
866544358
1587181499
183041164
205127977
3632450338
4060037831
2216301608
291265557
2894557470
3321501843
435304324
1063833537
1158404314
1734624543
4089594528
1226999853
3313581654
2632307819
1222300028
1472819545
3392052626
981570167
3869786136
42350405
11317902
1205930819
1787734644
3868607985
1780611402
1163954895
2340809872
2352466269
54439366
467344667
2406851180
72723849
1308150786
53906983
3360761864
1794350709
4178055166
1806658035
3035863396
978978849
2703357370
3051682943
565957248
453121677
1744156982
1168462283
1692954460
2621552057
3706214002
997799383
2461256696
28807589
1938852206
3773838499
1160774740
293017169
2213727786
2477562415
1407382640
2398384061
2424135846
3140448891
2535602252
3467676137
1304706274
358910343
2469342184
2393182421
2818383582
1710123859
2803034948
4285558913
3258679962
1412588511
456807008
2856441069
2876023830
69500715
735182140
2676304409
1158905682
3050539319
3940698072
441392133
2546257998
2008354307
2519420468
2223576753
2439189258
3081853327
3166760016
2279425565
3910828934
1055881179
1348910636
2539820617
2770148802
3831575783
2125209544
503886645
2115935678
34544819
3989318948
1036257505
479231866
2032433983
3107308096
3413754701
3953000182
3501939851
1242528540
4088123001
4259846194
3144191127
3878400952
3018118757
1073841966
260544355
2566424596
350504721
4104833002
4266051823
3172455472
3515501693
919475814
359869755
1706767372
3598963369
4248530594
1476694087
1623196584
3333850517
3693382814
2036956691
2190171908
1886179649
2153311322
127091359
2426806816
3745636781
2688666070
264366571
3893946620
1993188057
3734905106
2316320759
3146256280
1108394181
3674123790
2545930435
2232398324
1671473009
1812065482
1615128655
132099088
1385399005
3209697606
420647579
4254570988
1345077001
3679924098
2217122727
1264768904
1111918581
3200707454
4048916339
1523876068
3733113249
432851258
2388048383
4068700672
3526504461
1561330870
2442143563
2858829532
1392682809
2590874098
2342691671
3622787960
1147853605
1936999662
3954555427
2380843988
3721803729
295731626
2189670319
202404848
2106648893
3831008294
2418386939
3128160204
343137129
2695389282
2829014791
2358025064
1448131157
3200105054
2066436307
1746637508
2602430977
1898190362
1212604767
3955601888
484617837
3519066006
2457736363
2976879804
4267891609
3230565074
1442297527
3898185560
1183524229
2954513358
3535885187
3808155060
3164403761
1539212938
3051042575
4104268752
1360691101
597651206
755264859
3133683116
2138220489
2322006338
826720871
2922729288
3563920565
281082174
339919411
2547553444
2237024865
1788269306
473675967
1164239296
3286981837
3389770358
3135484427
2578240156
990265337
3157842866
2867296791
3569271608
3758727141
3551052462
3841251
2948648852
84732049
479460202
4146292335
2827801520
1472742909
383566310
235332283
2567728012
960537641
2982875682
3052723655
1985278760
2587078421
2240325662
2784224147
3548612228
1212404417
1180499930
2634891295
2220425632
1474575149
766072150
521731947
2073428092
386192473
3567559826
2018110839
3239501592
3028175429
3168250254
326735427
464501108
2285766897
2186862666
4013180367
3402132368
2821864541
1942521030
3179612187
1807257964
905302153
202150658
4202801447
3873670920
2436657525
2311898878
93762803
9726052
1526631201
2695797946
160659327
3919188352
4117055885
5328950
1064697035
3953335900
3967195321
755621234
3623293143
223996664
1937843365
3864985710
2547400611
1245746004
3813169489
390411562
4075148591
3125605232
3840959165
203077542
836164987
3309610828
3047828713
1784906722
4005897351
1037634280
2938069973
642078174
4102239827
8600132
10384257
1908648346
1285971679
1914704224
1158055917
1639693078
139635243
4199296060
1634962713
3298854482
264692791
1434445528
3635031813
1727448910
78158083
1525374260
2135153073
3247503882
51385487
2450680656
1016772893
3448461958
3444859611
3022564652
1148565833
2047337666
2929151975
4113399496
4118054453
4289352894
538011571
2965896228
1211861985
232007290
4246599231
3605201216
2069886541
2376111606
3523676043
873015836
1746121081
1990238002
2442225559
1904267960
2878433637
4049010222
3175653987
1764235028
2437450257
3279171306
3431662575
688968496
1774796669
3251793254
1582667835
3269239564
3127932329
3291592098
2177903431
3268993704
1909708949
1454621598
563693843
3940199940
216912961
622334810
1574059423
2363154720
1493800109
3686260950
1626019051
2706511868
1047463385
4198639634
4214135543
1968483992
3218002885
3560416526
286153667
2356068596
443443825
3139883978
2821628751
306195216
3004429789
245887046
523402651
4158163180
1001546249
2920871554
3695687335
2563978888
1037392629
135897726
2121456243
2217955300
4123872417
3284627514
1570452735
3305091328
714826509
3216612278
3847672395
3332306396
1855818297
3804045554
376864343
2968746616
4110052901
4199594990
995214627
3627506388
3889003217
2732648618
2597515951
2627236592
3943881789
4123255590
3057849083
3583270604
944995945
2029365090
1574302215
2769582696
2131823957
2358505822
2817924051
1313464772
1978791169
1377451290
2538658911
1816752352
3366805869
3378366102
4221714347
2758263740
3468115609
2672396754
3644920247
2958374488
917256325
3931783886
1667948163
1543103668
2457713457
3503975818
1431302671
3541150416
1885205149
3571336710
903829595
1518871724
1819003593
1107281986
3528645991
1368698440
1730080693
4175081534
4219145523
378954660
3430141281
2487777786
1372271551
732963008
2547486669
2757517686
2888129803
3072623004
2161386233
2065654450
1701205271
997319224
2088514277
3339467182
2628888547
590241428
2140613521
4148912746
880648559
2091111088
764229885
632232166
476007867
19651212
3759359785
40851746
831944903
1145819688
865534485
4255506206
3260657299
2794509700
74110401
2861180634
2145532703
1747697824
2293362221
409824342
1798842987
4149030780
4077664089
2641800082
146688119
1447132696
3389152581
1327407246
3867025731
894224500
3761359857
611043146
1093927119
474409616
2570628957
2112773062
1411052315
3220668524
3881956233
2407291394
2675491879
1597105672
772883573
3886906878
837418995
3283171172
4109307425
286737338
3228430975
1119113344
399801485
155772726
422750155
3646541148
3749149625
159868018
1025567703
1086065144
785823653
3712579438
740838051
2513248852
2976226385
3262356522
810225711
4042453616
3052950973
2404650662
862603387
157488716
577753065
2589903586
1808908167
3225348584
2888152789
2678688990
1803813203
795838788
1092122241
2686963866
1581668831
2554450016
1305950957
1990644246
40686891
1304582972
1278079001
2659814738
2825273143
1993967064
3331408389
1749335630
1158161411
1143434292
3159006385
2543509770
1654312847
4120898128
308554781
664285574
2091208155
3420888108
2102713417
2957945794
309947111
3245006280
258758965
2857503678
2088743603
2806237988
1476333281
2348010874
1346597183
30163008
3209832781
2084515062
3745428107
3237927196
2336724089
397747762
476463767
2962354616
3100245093
2194175278
4101352803
1003726356
2516110609
3323565546
3841670895
3779449392
3373544061
812827750
1579418427
1912214028
807999657
981728418
994559559
4172136872
3313314709
677313182
1580536851
3836083460
1958401857
1689467482
960313503
3561725984
2363312045
1372190678
3556786155
461850364
987523289
205664018
2532898295
3789376920
957933253
1535941646
3922257603
1950994420
2676501873
3425155786
1883528783
651995664
2157996253
2946221894
1916692635
3793057772
3204744457
2117516674
3121926567
939496840
1206922741
3599260030
4126942579
2634948324
2657341345
379459386
1745596415
548925440
1662031373
1258238646
1896447307
3251872988
1157918009
4016613362
1106663767
984848760
2266366245
3175690990
3227111459
3774998996
101760465
2214416298
1766731183
4116476400
1805700925
3335207462
3209461243
2125516236
4194247017
2627661410
2394459399
2371377512
475881557
226895966
355264211
2180264132
2819749889
3924583450
3615938399
3020500960
2055476333
3616988566
2998037163
2489053884
3755450777
274763986
1932946615
655152472
3998829445
246823374
4286605699
1903424436
3265953329
600986762
3773869327
935143888
1219323293
3015253254
3081126747
641995692
4247842249
2465500994
3842701415
1118833992
3562848949
3255854910
2032097331
1087386276
819810401
2195071226
780578495
389504960
2546975437
2202597494
22218763
4019728540
2372797945
2590108082
2895196183
1323368760
3329934821
1384886446
445952739
286780820
2590862993
1038010730
2483281007
2499203504
1650338813
3491590118
967030971
860309900
816966185
980394018
350491591
3724456232
226907413
2229212702
3408624019
2199528580
2749225153
3784527322
3219338783
2402975648
193700141
4123886422
826496363
2885705340
467638873
2493821586
2615059319
2519211288
1930588229
662804366
1894689859
2808469364
510758641
3227168330
3948919759
1879140752
2404065885
2444243654
2409422363
2083680108
1218057865
1212686594
2719735591
557597960
1903302517
2192192766
2695449331
3997828708
942379297
1650191034
2322886015
487231360
2991566733
4074536502
2195411659
504134748
2772721337
3798002546
452380375
484059384
1673022117
3360681582
1306940835
399880532
2882461521
4118676266
4225518383
3889492336
839665853
2317968806
1877586811
1400735052
1157722857
1303777762
1015700103
174115048
3048737237
2217329630
2062601299
601348164
4041111937
3177707418
957502687
2107608928
4105432557
1512958230
2725445675
372542012
2410959641
1120834642
800168503
1055859928
335828229
195999054
3906187011
1105165108
1805475761
2206255114
2253490831
3614009680
960077597
1732315270
4242684123
2275445548
1912602441
3086054082
3221718503
3546561736
2616208437
3994403518
3344563635
3241908772
2634977761
116356218
580185151
703692608
3343932493
662291446
2825018763
3773859868
2370271097
1361423666
199695767
2489258168
193892197
1683352622
1695463523
16463124
1391792145
1822096618
4153899503
3585528112
527115645
4071562086
3302911547
1662222604
1739439017
3492955042
879452487
4064190632
4055006869
3240505758
3745308435
1609387012
3620985409
2938790234
1238643615
1459117856
2864511661
1920470742
419523307
1186493948
2618674137
2224961042
225399031
4045532312
3723426245
3774714638
3522130371
748740340
586018929
251961802
1753618767
901064976
3946372061
304848454
3258340251
2890819308
170043401
3148907650
3448630439
417854600
2425815285
2584940670
133263475
2506419684
138826401
2186329658
1571302143
4121702144
2878458125
1860225462
3836225611
2349093852
104288313
812658418
3189912663
1697626232
717067301
744335854
718134051
2554886356
1755316433
620082858
2650106031
106721520
792379965
3345912102
1531046139
2781428940
2306262121
2074359138
3947309063
894974056
1580577621
2979290974
1926214099
4078600132
1635646209
2828700442
3102265951
3003444960
1650902893
1819014294
1739494827
1900814780
1640236185
2211682258
3554133943
1015051352
2643615365
2368614606
1459745923
325714612
2099462449
3299228554
146630671
312781008
168351901
808449030
1650011739
234619564
1640108233
3980744258
426709863
1904700488
1277597109
3697417790
1026532147
109445540
3801273185
2789197818
1651386815
4160396992
4090754509
3604057974
1785508619
856154012
2429806841
2315284658
812124951
4278984760
3993327845
3861325742
702791139
1769831572
2240786833
1615736938
3317045103
3783643312
641408765
2250753766
366224315
526301324
1528597801
3385583394
266186439
862818344
1476503573
2335460638
1885947027
1495233412
1453120449
1534620890
219164959
3917823648
275862573
902404694
557482091
2309983612
3246325081
707705234
3786079863
1892334616
3752756037
3053489806
1657485123
1643832948
1929204209
3324351818
2646046415
3052923024
3127481693
521013702
537577755
2422824556
2308848009
2792351746
2993355303
486712328
2338253429
3401772030
30709235
1885263204
1421087777
75272634
396814463
1755106944
4107723405
755766582
745536971
2847615836
1843216825
664171122
561553879
2444511224
1109777829
393373038
2903531683
3227140180
42213969
543451690
93947439
2398285936
2301377469
1822080166
2538937979
2475947084
1298077161
4100544738
284095879
205432808
4225129685
1137048286
3536426835
3451660100
1072725121
964959898
2366263263
305745504
1771872493
2085683222
2556767019
1134737724
1543943705
560962386
1437136183
2646655960
4043532293
3241454670
2685090307
1142131252
3174834865
4114788106
506742159
661579856
3776647709
4236631942
4262142939
3612768812
1383539273
15743426
1732354279
454663112
3405774645
989166014
2963294387
4004473124
1198134497
4006026106
605185855
1062387264
3277492045
4283456246
3715238027
2212378396
2652068473
2465346610
269744279
216543160
3554615909
100623150
3205743459
2828977172
4164768529
653812714
3026171119
4133736496
2630752381
2022142566
1116002619
2250829836
2432589481
4114385570
490404935
2676719528
645124501
2433312926
1420864019
1286642436
1715002689
1954383962
1066872479
81862176
3802705325
2915182038
3756955115
317039868
2451255001
3545644306
244427767
2468514712
3729853637
3565849102
2038561987
2775838196
3567235953
4089284810
1089721423
784967696
584928989
2790749510
3206168219
1183012332
1292684041
3599125378
3333621671
730616712
1204409333
3266955134
1683143539
1563933924
1668601249
1994351930
4000359935
870084096
874445837
2606653622
4029862731
355533532
3795202873
366196210
989466455
543676280
267462437
3079545070
716039715
3993700308
1065042897
4123663786
3905463215
3214438384
1709225277
1739450406
975393787
987605964
381314921
2248506466
595706631
2366904168
1956251221
3904804446
1893629139
2445070020
3526753793
4263817754
3950431583
1497148896
2958391917
4158458774
3398877355
725110972
2222745497
1772265170
2871337655
3769635672
1951887749
3586271182
435126147
836506036
4058514481
592847498
2092311311
1405626320
3832564637
3124939526
3858241883
28307884
3391042505
3237092674
528428647
3457862472
4269566133
3083851070
4155239987
1471664292
294934113
1854238458
2642519231
3187269056
3689162957
251012726
2540854795
1903398556
3137719289
3120232370
2699748887
1005797176
589032421
4057898670
2057226467
475990932
1895691409
3466172266
2039763567
1381027760
2837713405
3083738598
1626377915
3044157324
2404593705
545533474
3531819463
882405160
1124662037
2158330910
1645416339
413188740
1286069953
2285476826
392768543
1728839072
3345155885
1214361942
3944590187
2153430140
334127193
3457466514
2317572471
3593034520
1071027781
1788577166
1813234243
1426847092
232068337
2781641802
138097103
3727320976
1251215453
2517098694
3043275803
3969666412
3664665737
435400450
2154173735
1116013320
2883042677
804758270
90956019
972006500
2055771937
1735997626
403006335
359337344
258610573
668445750
3320883403
1818614364
1765942457
1227356530
10910935
2404017912
4196364453
984669294
4188433315
2136657748
3850724689
3005665578
4253204783
3595366256
3948424893
2796032934
1504479611
3114689356
1804122345
4269318114
2566885511
3050866408
2927669205
1316893150
