1345786165
2985124798
1551051443
3228623652
4007216865
2673386874
2456971583
1291769920
2440290637
2403697910
4120980107
3620663580
4117286009
800390706
1551121047
3122104760
1193456741
244960558
254223715
78036500
1010894097
1981050346
3737663215
1937664560
2592336509
1315904614
117734203
758131212
2541244585
2178536610
649313863
704207272
1021567893
501633694
1529121811
3734967556
3186691905
784601690
1244147871
2265593888
1763377069
272388054
2799613931
748904188
2732171481
2960000786
2101538295
1148118424
353214149
4846606
