3628296483
466923220
977452753
804084906
246208175
2474706672
2480562237
3934099238
3043571451
2161914572
1030832745
3146816354
1357665799
2903477864
3838382421
1820599646
3487612883
3599513028
46676225
2081665306
1899216991
665257184
157672813
2069133974
3839976363
687118268
1515586201
477199826
4085282231
191187544
846544005
791115470
3096347267
3860936884
1978990385
2264981898
997971471
1143226064
155678365
2270296582
4084694107
496629932
583765705
3505699906
2180727143
419021384
3241735093
1304749118
2954342707
2950870948
852234593
2514218490
2055215039
2478290112
1496454093
1787630966
3092676875
1845187996
372565753
3273742002
2830612759
3630954040
220673765
2807262638
1929858019
685748884
2769317777
3549156970
1710982511
1826645680
4153982205
3806121190
2171171259
2970070668
414518057
2059291938
2530270407
1880811048
3809674773
3028947742
212357779
3320260996
893721025
3233258202
275324703
3252507808
1269723693
2144870486
3277540971
4117627772
2737765209
2371002258
2921442423
438669848
2425315653
4158641294
2265302339
1804082292
2024607729
2747677514
