1072856873
1226125602
4094849223
3244780072
1687009813
3212654366
4284032659
1096412548
1479609793
1575681754
1239233311
3770308768
1350542893
758105174
2150015595
3275310972
3080286041
1425179538
3390586999
950212120
59184453
338425998
3510344003
1455153268
778437617
1667407690
3855415503
2732294800
2069129053
4238783430
3464981275
3880360044
4095552393
1162752514
2402335783
274300424
3416521845
1433458174
837122035
2907066212
2433828385
421796794
1596254847
1892608128
3753784461
1198997302
1352474571
3448890716
4158698425
2871999602
