51600275
3488390788
1361709761
3965573082
2032678943
2827458976
2530341677
252423510
1478981483
3709999228
884083801
3535830162
2411980151
3273160472
1227031109
3800367502
2790723139
2260652404
1402093809
3689920586
2918006223
1694303120
1231942749
1730206918
3826352155
279619948
1674643593
813591298
1213833511
531308296
3522111861
3153662
900869363
466190436
1010877217
3948639418
3395972991
2471799168
3295609229
1528801334
2868933835
1165702748
3992965305
1699853682
1806502103
1181188856
2613173413
3002620014
2897196963
3072043860
234393937
4035448106
3042626863
1829604208
2370312893
2212433830
434066811
2776809292
778134761
67197922
3084459143
2695668456
3664649173
2928979422
362458707
3229897284
2285677441
3608969626
4030289631
2271652192
1378631661
200676118
2220433963
2456831036
3570976025
1830051410
3719879735
1805221592
42395397
1887182670
964563203
3482481972
1464865201
276812298
1195445391
3277783888
437154077
532394630
3570981595
2511521068
369684809
1053932738
820463591
2819430088
4183768629
2951064766
1344593843
2610238500
1144374241
64552570
2171399743
1035311424
1956752973
1564929526
1015644043
1350124060
3679775097
3309336370
1472159639
178678456
1158291813
3452458542
2954500707
3952815892
1689305617
2114914026
276298735
1055484720
2857957245
1148110182
3814068283
1806875404
4074745257
1780977058
4217119559
3955522216
1012568213
1155210142
2124988691
2255734276
1262750785
566815578
3235722655
725186848
3966192813
2798270678
2548665579
2282631164
1066155481
621674514
2006487799
931546776
920882117
429194510
1608242115
581818612
926065265
3614288842
1775737679
1923400464
2227154397
397428806
2142172571
771399916
3908934153
3946499714
2333060775
1573572232
3170374389
1244461694
645812851
1452828644
1149207713
1025787962
2640456959
2162837760
102046477
1547170742
3335604811
3181841884
2341913145
531953906
119305815
1110512248
3081446949
1050285038
2216377635
2286056148
2616046289
382976170
1480059567
2911439600
2077922365
3677895462
1346079483
1593997004
1752872553
54755170
2144987655
739775080
2697971029
949176670
3103626195
3715824068
2734697729
3189970202
2983449695
734005472
2588088685
222830230
1704507307
4055620540
2509010585
611148242
4230154679
3063860824
3002658949
3280968398
1144018563
735116468
737801009
2457421194
2356210191
4203627216
3997280925
3971915270
1733546075
4248976556
762249929
3480854594
2777863527
3231991368
427403189
616958014
2474542387
3901979556
2782791009
1761432058
1158294463
3568482496
227100621
1706211702
2090325259
2697238940
2139446009
2121218738
2021936407
1556576824
543484645
3408761262
3010666467
416380564
1282368401
4237703786
1666881903
548170416
3331125501
3321589990
1129301435
2201088652
1072856873
1226125602
4094849223
3244780072
1687009813
3212654366
4284032659
1096412548
1479609793
1575681754
1239233311
3770308768
1350542893
758105174
2150015595
3275310972
3080286041
1425179538
3390586999
950212120
59184453
338425998
3510344003
1455153268
778437617
1667407690
3855415503
2732294800
2069129053
4238783430
3464981275
3880360044
4095552393
1162752514
2402335783
274300424
3416521845
1433458174
837122035
2907066212
2433828385
421796794
1596254847
1892608128
3753784461
1198997302
1352474571
3448890716
4158698425
2871999602
1790370775
2317984248
1811378085
4181905262
2296496803
3909630548
3472217169
823555114
3365931055
3222506096
254807485
1115186854
1599258747
2617323084
3926329321
1969005282
3334846343
3413279208
2756996821
3478709470
1283160403
3989872964
4086738561
1927325850
3485028831
1642621024
3286037229
3024169494
978537771
2957407036
1181952025
1616733522
3684151
3444776408
1968044549
1898583630
2981993475
3475932212
4147565745
736737546
1823197071
1934393936
280486941
1697155462
3087648219
2412819500
231216201
1719174082
380199655
1286239688
1345786165
2985124798
1551051443
3228623652
4007216865
2673386874
2456971583
1291769920
2440290637
2403697910
4120980107
3620663580
4117286009
800390706
1551121047
3122104760
1193456741
244960558
254223715
78036500
1010894097
1981050346
3737663215
1937664560
2592336509
1315904614
117734203
758131212
2541244585
2178536610
649313863
704207272
1021567893
501633694
1529121811
3734967556
3186691905
784601690
1244147871
2265593888
1763377069
272388054
2799613931
748904188
2732171481
2960000786
2101538295
1148118424
353214149
4846606
1349934787
2162747380
4281099633
2379125450
3620558415
866206224
1395400925
67379014
3868909723
1519882220
187677961
213423490
3401370023
894905736
3824346613
3489378686
770153843
4258477796
1744177057
224063290
1169336319
553814016
4150939149
2329774774
3731092811
322682076
954049849
1438679026
2356957527
2622566776
514242853
284330734
285427747
929890772
1829828049
1297098666
3163760047
3802991088
1833469757
2812252710
1562703355
2055136716
956717417
676120162
43812103
2092691816
3405518933
551911518
2786352851
3481618628
3221237761
2203401242
2146029407
3890202592
1962527853
1860253078
2559107755
1812990652
3985430937
1860462802
3757597879
766930264
2944795525
2806747598
3626361219
397085620
2131146289
3939576970
2649859343
1805238736
2809208221
1996059910
3707419483
1801333676
1024730569
3519964994
4197118055
1243587912
2207742645
89898814
2164445235
19745444
1697089633
887814394
2678433471
1687812032
2791406285
1207914614
1034256395
2476230812
1124023801
655475122
4186908695
2694224184
524516837
3322742958
422980323
219874708
4196771473
4169769322
