2802668243
3781274820
1007240193
1640185882
85459807
670067680
1529487469
2496493974
1285576363
1031335612
2662886809
1058204882
3740080311
870027608
1338038149
4005582286
590075267
439381940
2309278257
1691365514
3481065743
2053334480
3271979421
2433136902
482291547
1116737452
1333049801
2947410754
823960679
4129147208
97996469
3306259262
3444950067
3264982692
4154104929
1924857082
147708607
3562838976
3835416269
3798832246
2824270859
114502812
3621048825
1122125234
1539169303
3433938232
415781349
306433198
3994427107
3954338196
1571666577
845849962
885393519
1750797744
3931977725
2195262438
1230152891
3174122892
133936681
2088172578
1508622279
971664680
23519509
185479710
481813907
641966212
2422285505
2693147098
2984272415
77446048
1736289581
1038098262
2153595243
274291324
1154246233
3992129170
1501646711
3555907864
3108371525
3991384974
4014348355
1927172980
2432162545
2138344010
1767368655
52667792
2280664669
551145158
2766260763
314207084
3085558409
2795339010
1796836135
883294472
3937969013
1929859326
2861283059
835813988
3178552609
3344746170
2133301631
967560064
1080540045
3940358710
2500542155
780367964
2142710457
2742896498
839873239
3919766776
550622885
1013189230
4061381027
321662292
10169169
371580714
34240303
3920964976
2119652541
2093023654
1707384699
363037004
3747036905
1062825442
2491287175
1682474216
4150564309
1169481694
2015967315
113071172
32359809
527881114
2608562399
2961099616
1475475949
1226605846
314108971
2982774332
1856839449
2730029138
1799374391
3921010904
1258545413
1416679758
2916555523
739505972
1437576113
481731594
1068873359
1996989776
1009429277
3292963974
777200859
342132524
1247529801
870502082
837890535
2194274504
1761785909
1741610686
1927834035
3263108644
2900614625
1024217210
3719567423
1645132608
582248525
3562430454
2445166987
1721992220
1137066873
115214642
3068905879
3961769144
1064573797
684066862
3320325219
420327700
88955921
358537450
254911983
3256028464
3154260349
1092794214
216357435
3648355596
286230441
1299292066
3410693447
2250398888
2368408213
1510821278
1948338963
2123286532
3647940161
274021722
3366543263
55810848
2705786541
608348886
376657643
2508812796
2098894809
3341062674
4075420919
1155836056
297436613
1209773838
3382631875
831609588
1351367793
3730210250
156648783
2647614736
2222319581
1494039110
2077441947
2874041068
2542433289
826138754
342071463
2689183880
3178597621
958934142
1093393523
1348757988
1856478881
3851000378
2335397631
88435456
1614927117
3969476022
288363595
49500124
3837926457
3066333938
689102935
2213573752
3782156325
3710502382
877872931
3373724884
1149521105
2983563946
1929090223
2570366192
2820525629
2378050854
1635046651
1281833164
2380566633
1618973026
3977434119
1060631656
1601847125
3185015646
2338332115
1232600004
530925313
1692493594
2752095
2497456864
2017252205
4245852310
1582072235
4015594940
2429866137
2230711250
2403234743
1967075416
3660180101
2930265294
1834836099
790003380
3125644593
638850954
1022989327
4282049744
3314672797
2095943686
270670427
4214750892
4030061769
946778690
1630584679
216344648
3838910901
1020475966
4027977523
2000780708
1803558753
2459214842
2925876671
2601507520
2379219405
1097214838
1176542987
389208988
3815421177
3169897650
2269427479
550034488
864216293
525288366
3356830179
2936535188
1459617169
759827562
69747567
3604614320
124398333
3763561190
1177751483
1916318860
110516521
4064494370
2828360391
4014558248
3406967829
2798872862
4171608211
3812159364
2639275969
3470479578
3367853343
3168303776
3516096557
3242997334
2097441899
3002632572
2325465433
3320649106
2667424375
3397744664
823267141
769043086
2211619651
2422432372
2343804401
363819338
291480271
3809092752
608084317
2376574406
771732763
3890305644
1696466313
2738177026
655926823
140271624
2614457973
2291140606
442958323
2463519076
3425525793
3589107130
772412543
1529744000
2027149
2692526390
592439755
1998727004
2155875769
3810709106
2420198871
4067230712
577726885
1962312046
3421359267
379632724
2508222033
2306623018
1501016623
2730699888
1588021181
1990351014
1574963835
246018124
3957645801
1014805730
1821548935
3054920680
3971147989
180426462
3065119571
2274468676
3677341825
3221420698
1763933151
2466810464
1644866797
514825238
3311081259
2485630268
187662873
868874066
1088921911
1417117656
1664283653
728156238
3082724867
2167932468
2105437873
2397604618
2101899663
1358767184
2235309597
2835053446
3626766299
353007148
3338858057
2337379778
886787303
2456770504
1598196533
4062090686
450802867
3202540836
2037342433
22280058
2967573311
1029700160
3421412173
2543646454
1534981259
3061920540
3166840441
3004862514
3267929239
3902598072
1525984869
601849646
1251815267
195117076
415604497
2284601322
3383353583
3836742704
4069860477
1315638886
188466491
2776296460
1854941865
954984098
1741334599
1935621032
2702990741
2673902750
2152011283
843192068
570698049
1779983450
3894172319
4012661280
2657270189
2197602774
1242595819
111583484
1934621401
944544018
1404852215
3805628312
2102171845
3440944654
1944152259
3981732340
141426545
863986890
930349135
282321936
2370460381
2896761158
3513199259
3866317292
2795804425
3397625730
423146407
1792937864
1809342453
255779710
205334387
3609671908
470163873
646463802
2645283327
4184189440
3321825293
1955003574
1634385739
688914140
1492188985
1989677554
1570421591
3004732280
1238545189
835337454
249778723
1506378708
3113193425
2870606250
1803472815
1147186160
3354640701
627934246
1896235003
2053875660
2136486761
2706430050
2298310407
3336819560
2232324693
3664884318
3491686611
2668251844
2056079873
3202059802
208140639
1761864160
3143337581
468952982
3722751147
1043680444
3820827545
4248107730
1983631031
90099544
1277099397
4172039118
3808095107
2155384244
1698844721
1697906314
3064090383
2857264080
2703841181
913336070
2624652635
2145119660
1422065609
4203444546
586209895
292063048
3193369781
900788542
3376568883
2002996388
481403489
390744826
455659711
117381568
2198877389
1157284470
1742096907
3800992412
3586955257
928732082
1601671703
3248487224
466188261
1685502638
2743088355
2363066260
278806673
872772458
364281455
697633712
2743279101
2036972006
1912568507
2436637580
3472686121
4016802338
2129327559
275000104
4115236629
4055146526
3774839699
1235893892
2911578817
1879865306
1556502559
1481587104
2914325293
3612626262
328701803
781432956
1027026009
1816337554
119932279
198448920
1550459461
1407295886
4023070275
2791600500
2361090289
1170626634
831741391
1697424272
3852014685
2752609478
2081005595
3305392492
3793627273
1965624066
1623441703
3318660872
327043445
2067054334
3970845939
4216791140
2754732833
1700402362
270045055
2649508224
1474437517
3602401334
1635816651
3065828956
1947529401
3206829426
2266966231
1140007672
3180919973
1101330542
1395906467
4036053844
1991356753
615427370
1594944815
3154979696
167983805
2283777958
2967958907
2913754956
3460203753
1560017890
3092462727
1872773864
244136917
3672722910
2913390163
1843524164
1136511873
4016775578
536311519
3570288992
707747821
1658762006
1038697003
2340545596
545121561
792133202
624622647
99950296
4209903365
1148763982
1158820099
2329417012
932786609
3069604362
2668047503
1227793232
1062834461
323768966
1928395483
1504470316
527831369
1411144898
2708563943
2278602440
3893255733
3045739710
3510697907
2126689316
2605114337
1652006522
591072831
3052222784
1496632909
3078589942
19505035
962257436
881461625
2545096498
1397850007
701631160
3691069797
253031982
683555427
2427506452
76145169
1054189290
2655919087
3817409328
1077155709
1330603366
2424188987
1400658700
2916928937
3821153698
1677083463
3294108328
2912530581
1271905182
4040483091
124872196
2246388801
1857522522
1555781023
3057719584
2777312429
743626966
1872342251
3368013820
3998309849
2949685266
2939859703
3280070296
879406021
4029783310
1301279683
429095156
3734749809
1518619594
3049110351
504652560
1395314141
1642129478
1139217819
2710847724
2643114505
1898278530
1941556903
388918920
2026320629
2054265470
2444915315
3714451428
2863703201
543352890
3142601983
113371392
1539848973
890278838
3113314891
3190336988
3622560313
180852978
47093335
586986104
3821159973
3532043246
4007615779
955781844
2464600785
70934698
3928885935
1204333296
1255519293
2360924966
864267003
3328972492
1587009129
1031675746
1888750087
2924196456
1865344341
3123177822
625587155
3524827588
2093042945
3752965402
3654415455
2489821408
1418082669
1634778774
2070468523
437091260
3346110105
399507922
1139091895
3560599128
3584036997
1020017358
872707715
4267089076
3129152305
2452612490
3967224335
1805509328
2244790941
764362246
1907093595
3229342892
2904302281
1711554626
643626343
4087866952
3261646773
531277886
148546867
3003194276
992945505
1893462522
4279782335
136992960
4099696589
1563122038
3178755339
1491483036
3740957433
572644018
2488691991
2670926392
27003621
1371156910
811024355
1965495956
3129508753
3063732842
426817903
1351355056
4003991805
3189510374
2092426683
171676300
2435817257
3824144674
2364313799
2369456680
2953632277
1538381598
2244298387
1234668932
4044500417
4095319770
503010079
3338795168
736282157
4026033238
4095132267
1932191612
2359201625
1358242706
1106927735
2279519768
1800287557
3490224270
3811555651
2766241908
3289326577
2142846794
2045974735
2039161488
4227827549
3558298566
1056934683
2585999468
1592413065
2356728322
3357203495
1560092168
2175999093
3136648702
3512834035
1532227428
1971480097
3852647354
3578989183
4058417280
2008110221
4254064438
4288495563
3713238364
2322977721
2810305650
3332965335
3459596792
575573925
309292910
937812643
2432555604
3559846993
1472009258
3268814895
630401648
2959814077
557385382
249225339
3802844748
3060017129
282542818
666883975
2162565608
2364772053
640517342
218601811
2846769476
1805110913
498026650
1878487519
1708132448
3764392685
2242497046
744713515
2279084860
3734521881
83887442
3359266615
3996040664
1110776325
262583886
97631235
955524148
3019895985
81811722
1425139599
1335632464
2592277533
1933126022
2929845723
3528086572
2209690697
4265812930
666075879
1391334856
862335285
571605950
1175407283
4062085924
1114269409
3497477498
3837823295
3149297728
4203151693
2751341814
851528331
3744502044
3676171385
614964786
411458199
2680367544
4070167653
1516662062
273368419
2554093076
4170851601
2841316842
1025398511
2929592880
3571387005
3016735846
1286380347
3547974156
4277498025
3186914466
1875762759
1762458024
3802334101
3478844062
1976609811
3994858756
890384193
2385687130
3599126687
1217517600
3871219629
2420436950
923719659
3419733756
505331929
2645600018
3043298807
3605693848
1729412805
560370702
111836867
2790164468
51742065
3278189258
875787855
3046171152
102187229
3904159558
2203254939
3434164204
2889669897
2502112642
3555125671
2503658888
339871221
3938472318
2174991731
1394661092
1252468641
1125748538
2485176319
492447744
1369271821
2654350006
