952161391
1969187248
1279124477
3418998758
1148465339
2276286860
2138120745
3799349282
155192263
595216680
2875002133
236351006
1745547667
1011039364
3263434945
575940058
4156435999
3693680544
3694745901
3186613078
2719075691
1649178236
122475097
2239793810
2266536823
3639194904
3514247237
200208270
864822339
4281659252
1871038193
1689355850
4124619727
1660289424
843504221
466127558
3723056667
2783217516
3023392393
259651842
3014907687
3401833736
3957641077
1741524222
4035232499
641670756
254658849
2814952122
2265671039
1334126464
4078528397
2490029622
103140043
748983388
1418565305
1835582322
1651293911
4138189048
901317285
3014215278
1920978339
3513829716
1010767697
2038487850
3926999855
1398114672
3156476093
4172135846
1605512059
410754380
3682118377
3927173602
2841531015
1039425768
4207329749
3677952990
2613593171
1620635716
1312600449
2105593754
4167388383
2074486624
1402578413
2871542038
372865067
3273171516
2430176025
2650958930
2439221815
1439218904
3349220613
2482244942
224995075
1665569588
2305398705
3710885898
3594683023
561381712
3631044381
271671430
