1523165023
1296941024
2757715053
697953686
2772056747
1377927868
1245704601
3616317650
2933079223
4175652184
597597061
823871950
2466396547
4159407028
1243401777
1619027082
3760684303
1415952848
4137465245
2998938886
190976859
2343412652
1122844105
4117012290
454805607
74095944
271979189
838432574
2488608819
1668006564
4263747681
3276288250
1991343807
541323200
517149389
2152990838
3544373259
1973797020
3548272121
2031483314
1242955799
2306838840
4259845605
2163785902
2055111395
1758952852
1921498769
2199181674
841133167
862413232
1467317245
1546420198
3871836347
2465782156
3692444201
3060248610
3336364999
1518420264
1971823893
584066590
1825130899
3908940932
2345412801
1821203930
16123423
2886668192
1136062765
3789591382
1453008235
3730173564
3516394073
249610898
1330344823
1569631512
2158477381
636921742
2436922435
879585140
1530126065
303611466
1550224335
876214672
529166941
4006036166
170438171
3123445612
3987105417
1640509698
2214375207
2089211144
3650840437
312689918
3165592307
4218787428
1321328929
1004403386
4168039807
4054261632
4020436877
301436470
1872437963
3769240668
1587850937
2082798450
2555090647
2500376824
460692133
1523383918
580920739
1042628948
1631137617
1472467754
1942690607
1976926576
2977142973
4232607142
735937403
1405031756
2008400617
2294161890
39004807
1752389864
4060699093
3391804382
90086483
1011574852
1243400577
3916564378
133506271
2919505760
2335129069
4031838486
3399143467
1293556284
3770458905
2149229650
720267831
2347087064
1240048901
4130587982
1710587651
1702300468
2913972145
4199471114
958945935
3543267664
4224249629
845682822
1849559259
774511404
3327938377
2558624450
498619879
1480510664
2154396725
2921255614
3023031731
1224157732
1291117025
2306966650
2254421055
1511919424
183741517
2024068086
2146577803
1881020444
167233401
3053042994
957083031
3659374776
2476466021
1793260590
2123925603
2245707028
900685841
4226878698
425085423
3813105968
2032301437
1524509542
1604468283
2481262860
1907493801
3662304162
3724816711
3252760744
1381224085
3208069534
578465555
3136347140
4066519617
2353295706
1988559775
720170784
4018686637
3265994454
335100651
305006076
3631094745
2499429906
545005815
1403550872
2351188421
3348275982
2078360003
1992847092
3125821553
3135418826
757918031
4178426128
806890461
1533193798
4200735643
1265104620
1573845001
1934660738
1997454503
1465025672
1096831221
2586583166
2509717619
665877988
2709299873
3186806330
2269313791
292077312
1166350605
35379638
1997011019
2009195484
2520227897
1884569330
1796670551
142493816
3541754917
3069884910
1495771939
196610260
3366605009
4049323690
964966575
595394800
3007451709
900571430
2765469947
2536164556
3133871209
1691108706
1219491847
109758568
858194773
2008379230
1054704083
548278212
2371635969
1187289882
325821023
3129573088
2776766317
2259616918
91645355
1632743868
3647755417
2000660434
3467941815
1150747736
337096325
2144551118
4257465475
337744564
3117781297
3046394762
2939435023
764229840
557328541
125240326
827653723
900043436
79585481
2348115522
3737117543
4186045512
423617973
747318846
1000698675
862032292
3038323553
2867976186
567867839
2403806912
873940429
3155992438
2275181323
190148508
2216966393
3035922610
757914391
2414522424
112371941
81016750
1024298467
1534921876
3001680273
2042904682
2870273903
2654363824
613576445
175560422
3728208827
1632651404
62971177
2718168866
4044783303
2519736360
4047697941
694508830
2504463507
3913483140
3821743041
3400697050
1700987167
3029978784
2715591725
706521686
835866731
776281468
3296152921
279628178
2488782455
2926660632
1854133061
3300236942
3596420931
2839705204
2768216561
203662666
4127082191
3094378640
4092126557
2489653702
1440127259
3500338796
3421145481
1009776642
1670105639
2123183112
3301456501
2063334398
1092249075
3351930212
2961859617
3795755450
1021425791
192503424
728380045
1952916790
2758790603
4271422300
343773625
1301971570
1041068503
2686638072
455290277
3660543342
1963602083
3236548692
1294889553
2531949098
80238127
2066972784
1372818365
385469606
2928209531
3054863436
3176359401
3417401570
1173865863
2425436136
2842143957
3389459166
544696147
1349498692
2121190529
2311990938
3006078943
819846752
2572677357
1521750038
3956079403
751323452
978257433
184265554
2418394423
2700563416
3894982661
4227447886
2959936003
1642797620
881750705
2689646346
4165670287
2708961360
2364170781
535621510
1789326299
3223325228
2215866953
2646624706
3560075495
3862178760
3233369909
1530825150
11933875
11204900
2089837793
3046714234
2132621119
2109689408
1077796685
3099290358
2151798923
3846948636
1208199801
3288745010
477677719
686211000
3173806693
2093773614
199070563
1203655700
2956436241
177107946
2640217327
2721341488
2143643773
1492550246
2022222139
423264268
407023273
3683949218
1981008967
3580759976
945103253
257587358
2603514387
1374956292
2785488193
3050805338
59375263
118861344
11795885
2251634134
1176921579
3499832572
2612231897
3488763154
2698935287
3957922712
2378587333
1264556558
4138978499
702250484
3779199857
333158602
1826268239
2959226896
2432474845
2278458694
847646363
1742530028
3187219209
2321963906
3212040103
4030129032
1238574069
1662179198
2503510899
3116584164
3253413281
918648122
1330345471
2648243712
1196575757
3604574390
2379391819
321819356
3749086009
1643628018
120512343
3656804216
1502508837
4067111150
3427251747
3149567956
3032847313
1450192298
2341958575
3136880624
3005744445
2385311782
1593254907
3464444876
89044841
2339212386
1881838343
75933544
986404437
1864345182
2150386899
2844810948
1666469377
1083097626
490315103
3472965088
212912749
3663731606
329158827
1300095164
157595545
2303635154
1698820791
520528728
740082053
2561095630
3555807107
2899550644
3822736433
3364106890
3396137743
1827715024
1692375965
1774836486
808708443
3952705964
3394995145
2615291202
1947205223
475355976
1557510325
3896042814
3647061555
2396217508
3915032161
930578170
3559683263
3817237952
3580328141
3699455606
4293013003
2617319068
1536564217
825165746
4243568151
588369720
487144421
13348526
1091082467
2828966804
4086842513
3159336810
2788369007
759259056
2965070333
878521830
1150574267
3651385228
892829737
1425817122
3808172487
2107309864
227166997
521573406
170975123
3540275844
2132160193
3685985242
2264661023
3764424096
2987284269
1156890966
3874847595
2536524924
1679994969
550555794
1007692151
2316299032
1340859973
2307954062
853905987
1452508532
890725617
3758787658
1203896783
518190992
760436829
597618886
2792391707
789962092
3120213129
737394434
13034791
2857341704
3061910901
7385854
1743892723
3684381796
463398689
1232816314
4102042495
2257034624
1060988301
2540878902
3375397067
1401121372
4246893753
4218161522
3162197207
871954168
4099719333
766372974
3034594211
1512726356
3312432465
1038934314
2213646639
550338416
4248796861
2303140774
3424672123
4268225356
415041769
1912647650
1028153479
1617630952
3444703189
352272862
872165971
168822340
2181877633
4177941914
2274433759
1391697248
2777457645
1941120790
317400619
1634891836
1286433049
1077457490
1141448759
1019540184
1173605125
2212213582
3192952067
1390094644
2377725361
1009690122
3684290703
3455645520
3474445597
3540895366
2549866203
3591502124
1570149705
1415254210
878218215
2581957320
3549766197
2172272830
2611504051
3151677476
1098377185
3196899962
1460056639
2124188992
2576618061
2507014646
2625471371
3447027228
3302722937
1248774962
3297878935
4234927800
2353595749
3201428014
848207459
3692946196
1124853265
2634537706
2073214959
2103271216
3715390333
2326452582
1482363963
3230396172
3768537513
3694846370
2916050759
2360798888
1457681557
110735262
3092137235
1249081860
3036164161
3393634138
632879519
4269436192
1542172845
3562753238
2856292587
537158652
600105433
1363563538
1542248183
115718808
452227013
2907214094
3773978563
2372570356
1719649905
2125496266
1018453839
1106425616
4008514013
1440111686
3348494747
1145951468
1173306889
4007142018
2642735783
2866233992
4040292085
18189950
2403718771
189930468
61188257
2825657402
1652551935
2206547200
3106635533
607324086
3968421451
1570193884
1937860153
1744260338
1408416343
740984440
1368263205
3120015342
2228470051
4198049492
1160566481
1533056170
2748755631
3937468144
1444542525
4131933990
201625339
1674554060
2107529833
1298846562
592522759
2722006632
1190898005
1772477790
300357587
1341042116
546853121
1093986586
674469983
2058681568
166428013
2494378646
2142419883
111546300
170465945
2109322706
578506167
2016559704
2611860613
3952553678
3314211459
2986455220
4163573553
156244362
3788615183
43005648
4052946589
1236840966
3086931035
2643030188
3284444873
2502620226
2332825959
1558493768
183995317
3573718078
495585587
1707159460
3404212577
3638109690
1034678207
218213568
851684301
1367461238
3960723723
396938652
2312371961
1573228210
1767805207
854912568
1894502117
3839829422
913286115
1077684884
1687324561
3132558954
3548208495
3498598064
737170685
1239385318
3386689979
3958580876
2692358953
1062241570
1284355271
12705320
4200439317
1944308510
2072423059
2520883588
2376937921
261149402
364967711
526601376
2756446765
2724780118
637838955
152533884
3768193881
2941441938
4134831223
3765078552
1423964485
3834088590
1457134915
744526964
997926897
4258100042
28425423
1469150864
4224306013
208979910
2885054235
3313814636
3889614729
2702411266
195952679
4023251464
3737510005
318859774
3778345971
652739428
3221187105
3784568762
3477778047
1389485184
1528600717
3944370998
2380080075
3479837020
1217615801
4120481906
3281332183
1082856952
3609351077
3309855598
2451719843
4192661076
4194105425
3167438890
2705771567
1453555312
3820450237
3274734246
883147899
481714764
3119688681
3953915618
2554657671
3355506152
2378715861
454260958
4025285971
1496077636
2230768257
2803530906
891360735
71654496
3754776301
2874031638
4025831723
3675825980
1205324825
2412886354
4137188151
1330549208
2471157253
4258900558
1067458563
675756084
3912235185
1038650634
2467597199
1219917392
4065413149
3150617990
2789001691
1610606636
2196093001
743561154
3995772647
1666378184
3908891957
2429679550
889630387
1787205412
3417008865
341604730
3189517631
1286982720
1190544717
2126289142
2225417867
412820764
2961141881
3107148338
3780542103
1152187832
821139557
2700304686
2729159011
855208468
506210577
593314282
1676868335
1690459696
3257880189
1610297446
2937683771
2044288524
4207408297
1279076514
892797511
3619409320
3724265365
351594142
702156819
2490288388
1328886593
965863002
2366895263
18557984
825189293
488465366
4031036395
4033450748
2694989017
2297846546
27734519
2493405592
1672381125
1565362190
3936150211
2440403956
2047445361
1801545418
1287264847
2646554128
2045347037
897200966
1771168923
3501900780
632381705
279308674
3242331559
1999872392
1717357045
3828630910
868163955
207416036
2527865761
2196947770
1893755903
2993519616
3406869005
1512611510
1126955339
1190916316
2186823993
4065514482
23237975
4011500920
3944324389
2107645678
852216867
3073619412
2850036177
1881996202
843180463
2728721904
3424119613
3724518950
1543371259
1193023948
1404697961
449059426
304335111
3484575080
2276981845
3611825246
2752373459
63503556
4113060865
3099004954
3831075679
2913254368
3442618477
630606230
4189251243
2093629116
196705689
3296771282
3059787959
1075437912
2462771077
3903006158
2190501251
330022836
650631729
3891789962
2774690063
3731600848
4149379485
390301958
2025176923
997547948
553241033
3889150786
3551802471
2872056136
1403346613
1659392830
3088995379
2821389988
2311171169
4279684346
240609983
4223200192
2083249869
2334024822
4231103499
1850506396
1054728697
2864190898
578382871
2945715512
844784101
554605742
3443699427
307607956
903400081
3841619306
3807615087
2014010800
3325118461
3137199078
504444091
2285802892
1971897897
3506490402
3721088967
262454568
3887919381
2546795038
2571662739
586870916
1066415297
3595172314
3249664543
1638009760
2828385581
2994270038
2667565419
1945807484
1776121433
741400210
1938087799
2709596440
2908752965
1167754126
4063930435
447325044
3895126769
3580648010
3553458127
1383855504
2404138589
3202784966
375937563
2213526380
2239689353
193940738
876682023
1057509640
1838592885
581837054
1558464243
2578502244
3450596641
445159098
2101422463
1616386944
2936523661
3747473974
2725629643
1649199196
651180729
2887980914
56296151
3050910968
4084459173
285137518
3167768995
2417982804
450247505
2206576426
214435631
213220720
893084861
884330918
2551394171
16830796
3505671913
2830319074
116233863
3075658984
449488341
1279504350
71944275
767861828
3073168769
67806106
1809649887
886250336
2014972397
1904563478
854293547
2310723132
1540239129
1774633042
1473500727
3365155032
3010821
3656622414
3831212803
3526313780
1995619249
360608778
3468379791
28308816
647412509
1243837574
1164555483
1307170604
604035913
2510593730
2980626919
847005896
821086261
4182093502
2094070195
4239287844
1261104609
654844026
1683859519
3624602432
2019850317
3836162038
3904428427
3065828380
988763001
2152978738
583489943
4054457528
3676711781
2469451822
204780643
1011941652
1905814545
227453162
109000175
1214471472
1576419709
1223133030
751036987
891473164
2528941993
2610655138
3159006535
2793188520
4255193749
2859212190
2681330451
535173124
2763929153
1941507418
3919245215
4277660448
2961118893
3497753302
3358975723
835371516
1112254425
3875693074
1108184311
2232613016
2549388741
3413016334
3283316163
637315828
1272925297
1240354250
1290523983
3016209680
1643247581
2528774726
3363426203
4246975212
2369750025
1607446658
3668650151
1162608776
3665009909
2087648382
849636467
2900605412
2868817569
911567418
711780095
445758208
2902582541
3904517558
1102750795
3210518492
1006316601
1896504050
3212734551
315016312
1446064165
2909050350
2251282211
3802809556
316628177
81093290
3872990383
3537173744
1159847485
3042114854
4276315387
1751419084
3080822889
1668899170
3970065415
2095203432
754995029
671501150
3869289939
3038727108
285497089
387266330
28020319
1473280736
2256855917
4246429846
832508331
2682940860
1041621145
3450061778
3505521591
1723695192
1098119813
4291501262
3137466499
3251752628
2679151921
3564889994
3307152399
4035130576
2786981021
1114267654
576236123
3042791084
301657289
63996482
4261957479
4147607624
1725903285
32115262
1495179059
1175506340
1441214305
439383034
4130268607
2678860480
3785363917
4183227254
3761975051
2414619548
2863908089
2282134706
3628091159
2297375800
2438264037
626660270
3045177827
250300564
2540375441
2870598762
2224411503
332029104
2944285437
4156044006
4046561211
2659583116
3831720233
2047677218
1186261703
2588122152
94913557
4208081182
326516883
1764769668
3300865985
2682200282
986639647
2535246496
4008407085
3844408918
31915115
3352942972
804051289
124446098
1665219191
3176384536
2305564485
482966158
3037147971
292467316
1797697009
3605479754
1846883023
4288836752
400208221
2868147654
2512799003
1515629164
3270710665
3680965634
713045543
2281615368
2465433205
2675365886
2332004851
603300196
1956933665
1683570106
2925765759
2669304448
1795096205
3829236022
3069868491
4230707036
3352894905
2399706738
734846423
2212713464
2035382693
2161201518
3840564387
215223380
1476099665
35395114
1987396143
855866480
566974397
1305946278
2792266363
2605137996
2378297833
420906210
960639367
509653992
2757294293
412083934
554865491
2010706756
1219418241
2144783002
3687123935
3567049312
2658319597
911764502
2345510699
1566115132
3096482329
1041745746
398143799
2559954904
3164406789
2284427342
1552102915
1083397684
1728151217
854612746
1049493903
3907351632
2615684637
3994569606
629317595
2412758572
1894252105
5465538
785571047
4150372296
3681590069
718628286
587678899
1649554724
4025905377
1720698746
4190839615
278678080
1574873933
925746934
2025358475
2547680028
2485859961
265314354
954479767
4083366840
3135684197
92950318
522829667
3894710292
1834004241
3416002538
322400495
406871088
3771282557
3044007526
2170180923
3798481932
3833412265
978695842
4077533255
3908668328
3855773077
922703006
3392513555
3705235204
3851630913
3904648282
3947752095
3893406240
165333421
1584763350
3792900587
3559387388
952175321
3681184018
3441420279
3359872920
3888556229
1739290126
473299139
989837812
201396081
2320970954
3981021263
1946956816
3607522013
3918913862
2488122011
3112739308
2895750921
1280669570
2579514279
86007688
2098622453
969257854
1005959027
3706095844
1889350049
848564538
1059414527
2884762112
2399082509
1072155830
2553630539
3065597660
3496611641
1411244530
1044794199
2267997048
3268723493
3108310254
788521507
1822217172
2955583441
2304362922
1906073519
1799420912
4046967101
3963769894
2763313147
3081304012
3646243689
2542446690
1657601799
2580423528
1725211221
3420488286
2308929747
1408342724
2754370049
3427753498
808028511
1765292512
1709413997
2335995798
3614915755
1611046076
3510518681
153275090
573529783
3692896088
3618180485
2702119886
517962627
2893274548
2464505905
1054592650
4043824911
685159376
771057565
992818950
1692898651
4215356844
3335000009
1496140098
3121113703
821745480
1956971701
570933566
2961893939
796040356
1599648353
2586188538
2771542207
3906693568
2468365517
204182134
1211161099
1820842652
4250249209
1706107826
984818199
2936425272
3185280997
1640073902
2670511331
637327252
3108589713
2098545514
1751387759
2479184816
399977981
1880000998
4080929467
516518796
487197737
2859817506
927630791
2426305320
2216662805
217280542
2584742803
1491177092
1295661761
3696248794
823650335
2949876128
2806850349
2859277654
4273612651
4105504892
1657289817
2969627794
1974048119
602040088
419705413
3658772878
1329577539
11518324
4100878577
1916676170
2156457423
1325724560
3312788573
1084116166
3658493979
951687532
3493017737
2157632258
2657833255
3132165896
2128370037
4183527166
461823219
3048632420
3840471841
788915386
313663359
4279802240
3204592013
1773738038
2070619339
2365990492
1538130105
239740274
3974805719
2594796280
2562395301
2227161198
3127928739
1610914644
3782000977
2827910442
2387508527
3113057136
3647425213
2123661222
263587195
3683233612
542872809
2899692514
3745696903
3978990312
1517505493
4026015198
4131872339
661209668
1769790337
2323575194
886638303
3550648672
2195156973
1774682902
2862338603
1173566524
2384393497
2093272658
3863907383
2941480664
4170716933
2021363534
1477886211
1668506932
3915137457
104743434
2458696847
3998675792
2185601309
396960390
4136078043
363967788
2577080649
3697159362
363395047
2718107336
410807861
2508266686
3618213811
2339505188
3926782945
1123249786
778346047
3865676096
660921933
3864026614
3835965323
2884907548
3962771833
3618170674
3551334295
970480312
3363173
1744815662
2341128803
645144340
1096086033
3448076010
974892015
3294190384
2057840509
362034534
1557971003
1906944780
336190889
2557214114
2306200391
2402445992
3331309717
716082078
1493528851
3142104580
1102330945
144399194
1110238623
2892327200
1833073837
923510998
3990633707
3347128316
3020058073
3593367570
1390297847
1311782552
2200222661
2718199054
2753856451
3229534452
3933131377
2627476426
3721612111
3465327376
153542109
2651699270
2098046363
4125724908
3015690761
1178025602
2927713959
2796600968
2118468341
2352507518
4289921651
2355451876
394769569
3886987322
1594481919
1452161280
2701675277
3484509110
4137417291
487718364
1873080889
193816818
767174231
1012073080
1627674149
289506286
3711692067
1158374100
2982273745
1840918698
2190187183
1541995248
5882941
4073564966
4252121851
619275980
3906266729
653782882
614701575
376832616
1697969493
852932958
1024082899
3493849540
3735051521
1214612762
533955679
3520854240
2605599085
1073319574
2604361643
2904476604
4113737369
3875394002
1511569847
2419637848
2238324869
1013910222
1579746947
3281120436
812000049
2534913418
3642530319
2003186384
3201882781
1905004038
4032987227
4246809772
1868640969
1474695234
3082061159
1215968840
2901858229
859928638
1851995443
1414556580
3591779681
4009214458
3412188095
3343296704
3232528333
865872246
3826418955
4095707548
1724091129
3015158450
4191288599
299461176
3891141349
1178927534
977522659
1200252564
3413349265
3404507754
1046366575
3892075184
792469757
2483085542
3560338875
4178109068
1333571369
3526992162
1603018951
3803535912
2468538901
1043375902
3709195923
3792625028
151076289
4221398746
1418519327
2613463200
29021741
1917924438
1165578859
3935057788
846176089
2566058898
1522397303
3308062232
2351449413
3984287886
1894009155
3631009908
3020043249
393285450
3140004047
816018064
3357251421
4024705990
2470845211
253266028
3711916937
1797956098
1073900583
3340725768
1632709749
2690401790
3195676659
1056128868
1316582945
3935210426
1512872575
1884477568
3675350157
3754995510
2680672203
81581404
307159993
2582097010
4139029463
3928723960
2175836069
2362064750
3982652067
2041653844
3878290513
3873236010
72595503
2421389936
2349809085
921556646
2213113979
2982682188
3099670505
3555791586
2834261895
330330600
1830395605
1115444446
870852947
745902404
1234624129
2483230874
655950303
568612960
1430790893
2077399574
1062599979
864641852
209279001
2513294674
1938679607
4241296856
3827247621
451511886
2266385411
718238772
771949745
4285016330
2058844047
33845840
162468893
919992710
1752724955
3482297388
3457827913
2579821506
371921639
576742856
403980597
2840122302
1253563059
1745736484
1769043681
741545338
2989103423
1232259136
83300685
1645147382
3699104395
3809075484
1929837689
1205694002
2736908951
3037297080
3674989669
714161454
22533475
3879710228
497366289
2202721770
724297455
1018059312
1536367229
3646196838
1867197243
3538360844
1432518825
635323554
797797959
2301053352
3487110037
4118397598
4232133651
2872313092
3911270209
1129742938
2654462111
1005987872
179711917
3393044438
2609997803
4225126140
3826241753
1196324626
2202574327
114873752
2584661701
3933824014
192876227
2793002996
388535665
4038918858
3465086543
3007918608
676548829
606179142
851021979
2722529260
3534875913
3178562946
3371071911
436018568
234886645
3821478270
769412467
2875205348
3485349793
3315949370
974804991
174487552
320699917
135723702
216966475
3798379740
1235998009
123269106
1037697367
573776248
1623189797
626653934
1088682019
1542844884
1202005457
569808810
3383154095
2496461296
2726803261
955580966
3105596923
2686834124
371231081
2176923234
3794154759
3805929832
1478576213
3437817950
2967539411
436877508
4032847873
4216826906
2158591839
2176563168
1455750253
2337449366
753636011
1999829692
3656583577
3610564818
682497207
1930452312
2058826629
1105920462
685674883
4146854836
2821908017
1294965898
761091343
3425808848
2294828445
1434903814
1959357275
2868714412
1002853833
1878710082
2802622567
766874952
1070901941
2778148670
1118273587
2762619556
3927947361
2292541690
415061695
720234432
2588191437
3752378486
1675636747
380844188
385707513
3793367474
3315390487
2707982648
1066184165
1122269358
919001827
1670641044
4259960465
77599082
3062137967
7297456
632099837
3549378534
1142612155
491016588
2881180201
1633282082
1870248903
2156411176
1655848213
4270448158
2357698963
4105710724
672415937
1841731034
1429069343
1257572256
775194925
2899397462
2250538347
2573166204
3470983769
792787602
3263056759
2436080920
316168261
3338559374
3388265539
2292572020
3655464689
914355786
3455345615
2491281808
1338903133
684063430
1902642715
3446896492
437747337
186018050
3209004839
2638859528
1783758709
75037950
601453299
2947288676
3780507937
116601530
886248831
3804829568
4012677005
3062122038
3557849803
1404011612
465290937
2715890546
4180307671
1651093752
1681011365
149993070
767589795
1239005524
2570274641
755452714
2290414383
2807396720
1774399677
3873648038
3003702139
235048268
2264062697
4268251618
1179124359
2180141288
206303701
2149354462
2314531923
1996349508
419225985
207830938
1652882655
2942441312
1170527725
3698962710
4194052139
370905660
1671412505
4180859986
1870217783
1896000728
2939305221
3748887886
2575423235
2259125044
1693829041
2389577738
2802725519
334360912
1646561053
3147747462
727015643
2909377324
1046832969
2827467458
3763940839
1752810696
171447349
3593243326
741483955
3894780452
2652961249
2454633594
890999871
699926336
647316557
443124726
272598411
756781084
1487331193
3496867122
1463993751
1425447096
2070968165
3175003182
814800995
445070612
843151377
1558988010
2523406831
1899977008
3012169085
1890640742
1755682363
4129327372
3632735145
1387039650
2505115975
3336054952
833513109
123795870
1676216083
2627425284
198853185
149793114
2943277983
2260920096
305521325
2282477270
2603782891
1629978108
4176032729
2664070674
241105143
3795678360
1552212421
2970245902
38115779
3706775284
3257817201
4139379146
1869267279
306295056
1686881245
3956368966
1699838875
2929684204
963645449
571395202
2567410855
1325759624
1548151029
2960251006
1987156083
701953508
3376462497
1014498874
2153173759
3078272768
356430093
1494782390
2335002699
4139211740
2390669369
3078649586
514186327
684671096
4060576805
1703834094
167248675
2707194068
2715052241
370081450
4142796975
99416304
130132541
783833382
2276528379
425608396
2436377705
400981346
1263849479
4009345128
1872337749
169289566
2502154707
558925764
158098177
1428542234
44792415
1758951136
3360141165
3712466070
1015528875
2923637180
2944363673
1237835730
1039101879
1956904024
3884992133
562231502
788536451
927074996
709601585
3508765578
2647265295
389624016
3150168221
1461566470
2719766107
4107602604
1542944969
292265538
940620647
3500995656
1564376501
3909674558
3713518387
276826532
3413457761
3610185722
1027920319
64038592
1340661197
2152814454
2006571787
3292719004
1040404729
1624815794
1309913879
1303619640
4105650405
3349147566
1152771555
1780057236
2158762385
2586802282
2161557359
3441318064
724174589
2662960870
4075506619
2071707788
1640363305
3352702754
387143367
1511462952
583897109
3187610910
1483041939
2161998724
3664987073
2731261146
3808090399
2908735136
1555708973
3387777622
1891346539
4046361980
1747084633
3823829394
1558881911
2012627992
3709102917
3600635534
175202115
22736500
2517481969
1063968074
1760304847
1788113040
2358017373
1531171270
611709211
1674208876
3065749897
3495833602
3426001447
758131720
3386823285
2511451134
4221877747
4158709092
3447618593
4097038778
1386582143
1182488192
726911629
1574165814
3359974859
1769878364
2817829305
2520169074
2756463063
4083404792
1883227557
1764961646
730499235
3229501524
663259729
3943543338
3403820591
4002642032
2726503357
4269048998
1293174395
3761830988
3136323049
2621153506
1733074311
670052328
1745503445
416858846
2825764691
4144115524
128902273
1671390874
2535258079
1813763680
2219673837
4223453206
2324583211
3718889788
3281133081
385082194
2316344631
4227091416
2312196101
907637838
1062822403
1727762996
3191114417
592443146
3348163983
336818256
3148216861
369338246
4011740123
2671739436
444369481
2024178114
607340775
1682908104
518514485
2351710654
739799219
4223234340
3088874721
3846595450
1731792703
2000242240
3158275917
2137006838
804204683
2049523484
3440558713
3780803634
2685378711
161462200
291572325
2416454446
3375754083
2957691924
2938747665
3395922922
735075567
1376540720
2995585149
1269381734
4176216379
3411408908
3447178921
2396443298
1791009863
944048040
470792597
3496226974
1073533459
2139005700
3655288129
3378565210
634508959
2093721120
3015808429
3765824982
