730125835
171157148
1582760953
3647655858
3785940503
1852364600
1705288677
3290429102
3372237027
2770477972
1987456145
1946447722
2316388975
729376688
3032730109
3929699814
3011577531
781729676
1003644969
189400610
2862563783
2329151272
983544597
412933150
1051887507
2391399044
2165184193
1673163738
2869175327
3703215520
701546285
4148431190
2477532011
2338772092
3440875609
2981140626
1226658167
1504375576
1744522821
231267726
1584478787
2577075572
3836300529
2497926218
1584671183
702480272
4014981213
3068147910
728837147
2601411948
2211026057
2212857602
1438518567
1556912904
1611298165
2212166398
1963415795
2393160804
1196085025
2812678330
1348230015
3500516736
3253980557
270926902
1627070667
800977500
3326827705
653250930
4225529047
165150456
1977624741
1154102382
771744675
2243290964
3686112593
3790186794
393722159
4203579248
1462757053
200043430
1362428283
1667529548
532672745
2643884002
2845018247
3123453672
223307733
1951238622
1134942803
3600649796
2439821185
2673155482
3846259423
752199008
2369194989
1154117398
4291415595
2276524092
1879724313
3093330514
3216918583
2598894296
3404411653
4292606798
788806915
149598516
1152589233
3243208202
905181327
947715920
2600221981
1461128838
119834331
370311468
466451785
2241124546
1106752487
2632618696
3288762933
246188222
3622177715
3287044132
4002140129
520067706
2156583487
709006656
1077049933
1357466102
1215310731
2679635484
1013740921
3241841458
2258291607
1691543224
2931060069
1907765806
1154893411
3199298324
3568946705
4115440362
3871401967
983918384
4115448701
572006758
2610412603
3180361484
3490331049
1159244194
3871510343
989853352
298310805
330299294
1260383507
2953380356
3116374081
1457358682
3843105183
3185866016
461248685
205165782
2135308523
4910076
3918121433
2025200658
1850343159
4220568216
1960040389
1762711822
1053687747
1048712436
216116849
2618902474
45516623
335462160
750352861
312976454
3370557851
3763756268
3767412233
3243895426
2345409191
107235976
2418761461
3759134334
2729148019
4033586148
438407329
3542541370
2175539455
2561885440
3954304781
1786138550
1420031563
2917255644
2172276281
4060812530
3231965783
790204024
2095149605
1352921070
3628296483
466923220
977452753
804084906
246208175
2474706672
2480562237
3934099238
3043571451
2161914572
1030832745
3146816354
1357665799
2903477864
3838382421
1820599646
3487612883
3599513028
46676225
2081665306
1899216991
665257184
157672813
2069133974
3839976363
687118268
1515586201
477199826
4085282231
191187544
846544005
791115470
3096347267
3860936884
1978990385
2264981898
997971471
1143226064
155678365
2270296582
4084694107
496629932
583765705
3505699906
2180727143
419021384
3241735093
1304749118
2954342707
2950870948
