19018105
2203918130
3525568407
2549174968
4064799077
3214638638
29565539
845190932
3425110545
3888164586
2674754543
2643546928
122666877
3634818406
2988447803
858071820
3508467113
4061017506
822258503
1198088872
1076517013
3357033374
1857276179
3828559364
2037142593
2391053146
1934933407
595288352
1915753645
4188823766
3512046827
1169856508
3132982745
289318930
1090591479
1610952344
2110084037
817636622
248044483
1038565620
2693589617
833835978
676406095
3540036368
2950329821
2075947078
1413283227
1482754284
94429705
1983215234
3770300071
4054038152
1399577333
2545820286
3570227827
1976291300
2106313889
259256378
1885189375
3084923136
1929503501
3287161782
2265010763
1799845340
1848379961
603562226
25755223
2145647224
3392204325
85277678
2454471971
2448415444
1496054481
2343397546
1748333231
3382244080
3877198909
3642254118
1821217531
1180491468
1434582633
4216465250
1468559879
4062509672
2078772565
1517842782
2811272147
1478648260
3102766337
2684796186
1196645471
3681153248
3763593581
3553773206
1854717867
1766867900
4052074137
717621714
160666039
2206578264
3273832581
3277767374
3013959299
1039295668
2400992049
1273425290
267547151
2354195152
195326621
1316144646
225040475
4220560556
2094680777
2661042242
1631935847
3001364040
3946147765
620703806
1146457395
1487856548
1790070113
74775034
1057862591
923836608
515772365
3574653302
2421153035
3159163292
1726128889
1893458610
2063127831
853697080
1613935333
2387655086
2251040739
1298587284
2809506705
613933674
2086674799
3794031280
135510269
1434687718
3039415739
4067711628
2210514729
1498143010
4123588807
3655094824
3740107285
2819251998
4101254803
1089033604
2649314753
1559668442
1248115487
801915040
517500461
2405559382
1621273195
1555410812
1012578137
494087058
2744174711
2448555544
2767772997
614670478
154706243
3351595124
3545254897
603473738
3059122383
1309108880
1392455517
2214779846
1311077147
562036844
3192943497
10017282
954942503
1224893960
2695349365
810679806
3980689395
3595155300
699239969
633586618
137392767
3868512384
1564146829
3866978102
3218941899
3204599132
738589625
868476018
4248005591
3769403896
2701997989
3775788910
673368739
2961547860
264510545
3024100394
1923977263
250835568
4009678269
2343079590
783599739
4213937740
3432927209
1169902306
2055487367
508520936
2247898837
2794327262
1344176467
3662154052
2971072129
924078234
3276331487
945967200
3799890669
3659223574
4200027435
3551189820
1006399513
2466647378
767082295
2601125336
1879556613
3125362254
3124929539
119532596
636034225
2611437834
306007951
534800976
1789570077
976007558
422563291
1844386860
2596494409
3052088258
913042151
3015400904
4035107125
2406910910
710554291
173820708
2738720481
3307228538
