23237975
4011500920
3944324389
2107645678
852216867
3073619412
2850036177
1881996202
843180463
2728721904
3424119613
3724518950
1543371259
1193023948
1404697961
449059426
304335111
3484575080
2276981845
3611825246
2752373459
63503556
4113060865
3099004954
3831075679
2913254368
3442618477
630606230
4189251243
2093629116
196705689
3296771282
3059787959
1075437912
2462771077
3903006158
2190501251
330022836
650631729
3891789962
2774690063
3731600848
4149379485
390301958
2025176923
997547948
553241033
3889150786
3551802471
2872056136
1403346613
1659392830
3088995379
2821389988
2311171169
4279684346
240609983
4223200192
2083249869
2334024822
4231103499
1850506396
1054728697
2864190898
578382871
2945715512
844784101
554605742
3443699427
307607956
903400081
3841619306
3807615087
2014010800
3325118461
3137199078
504444091
2285802892
1971897897
3506490402
3721088967
262454568
3887919381
2546795038
2571662739
586870916
1066415297
3595172314
3249664543
1638009760
2828385581
2994270038
2667565419
1945807484
1776121433
741400210
1938087799
2709596440
2908752965
1167754126
4063930435
447325044
3895126769
3580648010
3553458127
1383855504
2404138589
3202784966
375937563
2213526380
2239689353
193940738
876682023
1057509640
1838592885
581837054
1558464243
2578502244
3450596641
445159098
2101422463
1616386944
2936523661
3747473974
2725629643
1649199196
651180729
2887980914
56296151
3050910968
4084459173
285137518
3167768995
2417982804
450247505
2206576426
214435631
213220720
893084861
884330918
2551394171
16830796
3505671913
2830319074
116233863
3075658984
449488341
1279504350
71944275
767861828
3073168769
67806106
1809649887
886250336
2014972397
1904563478
854293547
2310723132
1540239129
1774633042
1473500727
3365155032
3010821
3656622414
3831212803
3526313780
1995619249
360608778
3468379791
28308816
647412509
1243837574
1164555483
1307170604
604035913
2510593730
2980626919
847005896
821086261
4182093502
2094070195
4239287844
1261104609
654844026
1683859519
3624602432
2019850317
3836162038
3904428427
3065828380
988763001
2152978738
583489943
4054457528
3676711781
2469451822
204780643
1011941652
1905814545
227453162
109000175
1214471472
1576419709
1223133030
751036987
891473164
2528941993
2610655138
3159006535
2793188520
4255193749
2859212190
2681330451
535173124
2763929153
1941507418
3919245215
4277660448
2961118893
3497753302
3358975723
835371516
1112254425
3875693074
1108184311
2232613016
2549388741
3413016334
3283316163
637315828
1272925297
1240354250
1290523983
3016209680
1643247581
2528774726
3363426203
4246975212
2369750025
1607446658
3668650151
1162608776
3665009909
2087648382
849636467
2900605412
2868817569
911567418
711780095
445758208
2902582541
3904517558
1102750795
3210518492
1006316601
1896504050
3212734551
315016312
1446064165
2909050350
2251282211
3802809556
316628177
81093290
3872990383
3537173744
1159847485
3042114854
4276315387
1751419084
3080822889
1668899170
3970065415
2095203432
754995029
671501150
3869289939
3038727108
285497089
387266330
28020319
1473280736
2256855917
4246429846
832508331
2682940860
1041621145
3450061778
3505521591
1723695192
1098119813
4291501262
3137466499
3251752628
2679151921
3564889994
3307152399
4035130576
2786981021
1114267654
576236123
3042791084
301657289
63996482
4261957479
4147607624
1725903285
32115262
1495179059
1175506340
1441214305
439383034
4130268607
2678860480
3785363917
4183227254
3761975051
2414619548
2863908089
2282134706
3628091159
2297375800
2438264037
626660270
3045177827
250300564
2540375441
2870598762
2224411503
332029104
2944285437
4156044006
4046561211
2659583116
3831720233
2047677218
1186261703
2588122152
94913557
4208081182
326516883
1764769668
3300865985
2682200282
986639647
2535246496
4008407085
3844408918
31915115
3352942972
804051289
124446098
1665219191
3176384536
2305564485
482966158
3037147971
292467316
1797697009
3605479754
1846883023
4288836752
400208221
2868147654
2512799003
1515629164
3270710665
3680965634
713045543
2281615368
2465433205
2675365886
2332004851
603300196
1956933665
1683570106
2925765759
2669304448
1795096205
3829236022
3069868491
4230707036
3352894905
2399706738
734846423
2212713464
2035382693
2161201518
3840564387
215223380
1476099665
35395114
1987396143
855866480
566974397
1305946278
2792266363
2605137996
2378297833
420906210
960639367
509653992
2757294293
412083934
554865491
2010706756
1219418241
2144783002
3687123935
3567049312
2658319597
911764502
2345510699
1566115132
3096482329
1041745746
398143799
2559954904
3164406789
2284427342
1552102915
1083397684
1728151217
854612746
1049493903
3907351632
2615684637
3994569606
629317595
2412758572
1894252105
5465538
785571047
4150372296
3681590069
718628286
587678899
1649554724
4025905377
1720698746
4190839615
278678080
1574873933
925746934
2025358475
2547680028
2485859961
265314354
954479767
4083366840
3135684197
92950318
522829667
3894710292
1834004241
3416002538
322400495
406871088
3771282557
3044007526
2170180923
3798481932
3833412265
978695842
4077533255
3908668328
3855773077
922703006
3392513555
3705235204
3851630913
3904648282
3947752095
3893406240
165333421
1584763350
3792900587
3559387388
952175321
3681184018
3441420279
3359872920
3888556229
1739290126
473299139
989837812
201396081
2320970954
3981021263
1946956816
3607522013
3918913862
2488122011
3112739308
2895750921
1280669570
2579514279
86007688
2098622453
969257854
