1549051183
2345501552
3520574141
230279078
927640955
2164668236
1843297513
1827378146
3591238791
1332452072
149992405
3955647966
4168156755
1148635716
2405221249
1431157146
1829318367
3322192224
2835470317
1734265622
3657071147
3434200124
2549865753
2842465874
2357441591
905344728
2349825797
2969294670
1531603203
2315447604
1456875953
3487500810
1734796431
2438658896
749340957
3895618182
1211118299
3593616684
3729918281
3793220802
3989315559
3985116872
3077428789
4281558206
1181169587
604212260
3986807777
132527738
1919469119
3935277376
1283671629
239838710
320264075
515291676
2319712633
1123331890
3553175
180314808
1897838949
392433198
1884451427
3112675092
3380795921
2856992490
1607062511
4196492080
2969603965
964787558
3264833595
791556876
3388261801
365544866
3437820743
3321590440
1878337685
1413796766
1582766355
4049485316
3707511873
967975770
1543835039
72315168
3948209325
459993302
2237850859
2286397436
3762771417
840841234
263940855
3948625560
1803822021
2588718350
343944131
1645629684
3343956593
2122638282
2656400207
1494792976
2775795165
660537414
