3110477099
4078633788
1822324761
1651537234
1133512503
2242424280
4177938949
1634084430
1663724547
2090144820
2999723185
6211850
1795004303
1179914832
3682219037
3974535558
3876623835
4194911276
201811017
1502581698
792015591
2426668488
1128489269
3245175742
3159620275
2176545572
2231539425
2236724602
209205567
539650112
3054121293
516396278
2711353995
3530260764
549198969
1691356722
1731463831
45423032
3464692837
509467950
2323379555
1658146324
2717799697
3734076906
2441217775
3754818096
3723377277
3870633062
1022577467
1630583308
2229248169
2314790050
2158464583
809167272
3180868501
1324245662
2666355731
2729551108
675438401
3401917018
848691359
1702742048
3495514029
4064698326
3015804907
2198335228
659878105
1553012498
3278552567
22312344
873852613
3012953102
1236479683
3017766900
3809588593
1314104010
854533711
2637746704
591294685
2966564678
1467068571
4234158060
1002376457
1843373442
3659045287
3789602184
2253338101
2794176894
160984435
3903702756
2054117281
593755962
2424862719
1857951744
3041959437
3278871222
2150548811
1768443100
1786836281
3169554418
2181833047
2977874296
1767311653
3955661550
1009260579
1663799764
2736670161
702363562
3021796783
2911672816
3724728125
1828037158
1021560315
772765132
12429673
645650018
996168967
3012395368
587229269
553488478
3450678995
86497476
1319206913
3613805594
556244831
149116896
2642943085
33244566
54244011
1711577788
542648729
3575085266
4176491703
2133589336
3118355333
765960654
3912413571
1613863860
3678144049
2808495242
635663631
4223750608
3436408221
1490519302
1604422491
3568745388
4025710025
2969925442
3495346279
4013503816
625199797
3002847038
2827198515
2778192548
1139857505
2332297466
2336978623
3169159104
1301793485
966877302
2772455435
3579107484
3404893689
3494695346
2851010583
307505464
2101595621
2079398062
3291151075
2523501972
1350760081
1495708010
1159373935
785316272
977810429
3459241958
2650996923
1255010700
1903718953
3870591010
4040416199
450615592
716266773
3980295710
1131659667
1937099908
3312804033
1047868890
567016991
3485247392
370649389
303688534
982818155
2412840572
946348633
3049495186
1122003831
1324303640
387938373
1968897934
745075779
3981148020
2483754737
760649290
2056946639
2846724496
4244187741
1119263430
1113597467
1724716908
962895497
2093025538
548382503
4167920904
3705741173
4236090622
869634803
339324516
172431649
1307693754
3816895871
1113634688
3550459789
1327294006
59808459
3924894812
2194728633
1756615538
2644283095
1425363192
4144583333
1419597422
1833213347
1213159764
49047377
1848503082
3678081839
2337610096
2004766909
1210305958
51444603
2066492748
1204812521
73595362
264381063
2246439144
4050325973
2842766302
4211151955
693862468
360579457
1907482522
2067995871
3519657824
4006082029
3496104214
2894874667
3022860860
272947993
2824174674
3220922935
2153663704
2560187653
4033879374
3189110531
2263687988
3326011313
3252989962
668226191
2931659088
2557454109
2351919238
40730843
1449341740
3906111305
3939654338
2581810663
4248659144
703018037
1490102974
105792947
1347633700
3056736737
3186449530
1072280639
4142901056
1546150989
2443324406
1306502539
989671452
2463891321
266376498
3688162711
1763850424
2204604261
3146470446
1110769763
2224872724
3541735441
716367082
3443409391
2866739504
3664063869
3633415014
3469588027
1122642188
3028566953
2034707362
3337300295
3563833512
1408075413
190159262
2937399059
580449284
2273010241
2732345690
877460383
3872032544
2623079085
2861856470
1810019051
1188634108
145642457
378347026
1325471991
3812168856
1259078085
3299277582
150583747
416712436
3935795313
114330058
3830505807
3534835984
1140253661
318899782
1653185435
121179884
2398957577
3573116034
3400643751
3177782408
1226180853
1572239486
984463475
899978724
4033993377
3971393082
121959167
2454869760
3153187085
1324429750
4142755915
473496540
3151222841
261297906
2740452439
4271562872
2401147941
3061518830
230433571
387064020
2580383953
276143786
837038255
892115184
1740425789
1027143974
603533563
3855082700
2824162409
4280360290
84865031
2787991656
4009278293
2292959070
3664771539
451815364
606962433
3283383066
329882207
2793346784
1401605997
3463470230
1264049579
2073348540
1113885849
707428306
2394001335
121609304
4214711941
3619657934
936656003
1321708212
970246449
1574577034
651177999
2638794960
1682890909
1961778182
3849614939
2634984108
2091161801
3572907586
31120231
3098580040
925736373
1626179134
2880695091
1609410980
566647649
2886578170
1616048575
2353579712
2277244365
2496264054
830077707
2707720092
2121822457
1904957618
4075148055
2233419832
1190027493
187469742
1520043491
2339316884
4022679953
1630935146
3756842863
2449340592
3829737213
4091162342
3847449531
1736794252
3556971817
263245602
2028828359
1525332008
525119509
1463006494
3083963539
2384141188
3025429441
2247777498
2685991199
1755801248
152919085
699794006
3719022699
1176515964
2653390169
3438125458
3721184887
1009902616
903580485
3480876686
895844163
2491453044
2897664497
3904994634
638729935
1447301264
506961245
263483846
3454931227
4221830764
3263742345
1149816834
1310638631
785632264
2968384117
2016826366
4095794675
720272740
1928305697
2377284026
835956863
479393408
340191885
820804918
4031071691
2654983004
462014905
4287191666
2302568919
745500664
2543248805
1063243118
1938729123
762570836
767666769
515133994
1847086639
3910342768
3569238973
976561318
3046925947
2346884172
2823658985
3837149410
2437332359
308531176
27878613
1823302366
1106894675
3084898116
3232760961
1533937306
542840799
1157854816
1909500141
1780836374
1973318443
1513840956
3166125593
2828436306
1527954743
2446322648
1203269637
295048270
2892857859
364982836
4227705521
2303104778
3637972367
90378320
1450252829
18106246
515271643
3334021676
829008457
1030824386
2117953767
529712072
857147189
2035343806
1857327283
2993099044
3433929953
3815048058
579284799
988866112
1985124173
2971190006
3859763339
2794118940
2479350393
1129126962
3844194455
3830142904
769141349
2564082478
1666845539
148925460
1820515089
179325930
858160367
573306928
2112364669
235526758
4153680187
3600783372
1442113193
2012312226
2094711879
2891491240
1926158741
2128138398
866710035
2482782980
2449499457
1976528986
2603611807
324224544
40154541
4252929494
636476907
732318972
4275287769
652551442
3846403063
3621368728
1032721605
3285447182
128730307
3192493556
2691251057
3777589450
4125006927
1919275024
2981844701
651025734
2592966299
1645084140
1510429449
2574201730
553045927
1252883336
4201176053
4194119550
909050739
3524748516
3619708321
3202698554
2569891327
2669843968
2191459341
1661913270
2241338187
235252444
2817702713
2258017778
1162860375
1551040376
1987194661
491489518
4105973283
3916738516
2227751889
2800354730
1171745711
3842545648
3833773373
756568102
3455753211
2340180940
3451449193
2200069218
711559943
3364437864
259853909
58064478
127845587
3727718084
822445569
3336477210
3612841311
1800852960
4019815021
293696406
3244296363
3995138236
2235363225
1905886930
455010999
2651798360
3827071365
3421736910
1910622083
970570164
3535375409
1378486922
4092128015
621563856
2497074077
513880838
3291701595
4049770924
2367798217
4064478530
2232088167
803468104
61042869
1341865278
626013747
633305252
4243054177
4059256570
3162926271
3236431296
3454808269
1418628726
27239947
3899668124
3637138425
3542474674
2827529751
78014264
2653221861
2458125998
2994016483
1525724052
257129617
891387754
2095782511
2573793200
3444447741
354452966
462411451
2922958732
3227105321
2148079138
1219695047
3333789480
880018197
809823262
4170930067
305949316
1719625409
5997530
1536291871
2764973472
774836013
2481854806
3668898667
2506843260
817031257
1920182418
1533354359
875594520
3357777477
3484741006
3587050051
4096892276
2343476465
4261962826
162920911
1695977360
612503645
1179535558
3731356699
1484191084
3682133129
2712442626
3107577127
251013896
193381749
2433420030
3604490483
153046116
1692671777
240066746
1934764927
3623957888
2902072717
1398281270
1290137803
160072284
1729014969
4072333682
3448521943
212176632
2444261541
2118009966
3880039331
2836690772
1692593489
3071719722
1864468783
1728911216
3171563197
65174438
2199114107
43322188
2660712681
2825226210
1182226567
3332222696
4268996565
4211448286
22981203
1809849924
3140355969
2483432858
1855918815
3615044960
1927633901
847544086
3298598443
3578105916
2717229337
3543370322
3302365239
2851965656
912491269
886573902
3727756547
420561204
2215144881
3330571786
772130959
977571664
1165921565
3147112070
3958068955
990581036
365743433
3245074626
2353234919
3886293704
2396183093
2464979134
2777078707
2549538852
4168425441
1706601082
1683008063
3694011712
881379917
3979041270
439024523
85233180
1400882553
1863689010
857381783
1680897720
4258577765
641352238
2649429603
3751803668
2654412305
4002001642
1933228015
901052208
4168553341
4145951078
1732676667
206636812
2570160553
4126652834
1383489351
2818672296
1245457557
427296670
3702045971
3873149444
2010212417
3013515098
390001055
3675784480
847014061
1527030998
2447968491
560954364
969218521
4254673938
909233911
3476443800
1000089541
555542798
4123709379
2486740212
881262193
1298028490
395859791
1817595664
2626406877
1547023430
2944233883
4242468076
3437065737
725678722
2364009127
2041436808
3393695477
3948930686
2887536243
2919642084
1616568481
166720570
4131514623
2234438912
962082573
1875402678
3694052939
785275356
1591582265
2448827634
401846871
3137805944
1330758181
2419589102
2703767843
3394453204
2484080337
1564109994
2683741871
2904594160
2220142653
2895357734
3941074683
254591692
2699596393
578792290
1534076423
178331240
3029164373
22820190
87658451
1055835588
2770962689
1357168922
473010271
1198167264
2712941933
992905878
357839787
2913544124
417419929
459574738
1312310711
865786456
2760739973
2051245774
1197167235
292014260
3588902705
4099273098
1026401807
2198589136
2389296797
3320842758
2883472475
3249703084
1365958345
2028719170
166138215
1154699848
3131392949
4028953662
3310911795
3876407204
89481569
3434413562
1340467135
1254311104
1344824269
3907986806
3316732171
2591548828
166213369
1696360114
2060945687
2162787896
3001517797
2180480430
2075925475
4109255316
3744317329
1156114026
3423950191
890238640
627248381
2718096614
4038607291
250101388
1719425833
2814205218
270838983
1312585256
2586269205
3899794206
3050381971
4024023428
200698305
496544474
70709023
1949361312
3041706541
3233951830
3785236075
1840419708
537545561
374714258
1806269559
652943896
4260868421
3859539086
3181548867
4234062964
1626497009
3710602058
3582309583
3324317328
1071154013
1451499462
600696603
1833297004
3023374217
70016514
302053415
2295630344
481007733
3069952510
2348512243
2664176484
270836257
1070057402
1476175487
1688958080
3451474061
643803958
3379731403
466694492
2506067897
2991089778
444997591
3851922936
357960613
2167978862
