1819044035
3999492596
271646577
1248224458
1798242383
861070352
3887946461
377491782
3679595163
157438444
2798098185
3192563586
3293819815
3711766408
346775541
3019236222
1401431923
1475754212
545857953
2469347642
2888225279
3081021952
2301757453
2954755254
2450898763
3284074204
3990093625
2015302130
997571415
959943544
1936044837
3762371822
1424904739
1247314900
3939667921
3716217258
79286191
2388634608
602325309
2730787878
2020687867
2094704588
3640341353
546822242
1234726663
1354945384
1600229973
44610142
3303663827
4015606468
143673857
654478874
3764582751
784525792
3759048301
1258989462
1812966571
2556710076
840971161
1782315730
3382103735
2197671768
120716677
178471886
914746243
545754548
2147831857
1931148938
1969049359
3687670736
3197917085
2269603590
1633420635
566947244
3353739209
3310516546
3104561767
1925678920
2318005429
2707943742
730683955
1462914212
4097090145
988891898
1956892863
2487097792
3376624845
663863926
327240203
3158149788
2645530617
3487716274
3897725463
4139711288
677148645
2582493870
3297457379
2624096148
3571531921
3714872170
3119611503
43256752
1115037181
1572911590
3026877115
2460689292
463469609
3316812322
2860905927
155396904
1922860821
1626054686
1892318099
2029600388
2391681729
255031258
4223752223
1829648800
3580367661
762006870
2629998443
1203943548
1050291289
4031388818
2239825271
3094550296
2055021125
1826136462
2656448067
3849548148
3128844529
1252874314
2068733391
2779489168
3322680413
3689446598
4227112987
3857926508
3359713417
384830210
3789472039
372096776
38881653
2917908222
1777945843
975577188
1320477473
1073812666
3029569407
4197140864
555032973
1615808566
2284557515
3479950940
1861742777
4004205938
3136956631
672277240
2905341093
4263245934
1329518499
522210132
3455365457
1159048490
239856943
604777328
3958782653
3547770790
777155963
2921029452
232883433
2319645666
1324235911
3615441640
786447317
2434813406
3631337043
2083582532
2009123713
3314688410
2314368735
948783456
1424121837
3757421334
3256107563
1672537148
3571508505
3393060434
3465935927
3784580824
2080442117
1685045070
1318924547
1759974708
2019307953
3000857098
1942105231
2561516368
3805057309
841175686
2916874971
4187710764
2023297353
3437452482
227305447
3341792968
4192296501
2940292286
1770782643
479310884
415884257
4095647354
313921087
3777771840
2775043661
3893792246
2731843467
2433344028
1651313017
1580865330
841777047
3169913528
2928951653
1384904238
4291377763
3728723732
4006404625
3594299114
1485380591
3666348848
1697060733
27682150
1223241787
1391155980
3766472105
1745431970
1704018759
2604079784
1894559893
1225178014
3063931155
4106249732
216542273
2078182234
2444645791
1761614112
3544018093
3496597718
4005866731
1609486332
1437883865
1641521170
2207625975
3458262680
410889157
388537614
2988110787
2527230196
845070961
1298877386
360233807
2090033936
3114126813
1740105798
970069403
3229827308
1772993033
3236720258
3402944167
1166896776
2912563957
992516734
1157984883
3660908516
4214465697
1762256954
4123741439
16836864
721107725
212308918
3594283595
1423420892
953082425
1749981426
2359924311
1696313976
2572502565
2633872366
2699713827
2777092820
271176401
312565930
2942896815
3452414704
2999497789
2786056998
653175547
3302692556
2218448489
415571810
3710847495
4096438888
3582059861
4267632990
2249503699
2657589700
1455705345
601404698
3654087775
2519116000
2235119981
747093654
4120106923
1883012028
3788805785
3772187090
1128278455
232353368
481497221
1791179470
4086265475
442866868
558240561
2081875338
3610380815
3642548944
2940193437
442908166
580317275
1584061612
3963560649
2362130498
1752692071
285664840
440125365
2808195134
3609568563
248519588
1588733281
1887629818
2224245695
3513342144
1183803341
3686947190
1428354315
781531548
1927117561
380164786
3375459607
2421299768
2586774245
2737910190
3177332707
11933332
3402335121
1006885482
3920345455
1703611056
2577076477
1047728358
2871190971
128619148
2849152809
372691234
1686606023
1109002792
3110066709
3874019102
2173716115
4108750212
504704449
1866505946
3908457247
398522528
1603651117
3792659542
1765917291
2287593340
1510051673
821830546
1817534583
4034770456
358692165
83859598
4256872771
1609597044
1037181937
1621114698
4021164239
4127859344
3899819869
2817414086
2867497755
3071424620
286083977
2319438338
4113947687
1767644680
4236647541
162297342
3131873267
371388260
1812293153
2622077882
2781743743
2317715584
1290032269
589750070
306724811
4060251484
1364775865
856218738
2793669591
1851015672
2648805285
3940970350
2683364003
999086676
2003956817
1411650602
2651924527
3381799536
2656972221
143656614
2017845371
3743010380
3255248873
2585674466
1784338311
2764382696
960925397
4167337182
2748488019
872235332
3952791169
3486927002
99774943
93259872
387125997
2663434774
2626579755
1543967548
1593526297
4228318546
496326455
2244853208
1330125317
1268627022
2069675011
2466456628
1086518449
3704051978
1437394831
3675988560
1240859677
772811142
3582780891
1849250860
2832741449
3540657090
1070498535
1313674696
3510186293
935920574
1247431347
200114980
200107745
1042171258
3901759
586512448
1387921741
1888822518
3228322443
853512476
3573607545
1194237490
2741066391
4007799224
1361892453
3118296366
1398162787
1640717844
786244881
482479594
593057519
3785165360
97651325
36093030
4044856123
3471362572
4254625961
2654696610
493411911
4226546088
838206357
3901878942
2811997203
1466676484
135606081
2002367066
931221663
928045088
544284589
3495686102
2721699819
1594097404
1367458009
2880939794
901778935
2643035544
3609706181
1683854350
3610607299
2673706996
2732098929
2454467274
3220076111
1343218192
2022326493
2324414278
1698562203
3886034924
1147133193
1089090946
3607226791
2140786056
3574924789
3346485630
2700000627
3421492964
3878299553
1740672826
4204513279
1402546176
751857165
298658486
3528398155
1156340956
3197486393
2631540722
4270420311
3250311544
550557989
366357230
2723309603
1060217300
3385660881
396216234
2420393391
1433119216
3568740157
3908514342
945296891
450332108
1296464233
3696125538
1819387143
3880685928
1076770901
758194270
128679635
452061380
2084851713
1468718106
1147334495
1153853408
2960125037
2762003862
1292108459
3306203836
1381300633
1775110354
1402307767
3346074968
2042635141
889139662
1006961027
817867700
2631063089
3807300746
2771567887
3702022608
3639557533
1528894726
3703429979
1191627692
878986697
1839204162
160436327
2097300808
81369781
242704190
2569662515
4058639012
1719380065
3941636346
3148793535
2479921088
1877449421
344911990
2058395659
1005119644
2396478969
1036738994
3065792535
1453406520
965582309
3297814702
396708579
1602200980
3774989969
2255962474
3146904687
2361264560
3486254077
985753574
818368699
3332768140
1641103913
3457620002
104147911
3333220648
3232705813
4227993118
4274131347
4199537796
283652289
573162970
3008843295
2242885536
3150936365
156203862
799862123
2179798652
1110766169
537537170
3587554167
1396987160
3285272645
1665306510
2492154947
3001651060
661776113
4033816138
1010422735
3366232464
2414148189
4254083782
2127328795
1882007404
2309320329
3001784578
3862492967
2252766472
491188085
579415294
3452691187
3650862692
2996955425
1500406458
708085119
458999680
1891600269
1184527926
2890984139
3952424028
2256910009
4089602930
2327437015
3713163512
2284004005
1271719534
4262391203
242575700
3443210065
1796111146
1006789423
2941528432
2077368509
893738406
2099596155
2517908812
2885208809
2908064226
1500738183
3116826856
3493388757
1254407134
2275370067
826642500
1321259393
1224109978
3407768799
298633056
4149200365
2888294678
2633275435
1230586428
3252792089
2016152658
3678450231
1354980568
35335429
1424469326
2340964099
1369125684
4218795953
2626502666
2076418703
465871184
2183886621
2409169030
1311363291
114508588
350443337
713878210
1002216935
2602988744
2602370101
3647781566
2576651699
2663731748
3025988065
83487866
3974956095
3791304512
1142436941
900709366
435156363
3887153180
2791362425
1216292146
4181865879
1167018168
3109119845
4048217134
1615810659
1473441044
2805557265
2267247850
1750438383
2767063344
495517053
3594720102
2150762043
216152332
1551700905
1942600610
2498525511
2690439336
1267422869
3476629918
1560508179
3146974212
2123248193
4256225626
2457357215
3235747616
3618689709
4209641174
2811953899
2400529916
840639449
3690180114
1117153527
2410554520
1096667589
799968014
2344356291
4170487540
2443069553
2299075018
445657423
2647154960
1417851869
4009465414
227928987
1857625836
1725825033
2923691138
2564490407
2070031496
3139164405
3370256510
390334579
489072100
342665889
4283643450
1788363519
2674747136
3199312141
797884854
911065163
2214398940
2938677305
2244060914
1091914839
1058533496
970484773
3133841902
153514787
123220180
1203525841
1551249066
1464565935
357279984
3115358781
3682240806
1554874619
1859122380
1679694953
3677597026
2808102919
439251048
3479604053
4280244062
4188948947
1425553348
2836419329
840499994
3492080223
715269856
2444402541
592833686
576728491
2262882748
3013696665
1965101010
2862014391
2680466520
1314469509
3646367950
3219557507
1402321588
581671217
396538762
2405400591
3597656272
1806348445
3111644166
1070646875
3416177324
3495258313
3620785730
1280584551
2797184072
2047045045
1185486398
563755827
4034902436
999369569
440025082
3388359103
3413366464
1967902157
1106741110
875186955
3560478620
563953913
3041519794
1626546967
967596088
913846501
1846288302
2203342307
2831496340
1199835537
751216746
3752079215
1747781808
352909053
3266035430
4116167611
3214766220
1939596585
1565744930
1066321607
2264647720
3096084501
272057630
2556419219
2033527684
2533831617
2549017818
182733087
2799335072
437595181
321622614
2684622955
612124028
657741145
762589586
1912739447
3502699544
3050134341
4154558094
315084611
3462307444
2807933425
1780092234
284266191
226173072
3965939037
1288569286
664428827
21239404
1644794249
15949826
1692930599
1559026696
2492711541
1753342974
1398222323
1955630436
1384803361
3882813882
4056350847
2647524992
3165043341
984223030
105223627
2888033116
1048484281
2698504818
396081623
1695318008
2616243621
2429508974
429455523
2279209044
4283464273
4191478314
2552208943
3310495856
3025277885
3382097062
3975198331
3272256588
4223036905
870895842
3426225543
109371368
599209173
4165006046
869805907
1678368580
3509769345
2700252826
2306238431
1296467552
630749421
2016081942
1934017323
463958332
764677657
2930578258
3080195383
846527448
3296346117
4031620174
790614531
2494513716
3631512241
1647257354
2516999567
1252663376
3144477213
3334330246
3350379483
3010015788
3971643977
1131131330
2975250663
2646332360
2274154293
70021566
121299123
3306758436
1108896993
3098645370
2294972223
238810688
2843895629
2808500982
1600102539
2675896092
109884025
3526077490
3821998231
2969069496
386005605
1758747438
3602144099
2958457876
2279713553
2237717482
3615345903
343607344
3695964285
3992676966
2788716859
4241991692
757970601
1488192162
2082214983
2022291368
3987515797
1828479134
2262254099
288772868
2689807681
2128871514
1385907871
4121318944
687637933
3222543830
2934451691
3760348412
662734553
1653323026
1511572471
2492384152
2267014341
3910894094
2142147779
2454169076
783289201
2711748810
3579702351
1438441488
2106009309
84372806
3805927067
1171131884
19407625
2029634434
3227525031
686197640
2410589173
2942877566
1476744051
3185145060
3002805665
2680282426
4123049471
3565004288
278844429
3589036214
2990041931
34192092
981961529
2466590194
72165207
3442478968
342621989
4225439982
2238086691
3992633300
3120012241
1361745322
3028204463
4251428848
2444660029
3986284582
1139731451
2965660620
4173447017
2239034466
1039850247
2093633384
3005931093
3827928670
203232467
1014662852
220747265
595798554
756213087
934929888
1493258861
413598614
631789739
2779580604
901365657
1926239954
4165221047
2262059864
3397273989
3351977934
791943043
1927793076
3805305905
2318572170
1169701647
3061014480
2540839837
2775237382
4224692571
3694307756
4027747273
995988802
3770959463
2116879176
2847490229
3220622654
544638515
4203841700
234008161
1851778810
1600765119
1750275520
2260467917
3556515446
831518219
3884205724
1529816057
3978588082
2010512919
695433016
3236873189
262379182
2960089315
3431383956
777145489
2666663786
98724463
3889694640
2572282365
1177687526
2832475835
3801145228
254969897
871081506
3230949831
1929815848
3505509141
2475195422
4268337043
1637251716
3765581505
1083184090
2677883935
1799435680
2858868525
1872996694
1783055211
1611101308
956282969
3376035986
4040847735
1493537560
458583621
840727950
678451779
2723130740
3985992945
1033958474
500517327
3029180304
770564189
94886086
1431587867
1515652460
3392779401
3830916866
558050599
3712957192
2456589685
1268161278
4216223987
3607190628
2076110625
3058413754
2894429055
24921472
1620700557
1867883574
3492167883
598643292
2839772345
2856939890
4247360727
4118978296
155863205
703452270
2727281571
2545583956
1035058513
1886865706
1651038511
4220266352
2011039421
897846182
2007507323
1442650956
3779072233
2648184802
1923655815
2063515368
1673627605
1893280222
1484585555
3158978116
2733692801
1204469146
4042941151
2818327904
3521981421
1925844758
3481595435
3270615100
3524423961
260708946
1654351927
451058392
3328529157
2379193166
371416323
1279217972
129973681
2645364234
1416960143
1472962384
632970525
1132375686
4062684891
1677402412
1616747849
2376497346
1352455143
1175270088
3330845237
671623358
1129130931
1860759588
3844075489
3376757370
2211707455
2545497408
3002636877
901310966
1086016395
1246273052
629446009
1412707122
319286167
555583160
2587790693
2423902766
1720018531
1532365588
14020113
2272936682
550635503
541329200
1914364797
3109011814
321575995
2395543308
2678741417
3170519458
2197270343
1953666728
1213856917
836474782
3575057683
1213571588
2640590913
1794320218
669663647
3316323616
1146370221
2413442262
1747015915
1110150140
1639049689
2944384018
742858487
2620088984
3631085509
10778894
1661804483
1551283444
2853031537
1276569546
2690099023
1743609616
597137885
1018119238
2500444571
1558117612
1128154633
285969026
4254153383
2015816328
2194505461
3943396990
322084467
2651341796
4074090657
3104605242
1276459263
3804882176
1385694989
1961226166
4128183883
2937219548
2427612729
883209458
4163961431
1543777912
3767243301
1225232366
3339880739
3810086612
1350491857
1706753194
1474164399
4257195760
2361950269
2404726566
2652657403
3501511372
993092201
1259486050
3762386439
4280430184
461058389
1280296286
4009222099
3245921732
3633076481
2613661978
187490399
1544398048
912000365
4103346838
115114923
292894652
144581273
3537575378
3969750455
1822419544
506420357
1885017806
971874947
2125846708
222371633
2862514570
2017261071
1823661776
2353370781
2398722566
3233455195
1757583532
3281759945
138828866
1994416487
4082917960
3288011701
3932193854
1170133299
2054052
228602209
1466011130
738801599
1517180096
3560453069
983348598
585212171
1707865500
1804404473
1432024754
2875513111
368481848
150034149
425135534
1324772323
3133428372
3312226193
1291417194
3729565039
4223600304
2359745789
894725350
4215050683
528502412
1687497513
3252677922
960888007
2060289576
971318805
4126520094
3772740243
2742274436
489241025
2349677274
562183967
3269719200
2630128173
2394406998
1047948907
613327740
2811698009
1666989970
39767159
3691000344
610894149
2192798862
2240079171
515685492
706293745
3674463050
316998863
2916884112
2223264605
2552082374
3086628635
1801843820
4063614857
3440832002
3410642983
4151155208
1188128885
1002918398
1974584307
4042140516
1581216289
906254266
175109759
912688256
2358845581
1419590454
3119705035
1110786396
4141113273
2148989042
3949162455
2125774328
3136421
2267564910
1223757475
773264980
3093233745
1056288810
1256068143
1107437168
4134926781
3909968550
3444280443
1055623756
2358621161
1529044706
4240786311
120888808
3226983125
613245150
2777531731
705068356
4093303425
2910774426
2980732383
300811360
743300845
201664022
1638865195
792186684
3747402777
180560210
2353709879
4195105240
937190917
2641203790
4036159491
1749770292
3109421233
3204904202
1729090447
858332752
4044607517
1977320838
2106102235
143200300
2680995913
2034057154
3381587687
2216333768
2282782005
3036667838
4257969843
2352267044
3446895329
2796872058
2382984511
1852994624
2423967053
1353154806
1845687947
3624815900
860387449
1050196530
921486999
2248058296
1929846885
3627764014
3217191267
1221696020
1108750609
4251953642
4099031791
3091793456
250992253
2822772838
1997096763
2998306316
3824352425
278696098
1501514311
2216129960
2341687189
2379665054
4156741651
1357967620
2780904257
836652634
3261414559
552326176
1505225645
3661384662
2202436587
2771434236
279923929
852476690
1763801591
2525233560
1699220165
3863572494
3856116419
1193395188
867668337
4167552714
729637455
3294223888
1991511261
99818310
3559238811
2750147564
1562405129
3866710402
7230887
1495484808
3296219637
3955895678
4174113139
2914194148
66859937
3140692794
496350207
3125945344
3030202893
2088470198
2983313739
2065111260
3785969977
3667934194
3435191639
3683929464
3459720485
307234542
2116719651
3602111956
995238353
170353578
4050203055
106145264
3672535869
816614950
456507899
3198239180
1533871465
2617999970
1043599623
2436238696
945259605
2811362398
1379838675
3555927236
993811457
183203866
443734879
2275238880
1505933421
656224662
1979494059
3124324028
1548649881
88220882
933425335
1093110104
2037149573
1124535758
2417175939
1728047028
3523076657
3907414154
3605901583
3912130000
2049247645
3861147910
1049724763
1632536492
2062602697
2928354114
3198712935
4131897672
4173915829
904280894
1098062899
4046005924
1788458081
1161770234
3755258559
2445644736
2378196685
3856223350
3089058827
1057989788
2193025529
1575845298
2879370263
4013274424
1048570341
4213605550
250181347
1669194132
1020449425
2799492458
417521775
2481063344
520605693
1229798
2626747579
1718336908
2747518505
1999647778
1503893447
2387633448
593787157
2810112542
4022418835
785193092
2100051137
3932578266
1083390495
2646782880
556680493
3764901718
3432094059
1645335164
2734325337
1809467026
1452222327
1236717848
17404997
1499884430
3657789507
866503540
2364076785
2990719562
2686500815
3915816336
539412061
1949271750
4287373851
611378028
167639689
724743426
318595879
2605185288
3787602805
2836662526
1921060595
2992044644
705426721
3600350906
3146150271
747422592
1889817485
1518391862
1940625099
4156026972
1462846137
2453700466
2454276823
4037205240
2963369637
410960494
3166640547
988783956
2673361745
3578795818
25120559
2293507440
1612311741
1412610470
2648373115
1842739532
766990057
3687491042
445505159
2602990824
1769614805
2203949022
3406467155
2638138436
4098940289
1108282266
2072402143
2065417056
1689948653
3017555222
3653583915
1350172220
2238920473
274212946
3836091959
3220297944
1222605061
2401732942
1852732163
3637735220
490259377
909958154
2111213199
3435306320
1299792669
3453246598
433421531
2433941292
3674727241
1982858946
3425503719
1206120648
4230238261
454268606
3870671283
217878052
722662881
3238037626
1466626111
2187834176
1913192525
1748113398
2536939915
953154588
1608014713
22626610
4286423447
3483092152
3512447845
2954412078
2456517731
1758013716
2074244113
1463881962
33455599
3431597360
3806120317
718040934
2178134587
1486877964
705142697
3281704866
2947736903
2541245608
3881345685
4042130846
2665128723
453525508
3916054081
1134916954
3524016031
4150825760
2569510573
255484630
2958536427
4180797948
1685630937
1551616530
3232224503
1939382424
1571691973
168453902
3087939011
1112068852
4222440561
378844618
651107663
1526881552
2799468509
3503485510
1345165211
183818988
2127465481
1766004866
2029482151
3151734920
2226070773
564454526
3100718195
3705266660
376354465
372625978
440545023
1259758336
1722707213
1554849206
2508221515
1444399068
1567372345
4109878002
838645847
1004563576
225359909
3350494702
1521393443
3100273876
2859558097
2926561962
824208559
119776496
2886755901
1100997926
1799040251
1787408588
2306123881
3898657122
131247111
587590760
968873813
1710240606
3857806803
1676243908
1698193153
3773407002
182769247
2859016928
4080364397
541214870
587782571
2415498684
1623910553
2047159250
2304002999
4100663384
204833413
2949579982
3785668739
465958580
1627825457
3037351818
298478607
468049104
2433776797
451627014
626291291
3050731180
1175581897
2653678146
1746704231
1995382856
2015541685
310899262
3281217331
3182359972
1423914849
2818104314
718024127
4267233984
3813972429
1169286006
2705913611
1666143132
3500985593
1994130610
679907095
2771440696
2442820837
621935534
2689106403
3065213076
3297056145
480003178
1705319279
2688615600
2155135741
376249062
1020356539
2807245964
4240339241
3286006562
3517788871
2643412008
3178220565
405020958
3675195539
4087506820
813383617
3415967962
2899326239
3957158560
1738799149
3568561750
3298346091
143720828
1529471321
1387548050
2641068663
2452189208
3778389829
641032846
3589405507
3507149428
1174713841
861776202
1971878607
1462574224
819280221
165502406
3691646235
1970786924
1100094857
1856666626
2824633895
3101579272
2470383221
58507262
2713475571
188467556
254048289
134849978
1875438719
3555656320
1018922637
4043335990
2907718091
875994972
4200211897
1355155058
2715493847
994900984
1251934629
1307654510
2918786211
2923705428
580748881
2743500330
910985775
3215074416
3838435261
3874754726
2572575355
3535562828
4104452585
2412637410
2080536967
651451368
2401796309
4249472734
2029214547
99818308
3555909761
1971008154
4270740447
3548742240
2872263917
3662631958
3888607019
381168956
4099250713
2420715346
464353591
1553168344
695110661
3539828814
1068891651
2379710004
1667729073
1934541578
1221151119
345513040
1793766941
3144233862
1997432795
3986222636
1108280905
4101950914
142025959
2171162568
1388585781
3393408446
2920025267
3779091748
771651809
2284334970
2415422271
3281580608
2275619661
3965234934
1817595019
1552788252
3677634169
209045554
481983639
3992249272
3845932645
2282895150
2390787939
2872883220
3715806993
82737130
4191598831
1292305456
500153469
2968831590
3817479483
1887790092
2716353193
1173692066
898793543
2660578216
2343171477
3407953054
2053008915
2526777092
2556379457
273194074
115290783
958485024
849564077
2664724950
2673138155
774838524
2366509785
2625884434
3805949943
594100120
4053807301
3689373198
2310062275
1038868980
837752689
379428042
1112332367
468114448
3826315997
223267142
3105981083
2180631020
3628642057
157867906
388795303
2421163912
4084332533
4238056318
54689651
461156580
1512913313
974420282
4061833727
2232852992
2563481613
2239411382
1360729931
806647516
872093497
4088089074
3622081367
1827179384
3459402533
3644126446
211724835
2036136916
3453790161
3264491946
3338905519
4029654000
809916733
841956390
1043109883
3295551436
4115155817
2685538402
3978118919
2761018216
1337207381
4150946398
1511014611
1633403588
2256560641
2378417690
2357383519
3027296736
850665069
1342398358
3187737771
2192950460
1175669657
2703504082
2444338871
1986709336
109745541
649264078
3735176067
2366113204
3931858993
2131375754
3637716751
4107885520
17297309
2639142662
620977499
1448764844
1426003913
1193849154
591180391
1699905352
1913162933
4031097150
2082452019
1437648036
4235246177
4019094266
3169822911
2418545088
83152077
3391519350
2388566539
3263890076
2238623737
270961586
3524880919
669512504
843124709
119108270
3004402915
2758082452
2357418129
506964842
1955812975
282854320
3773675005
3898831334
2348667579
3526794124
2676298793
400867874
1365429703
2559189800
939990805
3085260830
1388893075
3790845572
1729512129
2678894554
372846623
2637443488
2686823213
3684435286
3599495019
135016572
2442329
2280281234
2264128887
2774011672
4109220421
1495292302
692749891
3874220404
2238478577
3461648458
1125922255
3878656912
3868175453
3374789830
4252235803
1316667756
3371319433
125715202
996645159
1076934408
2336743797
3137435390
3009651955
3952908388
1032387361
978734266
3610732415
479019392
551467405
2283536438
383839435
3887156828
273615033
732401010
3390636247
1320360696
4264072357
2541727854
3432984483
2014626644
1915668817
429450538
2571486511
3603702640
3028669117
290547622
1874709883
1570690892
291413225
3878499298
3508737159
2587769576
1633866709
38929886
1598563923
1411607108
3269518209
3083032986
3938602719
187384160
800585709
4015942422
1001757227
1911708732
1543765273
4204148306
3781219383
3220248280
160014085
3639572302
342460675
2002226484
3152169393
3862735370
2011694223
4205419344
2036869405
2929330822
1160991451
236641580
81930569
1680446658
778911719
548056776
3153065525
848233662
63854515
4177538084
104201185
1814812282
3887195711
570831168
21587533
1293633014
2640443275
860314140
3579584889
3488501554
1050892183
3507094200
3735607653
3492261422
1677824611
2901780
2543778321
1987567338
2346382319
700449584
4023299965
2864258406
1277986875
3932607244
2073355689
128673186
2602441543
2305692328
2827438229
2356179870
978204947
3014319620
3802154049
130532186
282996127
3591770400
1445659821
4178219222
4064491
875055100
3127866841
1659361298
2142800631
2515918488
1360937925
3420476686
180308931
705360116
108845681
1753383882
771134287
4144454416
1582392797
728145990
3204541851
4177180908
2576273929
921347714
2332927655
3330303624
1086376693
3970847358
2283784819
1503363044
4281842849
2530156602
1428104447
1481826560
2062865165
1726237622
2493629003
4178388444
2505439801
1186648306
1853386327
1588374136
1082252837
3067177966
1140503843
141265620
3583240913
3063191722
1662182063
2977407728
2542292029
1918538534
1141506811
3159264972
3471306345
857692002
2652103175
98151016
2855566677
3422593374
1587219411
3158970820
3474220289
2172251418
1330433119
2511642848
1212076397
643856022
4142215083
2188243900
1009233561
3936303570
12255671
3072747096
2557192325
397603534
923520643
2865108148
2650549041
3068534154
3691504143
1678301904
4195050141
3712808454
3986573403
853169324
3619175113
427915330
2684931431
2977029704
377118645
1059020862
454556979
2838401956
2437823841
2348820986
1178543039
926109888
580976589
3812036982
794840331
1287827868
3506213625
2580353714
1482179863
1734021688
1349755621
289204654
4148860899
479366804
3301809041
464458346
4121792879
3585278640
1886562557
3858090214
974536123
3608545932
3155670825
3813214498
2294573255
1866531368
3274338837
4139945758
116301459
3921741188
1358775745
3600406234
751708959
2714169504
4206059053
1696603222
2993363563
1350786940
3253512025
2071747474
3274193015
1933749784
1815203141
1646743694
2215579971
1699281012
2065710065
4079449930
3101421775
2305694352
1901469533
571280326
331997979
2675552364
3491652489
1705904642
2082386983
557782536
4191990901
1067593214
1467412467
1132029796
3845750305
3716084666
2714886783
4133978240
1292758157
2413008694
1616746443
36175196
3373263801
2464486514
3137526743
450181624
4215154597
1697261422
3367058083
2288079444
3188460625
2810661930
3664445487
3190956656
4283286973
1128971942
3507566715
4269622860
3018080233
1374190306
3387928455
3848542696
271132373
41303262
772338003
2010102084
4045072001
2028437658
4028778975
302841952
575187693
1661567510
2240791851
1378388796
3967705113
3208592722
3854577463
3658135000
422621701
285044302
2626229251
2236849204
1453919409
4278620426
3140665231
1861687888
2834406429
392618374
876887515
3801664556
1400982601
892361666
3993983719
363335112
1739049269
3287727038
2549916339
1144781604
3820584673
3708517754
244801855
2377084992
251369805
4202290422
3663307403
2902264092
2119173241
3150108210
356004503
1759191480
3986779237
4166591790
3270417763
1469568532
3658431761
467486186
1745563375
1387594288
2295964285
2283369574
1807414075
3057926668
3876423849
2025696418
2421536327
1208152488
1844485013
2765859486
2393506835
1647717636
4163716929
2585979482
2684954783
3192311840
868136877
2380048342
2199072747
4213012220
480041177
531095314
1195566583
3141434776
2888324805
1240812558
3946436291
4138074100
2841025905
2084793034
2580303439
3697531408
1167972573
2602202950
298670235
1610065900
4070634761
1640525186
2224734631
1315751304
2627444213
1641875838
4150859123
2268483300
898514849
2623915834
4082081791
3033210880
1026164237
1894376118
269774155
2701251804
2977750329
1579571186
2780318039
19712376
2489151781
3498697454
2965553187
1442191828
4053216721
4201709482
3041795503
989569520
299253565
1914825254
752053755
1110113740
1179881833
294166114
3400957191
920488296
2034290773
1404229726
2744243923
1689542852
1861511169
738989082
54708063
1043619808
1674937453
324636054
2109037227
2132943548
1929908633
3329638610
2255510711
2795373912
4057512837
4073646542
2598459779
1694507956
2884169265
3432907914
3412630799
1500797392
2887439773
1256705286
790967131
995509164
4265434569
2234924866
2390812775
1263353160
2507682485
1863653182
1350322227
2821218980
1131921505
3981299962
1991941823
3816460224
1817785037
14919798
877525003
4059455644
3814094329
2211420594
1799561239
1401565496
473052645
3011272878
485335779
255597972
2640567953
2231531882
2566114415
3737518512
1594072061
2133073894
4145719483
2784065932
2188794409
2517192738
668074951
297001256
2396636437
1153156638
2810210707
4211758212
506480833
3764583898
2693735967
3918901152
2806845741
3779081046
137774443
3522596476
3498052185
2640994962
34116471
3957935384
1996611653
2974435214
2520751171
1008863092
1461714673
299261514
2261232591
770218384
19436125
2223956678
3473657371
1484037996
2266400393
4181315842
444714791
1275688200
251496309
22996222
1039547123
47330916
909508897
1636014778
2140691839
1367195520
4048101261
2015833654
969294539
1939516508
1419562681
4135492466
613988055
2410895608
1910487717
653303406
1378829731
3475628372
909463377
3176248106
2847685423
1708401008
4112627901
3974108582
1834001275
2773988684
204858089
1073725922
375933575
4165335272
3413866965
1840673758
2503326803
1626867780
2392910209
686270362
3199091935
3626680160
3001376237
2773522710
1968566315
2807740988
3586442009
1313096786
3637217847
2598393048
2288239877
3945227598
2283052803
2815142708
1673252785
766277642
3265886863
1635817808
696717085
1708112006
4097911003
1527954220
1575776073
3616744130
4150097383
1348562120
2246810677
4001002174
446098867
3002321444
4136174049
1254564986
3030965311
4136939328
3770272845
1685353462
3544010123
3115235356
101705593
1072913714
1350110615
2775072952
1109786469
1889967150
1531422819
2709480724
3570106385
1696509162
1046964719
3085304112
418420093
3105213286
4063583803
3290280204
340929449
153875362
3308867911
3394490536
199618197
2221072798
661770003
2453502980
151407169
928649562
1684022175
3786641184
4217268909
3444227798
3621018347
1930339836
3818273753
1120134674
3917037815
2202213528
851339717
3324396302
3676332483
2478640884
1249665137
3252703690
902695247
3153877264
3388361693
3429518918
1636123547
2800785132
327096329
4194448514
3017006247
404038792
922906869
3425157246
18767987
2488081892
758170273
3134746170
2091653887
2323603200
258685197
327907766
1936922699
401769436
3094331449
2850938610
765731927
1147725944
4190438437
2522765806
49728291
1375512788
1374056657
4264126122
1840601263
2092671216
3476042301
2709864742
2827540731
1174629580
2341155945
2874008930
587536391
664627304
3973653333
4269870942
3639910867
1251651524
2518706945
4252646170
1482998367
2649759456
3044554605
2263786646
40994219
1758613948
448033945
2762557394
3536959415
886154328
1121046149
671539406
3122848899
2880844468
1143058737
808577930
1458919439
3306936528
1194739869
1444848646
2576883291
1607348908
4170088649
4198958658
2661614439
585407560
520226229
4029075006
3427570483
1117663652
1122845537
2205644794
4267841983
2231226048
303916493
2469150582
1294443275
2720403356
3967572217
1043210418
3134847767
3698675768
3313289445
1574426542
3556552163
1818340500
1179001233
3392266346
241567599
471138480
3701509885
602830566
1930105787
784918668
580975913
2686818082
3733692103
1877131304
3407157269
298908958
3833476243
97493892
4272901057
755508442
561783071
1688235680
3589456941
3220982358
2280484971
2087042428
1541369177
1572104594
4086623863
4283165720
1163785029
3062447758
266086211
1534531188
1231798769
2590065994
1558144719
3298760848
3322348893
1621932486
3745102107
1768656492
500869513
841062402
3331385895
2962215944
4205468277
1882692606
383878643
430376292
1618904097
912540090
545970303
500170368
1032868493
2971059510
1394273739
738810716
3807752633
3329499762
3067777495
2639099896
2450345381
1288901998
421089443
1013870676
178950737
3405257258
3073996335
3182567536
3321998269
2115071142
4101770875
1110320204
1246987753
561187042
1720509831
3269711848
3277442261
3021122270
1154385747
4288436036
3413306497
935579290
107364319
1300528736
294523117
640921622
3137870635
1636362556
1205282329
396708690
1786963255
4067554264
2267207685
3614268494
2265721347
3468671540
320508593
3794689802
1045181839
3259373648
724075037
164925318
891950043
1737009708
1411617353
3142707650
4200042727
3235302344
1186688821
572139966
1000159411
891787556
1856275681
626969466
2313574207
1286991424
2793668429
4211804918
940374155
1230792476
2627455609
3430933554
2691033239
1991335864
204903013
2836402990
3708597091
3454202900
3084108561
3258717162
3203376367
1230176304
3490941053
2913870438
2409351483
66265100
862113449
687225506
3922259015
6336424
2993111445
2600867998
3030751763
868272900
1160465729
1332557914
232988319
811355680
3708427693
659871190
2927724011
2348537084
1062969049
1010560274
375102455
3724786584
350256325
2960341518
2322787523
4048559604
435037041
2841196746
2986067023
2245056528
458931933
794174790
1579757211
3185935852
740899593
1872231298
3367565223
326730632
1073038325
2609805182
1430236019
1893723364
371148193
1646728506
2704578047
3379535360
565734413
3200848054
1857930059
1306473180
3660489529
2584831474
3057385303
409012088
2696451877
2018431214
3935753763
3967760340
646034385
834522538
1011389359
1723310064
4288030013
1887737894
1730823163
3084377036
3465467753
1886334050
1459598087
3357099880
889026133
1013663326
2932042963
1576861380
1956146689
1707368986
4273126751
2766659040
1831266925
4045388694
890876075
796819644
1663883161
4114108114
2514424503
1371620184
3143033221
660264910
1154510723
1860714932
2527491121
1369559690
783160079
2533316560
4217224093
1861319430
3707177307
2420253100
4138443721
3904097602
2155159143
674757448
3809990837
844399934
1049157171
1754267812
3215902305
3195870970
2369098943
196939200
1139644621
168875638
703417867
1297202844
476986361
954771378
4145862167
4061949752
2085837797
2152681134
3430398179
604191636
4017382545
1530742634
100942447
2107637680
424247805
1146408422
1575452347
1637635980
3432489001
1906171426
1559312839
2043518760
2816240405
3456250910
1843920787
4195414660
578440897
747195354
1603607583
48704928
3064231725
1901355350
3784350571
1070656636
2483736665
744124562
1204636023
2641005336
122029637
3789829518
2699342403
3007849844
2181268721
4240976970
3944948175
1032951696
4025579613
644255942
4099122203
3260972396
3295333513
2154127106
810288423
1053963016
3974311285
4230763262
2453197043
2012730468
2484274977
3424708794
883512191
1264467328
1642300813
2862767158
1549506763
460589660
2753205433
1925556594
566783191
866359032
2345066661
1188138094
3446627235
3224305492
1802229073
1081770282
3001200943
3050053488
2716704445
1725875110
378763643
3305149260
2654808297
1715621858
1784512647
893236968
667164629
1166729694
3973272147
1136436804
3616599937
360445338
2001353439
1645886816
1849869293
1437779734
111560235
1890785340
1924499737
2338476626
1256603703
3502215896
1164831493
1171215182
1232057603
3929000244
2495960497
2358003210
3726307471
2168952656
3721786653
1937073798
2801729243
4160395564
1713812809
1349300418
2801642471
1460153032
3658957365
3470123198
2869920691
3134679076
2081163233
3704779386
1045418559
2148740416
2421830221
775791094
3100156811
1275467292
1911795065
3513281330
3036595095
3434512056
2077435237
295012910
4164796003
3435299604
3005744657
2738191082
2577653743
4143710000
3728898941
3588389222
4092474427
1707380492
1950314921
1209827746
2919532359
3660156584
2440336533
1489325982
3863307539
918559236
3701231681
1381785434
1284643231
2587954464
146919597
200994006
3071979755
904201212
1609368025
2081420306
2112485111
3145751192
2190380997
2027696398
2838591427
4284427508
1202447985
2729320394
3193274191
702633744
1774924253
870186054
3082361243
2497082604
1822383625
847889026
1934234279
815391368
3883144949
1074867838
2748118643
216972260
542754977
38911034
283709695
1637604608
2752618253
3802310582
2985586251
851960284
1186563641
2660297970
4018133591
1830102648
3107465765
3864741870
396550435
360564436
2674456273
86914218
3506949807
3908017904
3540523069
1327492902
414691067
2275953356
1063156329
3505156962
379997703
139535976
2175650133
2104589662
3573430227
2396736964
979136769
3572140314
2787948639
1125883104
3135348077
3253523094
3316505515
3274092476
2087795353
673404370
2140695991
3983336024
2338845829
1623903950
3941202563
2660651188
3547805489
2699934090
43175439
3206469328
4170264221
90198534
2839671899
3165786284
680838857
3229389890
3824236903
1262967368
297380789
2778610750
1462839603
167628708
3921430881
241092090
3543470015
1740131520
835308493
3583077750
2057238795
3816385948
2737577721
3825151666
3490427159
2222951992
1890971365
2330117550
3059663843
639683220
3371083665
2820976234
802061679
4083613360
1157526781
1347888358
1739581883
778815116
2958705449
2054300962
1392694471
527728168
1429192213
3914296094
4089301651
3352183172
3113308609
1323725530
182064927
3026840736
2036476461
1699248214
3307193963
205003644
2835493721
2036103058
2930877559
3057986072
3971619141
2740661390
4183375171
865416308
820463601
2836075338
3784498383
2294290064
2934434653
1169975238
3193540379
1397582956
2865164169
1409623554
129179687
3872428552
363331701
356321790
1610357747
230990692
15960609
2461634490
1811140223
3391650944
2386737293
3570004790
92816331
836417884
3356194745
1802711154
358762455
1119204856
2399957925
2230059886
523331235
1248562772
2289637457
2379802666
1287121967
1042423408
3102052797
390601382
2207704187
500105804
938658793
2121111266
3520732039
1062442472
683307733
2451511518
1027874131
492369220
3808096897
839916698
3243914719
99351648
4177753837
2748177942
137392427
3302573884
2254433305
427514194
703961911
633942488
4081384965
2790083150
2134851587
3927693364
414980273
2630233354
1377151887
2391086672
1905223709
313671046
4190104027
4234709036
3287668809
115570626
2907686631
49646024
1878988085
1689098174
418238131
872625956
1321175777
3777108346
2179288383
2158783552
3460064589
1846294774
91246219
2980824348
3054997625
3199005234
1044618903
2541198776
3237722213
439812398
1557842275
2384335380
4140321041
2013979114
2122586863
2967535152
1937600125
2712850534
3475808059
3650223628
115872937
3600730274
3253477959
1202613672
3641567125
765494942
1817260051
2335926532
4284044097
2955380314
3496809631
258067488
2927985581
3946644438
2711608299
1623864060
1967809753
1916795666
3492041207
196671896
2882052805
2405509134
3881566915
2917809140
62237041
501155530
182139471
2553140752
3846677725
1241633606
506791067
465789932
81887497
3000469890
1669803431
1601585544
1568598517
699393406
2630238579
1484360420
2078296993
190341946
2076806143
1124342784
3329675789
4011343542
3977713995
3064762588
772827449
661418994
2305799511
847594872
1933819173
1350811374
974842915
3170391508
3969661393
3900349354
3690138031
4083391984
2038827837
2908177958
1831934459
2775890380
234495337
1019591266
301525255
3628402024
48897109
831763550
4221895379
3442842820
392983553
3136073754
4275221343
1753963488
3467137133
1767238038
1680737963
332062396
2525076889
2909428946
1073596599
4157899096
3808757637
1146537422
1550812547
717250484
714340913
2383782026
2191755535
762992080
1859166621
2305501446
2927157083
3575513004
3192515017
4053883714
2031703143
2081601864
3672604341
3120821054
3326440499
384278180
4044737633
3810290938
2153810623
2297400256
196214477
1705903222
4013728779
1419582620
2964718073
2943464882
4121332759
2208214328
3533996517
3985783982
1102171875
1656379796
45410961
552080746
1002748015
1835662768
2411685885
3086318566
1080317115
2234987916
4259898921
715287586
1891659719
1356291368
51319061
3552092702
637506963
1594331268
4092875969
69179866
3544912415
1764273056
1311497517
198741846
3801805163
3516615292
3401946713
3032120978
3628203895
970705176
632958021
1793991566
3376007235
3428729716
2249657073
254409290
4029585359
2519373200
854220381
783171270
3981146651
205020012
15667849
486599938
4240849703
2559242504
2767770485
728350974
808150771
3406656100
3609201953
4197332666
1986677119
2318318464
4071484301
2676853302
4271959755
1597859932
2127059641
545044338
1101538007
3129201912
3420325541
1998748270
3193926051
3408141652
2446482257
588468010
884549423
1186209136
988382397
4283265446
3951447931
1016688972
1198812905
3656703458
1292023431
3508892904
4131177941
164581342
3860916307
2087797828
498136449
4253041562
2492870879
687455072
3788515821
2156197142
1873189931
1308325436
3000389401
837836882
3081827895
3784233176
3232239877
1759985998
3631926019
3196315444
3472808881
2195461130
1245472399
3657340240
374659869
1468732550
3714897115
1691514668
2643524425
1320566466
3175997927
3030313160
947054645
1403080382
892869043
2427127332
381619681
2723004538
78039103
1048685376
2418710605
712429558
3456366987
1783460892
2567402361
72186162
3962861975
3337927864
196103013
854882350
3135493219
32874772
2998176785
2965129450
495998447
1728183600
3217318269
2166302566
3512142395
1331391756
459061161
1149046690
3581918535
955206824
3107142293
2308423070
4140366611
556972036
3714209345
3637423450
1232342943
2143193888
4266997421
890968790
504432363
4239090172
2943600601
2395734546
3171593463
3199047832
3230578117
1677860622
4109536707
3975236340
2114677873
2330717642
1200420175
3233174800
3184531421
3787565638
1100803995
1118589676
619684873
1619087490
1232095399
2416877704
3524639989
3362430078
4029385843
1132485092
1488113313
3980069434
2446722815
1571314432
3102213389
1412027830
3492136011
3381477340
3224587321
2762210034
873173079
1488020600
4275785765
650655214
33486627
3538871508
1041988817
1268974250
218776751
1980996848
588250685
4213873958
345408763
20785356
1784791145
603652450
4176970759
670360680
3904008021
3369200478
3535261139
151776196
1002993409
2278217498
3097800287
87497440
3631940461
1465581718
3231330731
292228540
3781034137
4111295442
2265916343
1626873944
4063107717
1107213518
1231097987
57044660
3422338353
2300151690
1591755791
3524383952
2384204957
1796341766
2627455579
3380997804
3888843977
3961659970
4025315175
2862225480
1856065973
3750079038
1002815283
2135780772
96161633
2897613818
1152910783
1600309952
27668941
711367542
935743243
2428291996
1963713785
188759218
401434391
3749301304
3525252325
408794030
510712291
3385845908
3435605393
898071658
3655791471
3685285040
697064189
3945779942
2550448059
1442751628
3846408489
4063146786
1714031303
4260772904
3782894613
4248688926
3031261331
2948390788
27482049
3157573850
1760038175
287533728
1694601261
3573851734
3926006891
2147121532
693434713
1316259218
1954437751
405694488
3796254533
2828868238
3230028611
1839420020
2979188209
2669994314
3338031823
1439765648
2885210461
1362892230
824796443
3709815404
4142085513
1264104450
3213186599
1140936712
3402999413
2930931710
2999366131
2681356644
1184403489
1920916922
67945599
2071001728
3206880909
2062360886
4154825163
2476480348
4166073785
31604338
1452932567
2332947448
1916508581
2373251438
1526299811
844672084
3078069841
1881781802
451306031
3212975216
1475966909
2398013606
4267817595
291496012
4240577001
3906479330
2346144135
3669185512
3226147029
479954654
2540286803
1359319876
3081959553
3888933530
2701011935
3141761632
1487461613
1540885526
3976775467
4229539132
672707097
1153525586
2753057079
4094717912
3717669893
4254939214
86136323
1466431028
3884818097
2932734730
1989091727
1404310608
4230368797
2986339206
33931227
557344300
586686025
2548368834
2264399079
1543784392
1668463413
196150718
2951636147
3234780452
67801313
2421516154
1989428031
2844977728
103074637
3548210934
3263407243
1709908764
1254315641
306839602
1859212439
1261296568
2347818597
3419270958
3260604259
407449620
384618257
3175722986
650678511
157219888
4078392445
3827793510
2859300155
3072384012
3785185961
28792482
2562676807
2649500584
1642368405
3702191262
900515347
3903194884
2797033793
1011995738
1739000479
3679930912
674294189
1502949846
3698209259
4186476796
1047079641
1102317842
4103931895
3294508952
4041263301
1723799054
2180323523
2893306356
3870109553
1507120330
610971727
2474300432
593791709
1797095750
3522222747
4187046380
4241082121
2877757314
3573900199
2992832392
1966641141
2353091454
1308415859
3187878116
3872477601
402239802
51282431
2710084096
2875537421
2178378934
186675019
1533669084
757215033
2251784690
2673044311
3482944376
2348737317
3643321582
525271587
1197568980
3286679505
2661771690
340623279
1627364336
4289065277
2828661798
3202871291
2332137420
2224382825
4136388706
2074222343
3881878376
1661387349
3006014046
171350227
845036228
3614472705
2877619738
2208475487
153016800
140097133
4227602326
2331139243
2886155452
2366006169
1863084754
80510647
416792408
3907202437
3384980430
1639881603
411598260
3887169585
33123978
1195966223
2632274896
2255718301
441767686
598390107
2313805228
3575132105
536799554
4167928423
3336402760
4243006645
2250465598
1739721267
858733732
1470943841
3677076218
3493560511
3675392448
1134978253
2478518902
71039499
2279111324
539871225
1735050162
3873456663
2282810168
2670045157
2068130478
4238075107
1264678804
1462071441
1443029866
3124047471
774110128
1113935357
1510353382
512830139
2428638092
2523540521
1092024866
3812599239
382802728
544323349
3588165662
1338452883
2850958980
312367809
3878021082
2075199519
2623154592
3991094061
818724182
2337621867
123054204
4105198681
3062533266
862369143
1094518552
1381913157
3429372302
2403262019
124019060
3814363377
3371944010
367660495
3081999248
1242776669
493219014
972247067
3053599084
3164821641
1326217986
4293947687
3644043016
3074324853
253177598
2546859251
2081624164
2136806177
1806402746
3302702975
2381265280
598233485
3605575734
2694202571
3203843676
1688608953
2141439346
70768855
2756973304
2988780709
937650286
2768209827
1879653204
694739281
3843824938
2940181807
2559318896
1075145405
908861350
1814635899
2351058764
2279322857
454519778
1045949575
1274884840
3068488661
981712350
18775635
2333467204
3774937985
1626640794
2526160607
2898868576
2374864877
2781291286
811004459
3207844924
371660057
3253628498
2670439479
1296961240
2048014085
3564056398
3040207107
2764571956
2456314289
2426135050
2265832591
3953496912
1392754973
2450571910
394963675
563762476
2217427273
1383058626
3125680103
3911558856
553553461
4242324670
957394867
3027149860
1185027041
456724090
2276310591
2984257856
1613430349
3642752502
2465157003
2491732508
4216011129
1487046450
1981427607
337836728
1908240741
1422091822
590998115
3239624468
1399919121
229840618
1244449775
2281175856
1031161725
986436966
175104059
14830348
2309619113
2119015842
3148542791
1722092200
52551829
2530880414
3640430867
3516225028
2337823809
1253112666
3674604959
304875808
1545116845
3366668502
2360827115
1197588476
1378520537
4210561042
651911927
214619800
1824447429
127405326
1046717379
3698551028
1838871153
4204379082
1366584143
8082192
1174732253
1444239430
2133902747
812789996
3161451017
65592962
3058073255
3061014152
1994875637
3845393022
1715085939
3087136740
1446761633
4220803130
2138242303
4272216320
3454954253
3894477750
1309088331
1547869660
2765951545
1009191154
2068268631
2268963448
1252947493
3617924078
1108020515
173015764
2919105233
1367855274
2713500335
2754058992
1061676093
631589670
472210171
851576524
2358576745
611946338
1241037319
109617768
2716276053
1621252446
1377919955
959220164
442793217
2518361370
265069663
1682086112
2386848109
3342413462
1932953515
3550440380
3380266649
2338812370
1765136823
259219032
4146348165
1268951758
1434986115
1512475828
2914140977
1756714378
3957176847
2113196752
2279013021
120827398
4087717979
105499820
3056685769
4248285250
1117365607
3235698248
3048798133
501028926
4194981171
579668900
384456033
3732759034
3538615231
3959244992
28481485
296470902
77440267
703605148
3793464057
871451314
310320407
1835272760
1773681381
2252906926
2352148451
3614377620
3520050065
4066003562
2360306031
1423637168
172638461
1954054374
2215220667
629244556
1096601385
2270904610
2550218951
2338847272
4025813525
3449571102
2806838931
1033600388
1457872321
4109569754
3148219167
4207732896
416347693
2402341974
1989440107
1470945148
1557643097
1560056722
3304788087
2768741912
2785174853
1179584654
3848497475
2309058676
1265521649
4239306570
2366228687
2882671248
1027192669
53199814
3081321243
2262902892
2184149897
2551988738
1845988391
1210191368
2587053173
3164071422
2403420147
1339023204
2976749089
1437871034
1758837375
2980673664
1345815693
595611446
2842881995
3511514460
4089906105
163662962
4202804183
4132844024
3147480997
3865960302
1282511523
1949682260
396764241
4058678314
2714032175
3251772016
591224253
1694856870
3839660155
2631974476
415324137
3769807586
344229767
352522728
168541909
3548902622
3544140115
446837060
3382378113
3640178842
626139615
3985307744
2961064685
3461495318
3918601515
2269774652
2902554649
427259218
1491797815
3712462296
3323546117
1566385742
2562026499
2527335476
4287571121
2554710282
733517711
2446529104
1257059357
1740478854
3455817179
1442333740
4046087241
3998651330
122696423
1275266504
2702598453
2535748542
2157902515
1535800100
243635937
3002643834
3891476799
1198090304
3460116813
2875102454
4014406283
3860496668
3667860601
1196887602
2987330199
299112888
3977643109
1037360430
2374432099
3965996564
2554418449
301497834
935134959
3536648752
3470867069
4111215718
2707311419
480229900
1132634281
708830370
3997339207
2199513512
3437966229
673538718
2428001299
3422594308
3141885761
1944855130
1402011807
339527712
3389804461
4066205654
3740043243
3593924348
448262361
714610450
63290871
2280879512
1680404165
3062694926
3661508291
1827567604
1121236337
3711607498
2125080143
4156019216
1437692125
313077574
4183601307
3612286956
2481065225
3651577218
2637404583
2352987528
119682549
1128448382
3907218803
561825508
3606206369
134938426
3070457855
1694308352
1350802957
4144405174
1222231371
3155643612
1466168633
913477618
2011636055
1872609656
1793722661
2453510894
439556131
196776404
744572369
3561240490
1700263343
797678064
301324093
3796673062
3696150011
3900601804
2992679273
499308130
335238407
1970045288
3579013205
1093963870
1517825747
225892548
883195905
3079490586
220372831
111302624
2587565165
689063318
694596267
2016647868
3334154649
3122559186
1682650295
885718360
1290883973
933142990
3569201539
3091241908
1308558897
760036490
4238243087
1698714064
3259395485
2712569094
3163327323
782613420
3138811337
4090263362
2121384039
2291676488
3373714101
380817214
2731450419
1030150820
1936971873
648743162
4240864959
2183432128
1808452301
339239030
3907735563
1728305308
3939864057
3771978162
1254750231
2138253624
1641467365
2842171566
2100689635
1576572308
1824913041
2056106346
22389871
1070463408
2973447165
2860963814
2020475067
71102860
370897449
888899618
879680455
1270536488
2147769621
1416986142
1799274899
1522846852
4269301953
1436300762
3636919839
477865888
365603117
1613818710
1539284331
1627391612
2446008921
2982845074
3644550007
864961816
221411397
2253520782
1928590403
3831136116
432936689
2856162890
3696591823
573346192
3043764829
1921882822
1514874395
1069291372
2005376649
2525497602
3117066023
2160880904
2746490741
657759486
1226871539
185118308
214571297
2694369978
2684106111
3600791424
1959966605
3501450806
3258686155
3131057244
3585337017
272290674
3916926679
1897156856
3197915813
152327790
21994915
786323796
2989451089
110422826
2725647151
726931824
829509821
2340081062
410778491
865807692
3748854505
2846489058
3193774727
633663720
3921547733
1470639070
3184268371
4020928580
2709586305
3218661274
4248706271
1837676384
4051367405
1165578518
3367454763
1146892860
480762649
3143400530
2169922103
2482851032
4054605061
140975438
1604384515
486286132
1593960369
902541322
344937103
909939024
333621021
2735108230
3579347163
2924622636
2583005001
3684260546
503205351
1956406472
330970165
1250437822
916014515
2787263012
2343901665
3348388986
1197782079
1513006912
2153473101
3124308982
2274010507
1252798492
415170425
1315411250
3534742935
876689592
771397477
4144124974
2973761635
2318130452
358455313
974775530
2675524079
3655203120
3612880253
2196276070
523810363
4200147212
1059537833
1972251554
3766888775
3813329064
4013983381
9214366
216016659
3353867268
1719558721
671304026
2168978335
3515451168
2718696109
1185642198
2198713067
2517114364
3356578777
1083448850
995891447
634918040
119472581
3818781454
92584387
1306887924
2522511473
1907853770
1544282447
1764774160
2187977693
282658374
4034173851
3727167212
3005231113
2629856386
969716903
600317064
1441335541
376273022
2247669875
3933443556
2566183585
2908595770
1505751807
3297859328
1663357197
512242102
2878894155
1793588188
1958139961
3843692274
1160969303
2025447544
481401893
2029130222
1472668451
1000415444
1863354577
2531040938
253702319
4079720688
2813315645
1318058278
2942578939
2620843212
637029481
1382554978
2309615623
604790888
759937877
3303196510
3543857619
2671585220
1446019841
2145088282
732207711
3762165472
1547554669
2441567382
1568857515
2311309756
3032976537
1798406098
2785841079
2027854936
441083525
4256602318
2405383299
584493748
4170697009
3217105802
696987663
1120391376
1707204765
1506106374
778008155
4076710572
331847881
1941782082
1542839143
235902024
1728093621
3768878654
301919027
1941744036
2638830433
599044090
4258132415
2374485696
2985229773
190904182
1629813515
789809052
1784377593
3725744306
1069601559
2923317304
3078709477
1420005294
2141521379
3472762004
1476934033
1587353706
3358056303
3741120688
1731733245
1815162598
2881383355
485777548
1151735081
3120025378
1753773767
1204402216
10465301
3664426270
1268550803
4050262916
962028481
2032229594
2199124255
4050020000
349199405
332202582
3939944555
323958140
3280635225
620011922
539477623
3704677400
3085863749
4235261582
3891298115
126848628
2121914865
1101561162
3016572623
180555920
3802832221
3683348934
