2171399743
1035311424
1956752973
1564929526
1015644043
1350124060
3679775097
3309336370
1472159639
178678456
1158291813
3452458542
2954500707
3952815892
1689305617
2114914026
276298735
1055484720
2857957245
1148110182
3814068283
1806875404
4074745257
1780977058
4217119559
3955522216
1012568213
1155210142
2124988691
2255734276
1262750785
566815578
3235722655
725186848
3966192813
2798270678
2548665579
2282631164
1066155481
621674514
2006487799
931546776
920882117
429194510
1608242115
581818612
926065265
3614288842
1775737679
1923400464
2227154397
397428806
2142172571
771399916
3908934153
3946499714
2333060775
1573572232
3170374389
1244461694
645812851
1452828644
1149207713
1025787962
2640456959
2162837760
102046477
1547170742
3335604811
3181841884
2341913145
531953906
119305815
1110512248
3081446949
1050285038
2216377635
2286056148
2616046289
382976170
1480059567
2911439600
2077922365
3677895462
1346079483
1593997004
1752872553
54755170
2144987655
739775080
2697971029
949176670
3103626195
3715824068
2734697729
3189970202
2983449695
734005472
2588088685
222830230
