614718023
1985136040
1249271701
1203674782
359163923
3652796676
936201025
4208664154
35376287
714155040
2231172013
555621334
1704858603
386075388
1950178521
1801884434
2947156471
2765312408
2301565637
1499807758
589380291
3275625460
2567414129
2480447178
1394078287
1821584912
2809994461
747170630
3399564443
1938963436
4235360521
1074012546
727377319
3632699784
2657313269
890895742
3468261747
1109615332
495993761
2518154042
3054781439
4129256448
1542081037
1069897398
1433489739
1838246108
3183436089
1646201842
2232511831
1628151160
4012258597
2396247790
2780570659
3900190164
707408337
3514839978
3284910511
179631600
2847376189
2376752678
1157190139
3639579084
3041334633
2659078754
1827184903
4055981416
1900713045
4098477150
3295951571
134968516
1616407553
2880981018
800680799
3381834720
1092077677
1523515798
1055145643
1096529596
3035403673
262730962
96174263
2445728088
3680731013
1022549454
2246884739
2725001140
3462263345
2418489482
2014855439
498576848
2868779421
1837777158
4288485211
3661944748
2471682505
2380657474
2502233191
2348486984
3569612469
4194700094
871410739
1491695268
524141665
1609827578
2514698943
2917327808
2031974093
2113084534
172940299
1859777692
1541208569
524045746
864044055
1593640248
629078501
3866776750
3070953187
1553084820
3401245329
3792022890
2899669103
3432207792
1978195965
2782958566
1491373243
1376390540
2125323817
1735590946
2078812103
2905322792
3865544981
1460058654
1183239571
1580558468
1163414721
855847386
3144272415
1745355680
3566425389
3504973654
201927019
1317282428
11046489
403773074
1010284407
749084952
2970657861
2854370190
409927747
2120358772
811139825
894669386
1255886799
4198493584
1628427869
744838854
455586331
2528588652
2876246665
1616741634
621409063
2538293512
3486337909
3087259902
294559475
1030179428
2311062817
18730682
522518911
2029654912
2953929613
2540347958
74131147
3033677916
1030181561
1566527346
2042223319
2595892472
1840283301
1117950574
1970317731
1800664404
3696251729
1414063914
3875659567
1169519984
1326120125
315656614
2092861307
2059684172
2578540265
2312992226
3227676295
3360804072
3331145173
1706387422
2522882131
402070596
1871506817
41671578
3958171871
498144096
4096762349
825101590
533517355
4064038460
4163979033
777975890
1910418999
2234591448
1458997509
112417102
2238186243
2195701556
2008601521
1696443402
3256950415
166456656
2926727965
2262445190
536939739
1286164268
361362249
3509245634
2848561639
4197925064
205479989
1154705086
3260240307
190635556
1171719649
3411368058
4170809407
1327825728
361107533
434890742
4135989643
3543813148
1662937977
2789740850
3598594455
67310776
1954202469
3909914670
3953986659
545093908
2007663633
3926515946
3373338095
1574655280
