384337959
469162504
290039925
2908918270
1444152307
3144379236
3457921569
3853752250
165033599
739755136
3860422797
966818614
3869060043
2623177052
2721619897
1705916530
395423703
1787690488
3384286117
1284737902
1256410787
216290900
273367121
393539626
1020548143
3909314160
822491581
2615190182
1300614267
929090124
571077609
2206899938
1837335431
3462258152
2364545749
1908973790
1829766483
1898167620
2012682881
583935130
2050006495
4265559136
3421380333
1084778006
1501124907
2583498556
585176089
1778016594
2778268471
2961537496
193242629
2792936014
564471811
1807261748
2908897457
1160131850
3928363919
4174011984
2042892317
3763258758
283300315
3114160172
1432420425
54820802
4016910055
1038340552
1724431669
2916818878
1013823155
2683436836
1972351713
2980323706
2947527999
2707665984
2252016973
2766848246
3236771467
2742258972
518830201
3882875442
3445294743
1461183928
1624203365
4108749102
2952048995
3235830292
3796005137
19851754
2559083247
3968484912
4123399805
2589153382
2911078203
1819002380
3383180457
3426996386
3296561735
2155918760
2355859349
38932126
1032132627
2169385220
2180873025
2725088858
3442179231
3934065696
3046648749
505383894
3243295723
557185788
3027471577
4115071762
212842999
3527229848
2100316869
3868504078
623504067
2211382260
2416169329
1237782218
2161353295
3074104848
3416542429
1336302406
1035988123
3057724396
2197072137
2747306370
1082955175
3895232904
4151349749
2883939710
3584960883
1253069540
609776545
1633839930
2709255167
1786995712
2258467341
2147403446
1794900299
4156315868
1301123385
2260171762
225385815
3522006392
541025573
3325773550
2627523619
671161812
1673421265
2032575402
2279567791
131393008
2918626109
2717896230
1206911483
2039906764
3512812905
720552546
3815919879
48188776
2909783125
2202877022
1447094995
764437700
2948111361
3065690138
2809731935
1852744672
2984441965
3124785558
977727147
2273224380
2689779097
1794729170
2775658679
1109444952
362065797
2056408526
497380739
485304244
3599376945
1166387338
1048834319
1229954512
3679799709
1326952710
3194734427
350472108
1359286729
3742524226
1493613671
2593194312
3221300917
4248927038
4237646899
1466328740
1127609441
3333321978
100332223
4281783232
2080417485
3634138230
394890251
2901730460
2933598713
1296350642
3599627287
1255077176
885533157
2253505710
2610673379
3456835988
763302545
3239845226
3784908911
2728609200
509087741
816186342
4287315131
1654717836
3925347881
425161762
2032261063
3040453928
1287436565
712649246
4060315027
4054472836
3387456705
292921818
2413394463
3788764064
3046016301
46864214
1461442923
3231126140
3342777945
3033630354
3466422135
1341133080
1634849861
137472910
4124553283
2731740020
2041918193
1512178250
1509359567
4140293520
3449226845
1013106374
3584451099
3108381548
3495049865
251262210
1201382183
2496739592
2100984693
3081718014
1273188083
567556708
4209521953
1934114490
3287069055
2537423744
3139736461
2089030198
3109410507
2531078236
2207613625
81248114
3883371223
4051442936
2334764709
3135898222
4155595171
4273792340
2554626897
3671021354
1014337327
3837093232
3416927421
2214984102
1997879163
3947575628
2217449193
3509708258
4098629255
3075456232
2266131925
3986216926
193777747
157027396
1498226049
610159514
3440154847
1550648160
1968886253
2776595734
1787790379
2151628348
3388438297
2089773138
2801032759
191568088
2911353093
4113746254
1484829443
1094758196
843383729
1767644170
3387739791
3345210704
2267644701
893885574
2251275483
1193819948
3516670793
1295468226
3674950119
3601674440
2883358773
2968442558
509084083
3317288484
875509217
3102722170
2182164543
710472512
1489584205
4185217014
52486539
1228225564
3430718329
925925682
3203129751
3048539320
3492016997
2848194606
3147676771
3319163156
3167663121
2281722090
4013211119
3049997616
4205644157
2581573478
290320955
2538943756
3501973417
1279399842
2209424711
3907097768
959505045
2187937182
1570562835
1885700100
2795929153
557102426
1708291999
3053048608
1711791789
270377686
2271342315
976693756
154988505
737348114
221648119
1146216600
110517701
1733666574
2959111619
3824554740
2029622385
351532490
1160076623
2195954960
2899099613
394670662
2462570395
575281900
3852651529
1938446466
2719330471
535095432
2292671733
2126521470
2394125427
517415396
2546661025
2841973306
2804444927
1883742976
699313421
2637192630
1739238475
398264284
1246786617
772735730
2611673175
1194962040
1886844965
1486863854
2988498723
4011306196
1943905489
1248791210
278310063
3181700336
2954929725
804463910
4042616059
2860445900
3228100713
1145571682
370207751
3920571496
4292351829
1588294494
1660138963
3800478660
3132399361
4189642522
552277599
2251973344
3159731053
1885702294
2152929707
574543292
2781816985
3971771346
2686618551
2321836120
962445957
1146766542
674691203
917714612
2257773873
3198783370
1113631759
2970033360
2738928797
2162067462
2116989531
1852552876
1562784969
464726594
3950696295
4030226504
274397621
1994601022
2008393523
3370923428
2390456161
375921658
1509060031
3771339456
3264534989
1970611062
431175435
372544412
2110852345
4080223410
2088029975
365564984
2564996325
2369600430
1710932451
104902804
1446073745
1675330666
2002475887
1677870256
2965701373
3288357606
4174096315
680029324
66236713
855882530
1512796871
427328552
935857173
3089064222
1448167571
3682576260
1580695489
1605028058
2232841503
619623072
1828993069
3021418070
3894609003
739656060
2154701145
2829815186
3195650679
761442328
3533563717
838902414
