1118966531
839028532
2338153393
98106378
1568943759
4132683088
1553457949
1713536134
378346715
807804716
2915074889
1498425026
1099868647
3281588424
2400645173
3710236350
442589619
2926816804
4108293601
673491066
419467327
2495664960
55550029
2357737462
3763749259
690691100
54066041
1828806962
2479309207
1293477048
729174885
2134040622
2675907683
2223524116
722932753
1475162346
3212582383
430646576
541813117
4247424870
3512422971
205722892
1745895337
4190828450
3169092935
2830988456
1922777749
789587358
2136359699
1661952004
2290540097
1608095066
628217759
1364308768
750665389
832602838
1078415083
1646070268
2267631577
523495954
549549303
715505816
68730309
2570356494
3857831363
3902272244
343012465
1347474890
706526543
330530064
3130728413
1698763334
3666163611
2603088620
1344744457
4202903682
2247692455
2863712392
2957100277
1675035774
773641331
2473656804
3000719009
4017746490
1735905023
881820416
2761231629
86195638
1413483595
4287817692
661443641
381674226
3320207447
1954385016
2821281829
2666438126
2439135011
2980678868
1418069201
691792554
3795717295
1935983856
1042220605
538838310
409128187
2672611532
371017833
3702581602
2091142151
929762408
2913105749
875713374
3624736211
1360040900
653590273
2134753050
3119150687
1802650336
2204896109
3603458198
4170742187
1107604924
4196108441
48057298
3104697271
4137175128
1128276613
1461265614
153639043
792008372
3295364401
2028367754
3635940367
2209807568
1232018589
3413731334
3712750171
1462343340
3054146761
4253813314
2898147175
4175708232
3696581045
4107932222
444532531
2842039716
1676400481
324860922
2745290175
3740398272
1843083725
2454193014
1973982987
3857347484
1632464121
1858348210
1544564503
3102602296
217390309
611064750
2694586851
2897383572
154776977
831022186
2858597231
1268917424
119759613
554384102
3885565883
2100710540
2013729065
2521602850
1310642887
3574883368
3119672341
2525380894
2127210643
2783545220
3034046401
202352858
1467340063
872845984
2491062317
1062866518
2143839339
599531900
186286425
3249302930
1019552375
4285960216
1222657861
94339726
2534775619
1905916532
2483639793
2707016010
2685803215
2384346256
768858461
4136336838
1637985563
1206579820
4029332873
3156909058
3298696743
3992156168
3490819701
2783895550
2051537395
1276307812
819009569
630048186
3023998079
3416793728
3017942669
28739894
927982027
2951855964
4053452217
1053697650
352634327
1244273656
1184473509
2506840430
401392803
3244512340
2717001297
1922211370
2930387503
3391308912
1605565
1035088038
3787326075
1774159948
4270692841
1616776418
2685671815
2709093352
3024822485
1271656158
1850669907
2639936324
3136258177
2014270106
1154741215
3268321888
346678509
420836374
680988459
3137555772
1525037593
90263378
3399948599
1426102232
1639525381
176660558
981048835
3683032628
1007429297
2875908874
1995893135
984169552
1284068893
70734726
1782974427
288099884
3477579337
1344204226
2623063271
2308861896
137806645
1289055678
2822220979
2536996132
38476001
2009878394
1074662207
4067562048
2338968397
3777941238
1274408075
4050176796
3642023545
278784050
1870929047
401736632
30860901
934041390
34875235
4219197460
930043665
2920978410
1171544303
3601343536
1841192061
1943201382
1771158843
3903357964
3664831145
883244706
2705596487
2086294440
2037159317
163798174
1633291795
857911044
2180768065
4110203994
2294600351
4018827808
2025451949
3518667222
96762347
2073704700
1245623001
935063826
1098108919
3338035096
2592788677
2341568014
1578393795
1488650740
892581745
953793738
337279055
1360526352
1246728925
3527207238
3120112283
380430828
3827388169
2468937602
3266194343
2342856584
3246692341
2135800702
3205373811
1720963300
2165954977
467179834
2916108799
185582080
3375513613
2121323702
643479371
4262434524
3631986489
770927090
2857251671
3523586936
2876042021
284103918
701647395
649862100
2725332945
1709199786
2258716591
418431984
1423243581
2167233574
2715039739
1035026380
4235258729
3437375586
1081009927
91679592
2786511445
1177324126
3534479571
587391684
314376705
1956111898
3926421855
1375338976
4117413485
2533982102
3926959275
2571166908
4192463769
2189185746
1072383671
3843549016
3222615429
1853692878
749069187
2499225012
3091204145
2875610762
3997222671
1495956432
2347143069
4267458310
3548052827
2083358124
2138552265
520671554
2254328423
1942462280
4173016245
2467809598
2576044595
1441260708
368925281
3815940858
608520383
2369860032
33254605
3879508598
4181606923
3919979164
1888440313
2693704626
3290630679
3894743864
1880862693
3874722478
434580707
3471056788
2075654289
3684944746
1204876911
4173145008
2048677373
3816919526
1833267899
1822014348
357413929
2731860514
743730631
2626634536
2533998357
919042078
4244927379
3904558724
905110209
2829111258
4015968287
1105023392
2138852141
1455564118
1748733803
129454204
1251337305
3479336082
617446775
4280626968
1595431493
1493858702
2431526467
4227533172
3186694385
617656394
1009374671
2594225040
906906717
3864351942
4186675227
627958124
2987057289
1300128514
4129896743
2177226504
1788510581
2649986814
3530507507
3237197924
3920993057
1616538810
2318206847
2965791104
2323995021
3914473526
3076558027
2280418908
3792677049
841985394
2076352727
2316319480
1017328805
1064947822
487772067
1068753748
469985617
287638826
539190575
2647475056
1649701565
3633285030
1856335227
958527308
2512862441
4030551010
3551835271
1633901288
1761965013
3511952862
3676554835
3221916228
1952285569
47675802
3750227679
3606339936
3417217005
3198454550
3540335147
2059238460
3709115673
3358479954
249197623
618542808
3293855493
2969147214
900540675
3112611124
4278643121
2262354442
4103447695
490388304
763808029
2817010310
787149531
3056467244
1285212489
944354498
3771654119
3042954952
2481100341
1973494974
3296327603
3279375396
3842153441
3830445690
2252834367
1834963264
2005927501
309421558
327260043
1822587420
767345017
1821798194
1340929943
2810651320
3183704421
1614925358
1041576547
2230019860
2618530321
3357802218
1717081071
4024509232
1379749757
1578581350
146024507
654963468
2929558953
2933622178
1699724103
867381928
4173981845
3415380894
667539731
2763128324
381477953
3036406618
3242446239
3909038368
1321313453
1014018262
1026401515
1712547836
304092633
3600807954
3704761079
637730456
4236829637
2617931022
2242046915
3109687540
4097931889
1933485002
3460576079
2830662416
386926045
550813766
911805851
2452478188
3756487177
3106588290
3574548135
3461711496
2975034101
2950722174
2322295411
959619044
2963561633
2165522490
2136261887
2060189952
2648404749
2958715830
2153865803
3951576540
341219897
2575495410
2137132631
4031367800
1614577189
1326156782
1202607395
1783278292
3567815377
2187376810
825262767
2528690928
1318513725
836285222
1580311291
2047979212
1351650921
2557441890
3487924743
3007236712
3809942869
2604843358
1572252627
1383150020
634455297
2966293786
1532128351
264093920
1031106925
4259747478
2037698475
4252570556
175656601
611801554
762618295
2454947416
3564521605
4294775502
2878303875
2805281972
3596667697
1271020938
1073054223
3302619856
1466565277
4007335430
2459297883
3710743724
3165706953
1776392258
564817255
1281818184
3215785909
2725347390
4278426931
3185947556
3042631009
140790266
2618606527
1355575488
2452070349
3503108470
817884427
408801692
379400953
3266654898
149021975
3558355512
1355694821
3516336558
3298703331
2073144980
1585593233
2174431850
1466642799
4195623600
471943421
3516131558
1373494715
905521804
744511273
649668898
3258321095
1069949480
2225934869
1982115614
3081387667
1158161796
1784276417
2819487450
880003871
2733641888
2357853741
4039523414
446347883
883851132
2799519577
2608102290
1602345079
3113209368
3638324549
2190569614
2452795715
4007139444
2653215729
841193290
2154401999
3110025872
324321117
1874537414
2254537499
2062340204
4088857481
2754488834
3579860007
1867789832
2075087989
1662275070
3171061747
2907735908
468065825
201528250
3276243583
656449664
2838793357
1099544374
391985099
3336772956
1968212921
2985112690
2871819223
2192726520
2084095909
1839482734
4288993955
75526740
2455809105
3348327466
1875419183
1102266992
1067214269
2064178854
2256066683
511731276
2999771113
2474154722
2868989831
4178131432
4199270101
1375231198
811897171
3090602308
1830258305
209428634
2473060831
3126206560
4039068397
3268387350
1935631659
3212028732
2282684441
3847707986
2444873527
2876757464
1450922501
2307362382
3830232067
3154295860
72199345
136491274
2254462863
2382903888
797981725
3241476486
343662043
254536748
1438248009
2177924034
3203463911
920464840
1645898037
3347635134
522732211
590551844
3439730401
3719273850
2611806527
4119367744
4156701005
2421161206
3875095179
2329422108
825271417
4041930290
3842101911
3956818360
2403077221
1760773422
58867043
282523156
2298731793
369714666
3507015407
1431708208
4257759869
737645670
1589809979
3077005836
345385129
3631074466
3104265799
3200782760
548617109
3833449118
2191893523
2814201092
1992943425
265751130
2129578143
766504992
3738523565
3787638742
2525155307
294164220
248346841
1809841938
2732361207
936091032
1511192261
983526414
211646147
4201979892
2174434673
1870629578
144305743
177535504
1356626141
3238565702
4289001627
4255827948
1937347849
3699936642
1830576551
1656874376
2947431925
1703881086
1077196147
4216155876
1903878049
2401888058
2349154303
1942241280
1385211405
182452918
307498315
3086808284
184384825
3379460082
4112640343
3209292152
4137160997
3376677614
2599837731
1817524692
455855569
4005371818
2448145839
3703357936
1533337405
2720008742
4252700155
1148067276
1115435369
2941828706
3674742023
818063720
2493739093
2742351966
690845395
3478880452
2419132417
2749379610
3184027487
2495447008
2341217389
2069867926
1455749803
1588413116
1540927897
1489920210
833223863
3997902168
2959301509
2073627086
904198531
1441743796
1322094129
3388613770
2111192335
3066395088
3690558877
217443590
3399275355
1781097388
2645949897
1310089026
782403687
1925340488
1630196405
2464626494
4209502259
3512697508
1912889441
4063359226
3138404031
429109184
1314902733
3204040822
3425540107
1645314204
2205619705
1161279922
3662462999
1825001784
3742160357
1414955182
1354842851
2730179988
3784867473
2473498986
2301717615
1067917744
489831421
1531068390
1164069051
3377764748
3980327465
2449043490
3217269703
2931360040
3000788245
3298682398
1589381523
2865853572
2181884097
2052529626
3602171423
1195298720
3953373485
2103858006
1189471595
2594287228
1341172313
2514649746
2632070007
515271960
3861676101
4063520654
1256406083
976299892
1688510193
961707594
483740623
3663313296
4121375325
45941446
3089329691
946323308
3845072521
809103618
306409255
2795410696
860890997
1699808510
3925990131
19486308
4150436129
2559031994
260963711
515301248
1072676749
2052935222
122020555
1557515356
3680333497
772193138
1396856535
605059320
895113893
2414526062
1872946595
4291363156
889843537
98423594
1301928751
2782216560
3354417341
2501784998
