77778611
1244935972
4114385633
595270010
1449807167
1231907904
3859375437
1366636790
1740983947
2382152988
741642361
1277555250
2741542551
2019073464
3530078309
1790968110
164612451
4103016980
814041361
3030639082
2286492399
2917269040
2995416701
56348774
448896827
237174284
2017793193
2790770850
72426055
3838799272
4189775765
3295250078
713437203
1374447876
2622903105
1996523098
1601311903
1352846368
3839001517
1529218006
645192683
4254806780
2984731865
339278610
1070158327
1964636568
2880807621
4234815502
114361027
3839572980
3555895665
4277667530
1864383055
766432784
3805586653
1479201606
743048347
819225580
3703472393
3071314306
1349266855
2769764744
212593141
4244170110
1836794227
262834916
1331514273
2528207674
89033727
1019550720
1531171341
729890486
3563854155
1409126620
1898801465
501576690
1133819223
1684424056
2712714533
437042926
202370083
74012116
2472098257
2920520618
3669494191
1633983984
1972570941
2818590246
2110134779
3674585548
2354519401
3044981346
3915245831
107349352
2157386837
2170336350
517604051
3035012292
1634300929
1254469658
3268916063
1523342304
32854125
2990467478
3993175723
4053524156
538877337
946035922
2225260727
842367320
2146568069
2858403278
551847299
3266404276
3889232433
2016321674
1541966095
3019593168
2841485725
2962499846
26074971
1798242220
589752777
517626690
2063488103
3534993736
1729396405
3326931774
2080011315
1863884452
4052929633
3077926138
3202714303
3014691776
494862029
4212589686
1536271371
3001949340
3235054073
250262962
80448535
109030712
504463845
807091374
950456035
2334874004
376564369
1870730602
797554799
1282080176
1221355517
1268677606
368661691
3150460300
2303059497
1281059874
3710218183
267935016
3720089877
3699483166
2922681747
1740148868
3941684417
1559796186
3427799583
208251808
2121850157
767659862
1903161707
4033628796
2707592793
682851986
4058447735
1161611544
1604791365
3388416910
850315331
3310306164
810814193
37943882
1047762895
229348752
2859949661
1859600070
2237692443
592010092
4073460361
1933176066
329988903
2879752
237359989
1890763006
3403704051
3292426852
77401377
394737338
1777289599
3857693568
2172316557
2381744694
4025872075
2123262044
1541757625
3908417394
2781684439
2388972792
877332133
850098798
3662967203
3566542164
311384913
4205596458
494806831
2528451952
2968945853
737571238
2249936763
1948938572
3755044585
2762857954
1315419783
558265576
770295253
3415756766
3545622611
2787263556
3249403265
525943706
3264950495
2101001056
253569517
2070803734
58432555
2915857980
3597881113
2397659218
2790651447
3186610392
2543128837
3236970830
3874474755
410314548
1715198897
2129990666
226584207
1115657552
3403799325
2964591750
3129070811
4242765612
476969801
3455008450
3912425959
759163080
2124408885
3521793726
3035437491
719062564
1899761121
145145978
2905327679
3410144064
2616694861
1910493174
1146681739
1251898396
1126462329
902199602
2774104471
3956653240
2434616165
1736276014
4225291363
3966148884
2691795985
290801898
4216673775
671284528
4073808253
1187522406
820775483
2280418572
3233396649
3090550690
1810152775
437275816
1306540693
73448862
1224604435
1810085892
777999937
3282546010
2893615007
2231339808
681719469
151263958
3068528363
2642174460
537970649
3569680914
2158996727
1812895896
880522693
3037404942
2825358787
2816625396
38300785
2416242122
2144466255
439833872
2942113757
1407887942
1672605595
1539134188
818717705
146428034
2320844967
430940296
4114791669
2142477438
1424002163
2125552100
3761229473
2626947642
4015720191
459889408
1102382349
4103263670
3413820491
1792950236
928009273
1058863858
1110478935
3465700472
2705870885
3562092014
1744041763
2657084628
2564324561
893125290
3754902703
2819923184
320667197
1507040550
959153403
986589388
482263145
1085538658
610042887
2585125992
3663687509
4238011230
2313997779
1958538180
969242369
1000593178
1353297503
3145210592
4291298157
71565462
1584345515
4080799164
2667249817
604398546
531899319
3747160152
52107909
2349317326
2715160707
525823668
1027194161
2536671114
203768847
479384784
3165197469
4131061766
61917787
1670835884
2158496969
3176866370
1171418983
1161500744
1859015093
3486427710
2239414067
1535012260
3124252513
2769228794
1463616959
1310968512
124989901
600808310
3088797451
4077767580
3106465017
247020722
2064803607
2790968376
2441876709
1055306670
2842024419
1983965332
2491690385
2820701290
2712400751
2125069488
3600374525
3805860582
2174336955
2425332876
2761984297
3085415202
646908615
18299944
807887893
3926317342
3504496787
1013833604
2896189377
957202650
904727839
2019846816
2303627309
1525524054
2362907755
2731243900
871496025
1718453650
3793967735
1737451544
2419277637
3953531534
3187364675
3935588980
265276913
3057508682
3912979151
2438075536
394645853
4117042630
3711853851
4163914348
482358665
1167176706
711611943
4020391944
2818745973
3623581694
3782980083
486752612
672501793
3017268666
3415327871
2603743872
1106386573
3444973878
4244281803
3068991324
158219705
1851473522
247397847
2733569016
1319672229
754839918
183401635
3217665108
3962871377
1807922730
3618333231
3548585072
3255203773
530040998
2901850747
1290854476
3374256617
1469129954
3778826631
1859408872
1811421397
3261368030
413053779
4273378116
263190657
765815450
2734894047
3548674656
2046156013
3133213718
2497562411
1609213244
2142614041
1169844050
3871166775
342978520
679748613
967194702
2811713027
895022644
852139697
3471244042
232006031
2150962256
2763214365
1864952710
4078616539
3175704108
3587513929
3139306946
115145959
413485000
497007413
1845102014
3282265267
3741308196
310874337
447637370
4078519103
4199803456
99732301
2129028854
1289266315
1245455132
685790841
3888316466
2079741079
3020872632
2237521509
3830902574
2538463075
2260348948
3098136337
1105375210
3633156335
2388655152
438588541
231767654
503477563
4088519692
3136969385
426792610
2200197191
3272420264
1787923861
997455006
467781139
3075933956
2880723265
1261098074
2662075039
2761443872
1182656941
2440966614
2302882283
2656669948
3808832217
732760338
205654007
3049207704
3637364933
2613581326
3379173571
3949287924
518664049
2196624586
816820303
2969293840
150047453
1095139654
134601371
379732460
1017562889
4156561282
1776968615
2147745672
207982581
663376766
1186060147
2100570340
575558049
3948065082
882082303
592026112
674379789
2252369078
443903819
12250844
3628019513
3299901938
24669015
2306507640
2724979493
1790029038
423887395
2530374612
3533946833
2889902506
3138551727
1459657712
3820155197
1799549990
4152160251
3365050316
1794270057
3074771042
4211547911
2642527080
3367223893
3405062750
1433114835
571423428
2305653249
2203975194
4020742495
2204096992
598128237
216340374
1019698347
2446867644
2124637081
1107651282
4050747063
3677929304
1842359685
4157322190
1312004995
3094969780
216956977
873623178
3364749071
2875610064
2835384221
159241990
2663363931
670752172
2717200329
2503469378
2723318375
2776528712
1897145525
1517052222
1164380723
2472557732
3223966305
4152670970
3066069183
2379418048
1030972621
4045681270
2559638027
3995695772
2555037689
249807794
2651144727
2465327928
3532826597
2244881070
462480611
2077390740
3538055313
3969639274
1442459247
2502228912
3815919101
3048155622
472263355
3478328204
2311531561
2865756706
4154762695
1576147752
3810440981
2796032030
4294716307
3130994308
1906006721
2281629658
481691679
3348834720
103826221
448118102
1110067051
774285436
860707929
1921223826
4111185271
3567126296
1951093317
4084273550
548658755
139813236
4120350961
68470858
204410319
3073676176
2845852765
630123718
4194848795
3574806892
377510025
3980753666
3201659175
3369381640
141261173
476065534
1518533875
2101612644
349836065
3506734266
1616920447
1907374464
2591379853
2370943030
3119203531
3863463516
2848137401
2417804658
274520279
3478264
43134117
3144444014
3908339619
2172271444
304472401
78978346
1074044207
1888295792
2653055677
718610342
784213371
3417526092
2285417705
768633826
3887918215
605958888
3599920085
3293363678
374570579
3167150660
3976067969
3402469786
1821845215
2299148640
2732232685
1756373782
3962303019
654627900
2713982233
1726443090
902868023
2981039832
956249861
4101517134
3953844483
112788788
2443534769
3568624138
4065516687
3693515600
4019241245
3006907014
480226011
3249231148
1795703113
430492866
2385713127
3922110152
1328254517
1126546622
3771051955
1453302820
153031649
3381792378
3627204159
3332450624
1408761421
3901292022
826560395
2094387740
224934265
3525019442
3611242391
3238263480
3744100709
1363961390
2351884899
3012149012
2838368785
3058439914
3488730095
3505978160
1484998525
3363100006
2449793083
1098074892
2533817769
973512098
4195349319
3485862568
2144264341
3651349406
1395757331
608589316
1146444865
2106194778
3859482015
2674723104
1852153005
1687439574
1301044459
4029857788
717721049
2297499666
2457887479
1110169240
3366706117
547425550
433628099
2674157812
1507324529
1202895818
834235215
3791409936
529661405
2420004934
3376792987
1367552236
810347017
4095860354
2670427815
3356778120
2182374133
1685916286
4075758195
4214421476
1169740961
4075640890
2230844671
1147525376
1052470029
1351222198
1901861451
93560284
2214203961
513804530
829179479
2233377400
3575346725
1294869486
3489664291
3720413908
1891304145
2199965866
478263983
1579719408
391439421
1280199462
1757043451
1951598284
2800879209
2301792098
492681735
11117160
2073302357
1550539102
827745235
2900199876
2153872641
2448696602
1339139167
2726533344
2643552621
1008873110
957056939
3178261436
4011312793
39875026
2849692087
366239320
4027662469
1571531470
3590137475
2115472564
2263827249
3201193354
1092794895
1349898960
2657352349
1516023302
2193268827
2824522924
3071169225
376483906
1082041703
3816674888
2649094069
3592820798
1807701299
113118116
862410081
517366266
2372926399
1656637632
4018116557
3541354870
2901583115
2487298460
2386078457
2137672370
497294615
3158641208
287652581
1959895470
1059581923
2346714772
25998225
2901625450
4235487599
2145122992
2673295613
874610918
2510198203
1746043532
1757007657
2501132578
6701255
378075688
648153621
2187675422
3951163027
3528228228
1776442817
3117158106
816513823
3926780064
622720557
3709457494
1097429611
2189285244
3480534873
3170210706
3667923063
2087233048
1005544773
1364723854
181954883
244478068
296440817
1539813194
1464781007
1867715216
2428942173
1867826118
2344499995
2851219564
269253513
3663020546
2162986023
2076380680
1600146549
2917197310
3858122739
3573604196
4209677857
3742182330
3629824639
1500149888
3137635469
1038700342
3603427275
4238243164
1826882489
3191491698
1520874455
2520199672
2147991461
1308024686
610701987
161925716
3026396241
897811498
109697071
1574115952
1967807933
3182327462
3144781947
3765550668
1293834217
2540417762
300517255
824447464
2646130389
1095824606
2087995731
3495113028
2308439681
1725020314
3478594015
2378954848
3117105901
4114299414
