3852315683
1260131796
585955793
2534693802
3158428079
2011389424
3666004797
246220326
1225513467
3088087500
3462585705
2123856482
3156191495
2898052456
1132387413
2107733086
316130003
4081671364
2767008769
4143345690
2916184927
2348489696
3788836973
4145785238
565757611
3159793340
2484755865
715922642
2396293303
1228685656
466208645
1255441870
2337424771
2764316596
2604972593
1938776202
1817331983
1809454544
2150457757
530639110
2041814875
1335476140
85109193
1179851586
1486885991
1181382984
3621535413
3606164286
3101176883
2698731172
3505818721
2382769402
280971967
1581206464
1732165325
3763586166
4096222219
3708345500
1286521337
2006152626
1373457431
3269881144
1607025125
2096102574
2750713571
3097368980
3720718993
2906772842
3738400879
1437187504
2172397565
4077599718
2868843707
1469248908
4212237865
36973602
900149191
17767720
3965964565
830890526
2750567827
1021005956
1446319297
2380880346
4111061535
3763891104
572038445
3814608726
3739595115
703007356
891180633
935083666
4057513847
1459849496
926870597
4079739790
249333827
3995206516
4219980529
2992880202
4238170063
407524752
889658973
2124676806
2806397467
645143404
3833057929
3883052290
1460468519
513978632
2863502197
974618878
3917358835
3972084324
3955281185
3537368762
3649636735
2470345600
1861921677
1140017718
2722868939
2003380316
3883997881
3462297458
3365855959
2777388280
2445461157
1749039726
2539794851
2831670612
3517127505
1294798634
1518855983
1387519344
2103854269
3559076262
2766212987
2394239308
1096625897
122068450
3970528903
488453352
1213302229
962400222
2329126995
3523544132
347190657
2500461466
3910463711
3018423136
914156013
1640674582
1790008363
369571388
1240403737
2058494034
1544009271
2323026136
1793904901
853868878
4108159747
1208461108
154114993
2748699658
963323535
1608406352
3375471389
557896838
1176999131
3738056492
3722033993
1323826882
1381278183
3061229768
115845173
336531134
1967839667
169788964
538955233
1756856442
4203055167
995191616
3979827277
3097268214
3496917387
3526964252
2390766457
1475295538
1575696791
498891960
3394571109
1171404846
3399914595
660168980
390417425
949356778
2250184175
1455537456
318841213
2947868518
2574371387
3778489612
3523573673
2274283426
266763591
3769044136
872938133
1256553886
2184952595
2928048132
690165313
1041788250
2427637663
3731770144
2478962349
3760249558
3621504747
4101448188
860653529
1565377042
2887871735
3008714904
3281221061
801103630
2819968451
2654276340
1023159409
3919949258
3648763215
173413648
3782006749
3845614150
420982683
3697808108
2180539401
1450381442
3644262567
3450232968
692747509
4204289150
1996377203
3568572900
382963361
1633995322
3665086207
238557952
3065300237
2349831606
4048585803
1094254556
40635449
1577433842
1350717527
3677955192
1983909925
459666926
142718755
1221844
2272017617
4047291050
2019099823
160652528
1192017469
1132485926
2876327163
2463688908
2647294057
1020051810
2384348167
3949765736
1279733589
3688868702
82480595
2384440260
2622043905
2060752666
2997055071
4154907360
1856488301
2350956694
4179947947
4176924092
301383833
156181458
2162549687
1633673304
234019461
3481042126
1396953219
2624204468
3484253489
3851634570
1401881615
2675021008
3799569565
1749532678
2731969115
1124183724
563334345
2547245634
980692839
3824277576
244715957
1131637310
3378020147
3896585636
949751649
2392839162
2685846975
2209516224
1613951437
3423361910
934350603
3626535836
3288638713
3932290226
2669946647
1304529976
3259225317
2931520430
3685980643
3199445140
3134713233
3101768810
133542767
3538468016
3729332989
222663398
3181346747
2807719052
1433159977
2696966946
370199239
2637036584
3989775381
571185438
1302339731
3968900996
920917953
4244537562
3584478495
1465068192
3152957485
1401579094
1632427115
390478204
3333273945
1752581522
957684343
3830851608
3603627845
3084573326
3777565507
2925990516
3120795121
3109986634
3731165903
1727059088
4044722525
137483718
639903003
4133161580
3446404489
1825207298
2227967527
957943816
1938450037
73414654
119108083
2693136740
2922991649
2183699898
841712767
3548428928
1047649933
1179836726
2521848267
1791481692
336199097
3334733426
143703511
2769662968
2602588581
2240983406
2398895267
2935778388
172514897
2437117482
3417645615
3665943664
1568028605
1254394022
1924954747
3799752780
1772802537
3978945762
377360775
363533288
895473877
321472222
1461482323
93934404
2176039041
911616666
1081928671
355678816
810917101
3827158038
1662224171
52782396
4063326745
612575058
4084142391
1274556376
1792795653
1318778958
4236580355
4293637684
3032374961
1187494666
1891492239
1754518608
4060286493
3803556742
2780856283
2587108908
1447091785
4011247042
2264841447
3436971976
3571940149
320783806
2332107955
423793956
1617645793
2378114938
930284351
4116884032
1714522957
2292393718
3220071563
2362893084
4080801401
2095824946
193467543
3505757112
2912263781
3853233966
756784995
3702321172
2390593297
1008955370
441929967
136231984
156505213
4189929062
763901243
3355221004
189143721
466163362
3190167623
883157928
4290334101
1694020766
3693053459
3573139204
3312982337
1486591066
4192586399
151456288
1084074413
2879058390
288944619
810832124
4114737881
2805319954
2394146807
1745221528
3605366981
3111966222
269998275
2092440052
949874545
797873354
3243864143
1813681168
2315340509
3583197510
3832257179
2454520300
1288865545
4168669058
3486262183
1593491336
1869434869
91165566
1875875699
775350500
4159836577
3273879866
380453375
2702727680
2888955917
3770494134
659238731
2450894556
576384825
1452884466
3872009047
2166440824
1717805861
3569773806
2161230371
327496660
540508113
994126250
178012079
58678256
3869421885
3622810662
281194491
2610780108
721298281
3864922210
4224245511
2581103464
3919282773
2369380958
1466521811
376568516
183581185
1435418138
3366021471
3398343136
562460269
3619805078
1048386731
3532848316
4036961177
441330386
2846047927
3359604568
3886542213
3728765902
1184979843
3498851764
2120368177
3581095562
1190641423
4182053840
500189085
2123011846
1692759387
40213932
31518665
582003010
2918468199
1865758536
1071375541
823206206
2420427315
2065890468
3717042785
4095048442
4137304255
1315031488
2771592397
1549857398
4280728075
2386836124
572950521
1569489842
2568421911
626567992
4064962533
413330094
350135523
3745855380
1479946385
3495732074
1933831791
878951344
3122793981
1662773734
4281068219
1629344652
2039671849
3332946466
2116445639
2768821032
1338406677
3249328158
62516115
1170337412
450828993
3740248026
862963743
2978605472
3352298285
1448246614
2107639659
3718342780
3305708633
1737247890
2734519671
3160721176
702747205
1655034254
2330041923
1730683252
2127253745
1513457738
945343951
1473467280
3526362205
995863750
1777209371
3460168044
2251036809
3346938626
808923431
1028353800
49494389
2881810174
2267069683
1539756132
972935969
2991932602
3187277695
889125248
2784301453
3377362998
977339595
1428325980
861855929
1535477106
3777927383
3982217976
1040837797
922822766
872564643
2343369556
2402918737
4248165674
3943587119
3263945584
143796925
3640778662
2609112443
3695054668
1740928233
4134087650
3019811975
1978987240
1325018069
4161895902
3687923283
2661917252
2114042753
1719554458
2165368543
3585669472
3896135661
3574391574
560050731
88052796
322950425
951070290
2575461431
1412812504
3931567877
2892820302
2274926851
1816905012
4070121905
2677383690
2352782479
2407879504
2346746141
700875398
4131744475
2576749868
2859729225
10587330
626317287
3372050120
896749109
1263172798
2938335155
3957482532
4127380449
1336069754
327974463
1286596928
3275210317
3041246710
2337935243
2054197788
1455683961
3661907762
1037102999
3370826424
4133630309
1973495342
3908872803
612138772
3724661265
2207045354
3367734255
2511846192
380831613
929142118
1217044539
2428373772
642956713
1868520866
3423712071
3965504168
3287720085
3861375902
2590986515
485037572
2098797633
502971226
3091514783
249284896
4152712365
3249604822
1015160043
3173875708
1006849497
4151955474
1811030775
1601345176
902011845
3780496654
2810602435
3417778420
1384886897
1196653514
4184025935
1746604816
4020354525
663427142
3433792923
3358453996
4286097929
2816122498
470630055
3523944072
337388277
2774649470
588046963
120960996
3126629537
3720222778
1578220799
1295292672
3518704397
1845937078
1697765963
1374576092
1293275705
596166898
3988653655
1740989048
2282960421
3661816814
4270705955
1970520788
491700945
3844182186
587954863
1437031152
3913589821
1006308134
687872763
3260925644
2784872041
3947581282
3038738951
2818597480
1266406741
28318046
3126076371
2084587972
551894273
4146390298
2680906847
4105328864
712059245
1241443990
2713798571
959130556
1611892377
3450417618
3104610743
1843076696
3639148677
3877661390
359327363
824855732
3613590321
3006207370
4136401423
1767150288
1647557277
3530124806
1876975707
2110098604
3589935817
1458139202
1663067495
3627325000
2611853237
264951870
3181188403
1233177508
4023063905
778510842
3293166527
2924284096
1715427277
22120822
4203242763
4015778204
2534697721
1091766962
4021673239
967559736
534575845
715547054
4285902819
173196948
3856692113
1672743530
3502123375
1780136624
1158086909
1687044326
530863547
1960657548
2542112553
3823960354
501743815
144685608
1112132117
2154432286
1983886995
946814340
841358785
2747059930
3194274591
3741100192
1975367213
1538692182
3823055467
1828231036
1613791065
2768130962
3750875255
3475990040
1619469637
1670170766
3154520387
140849268
2044662769
82341706
3128461519
3673281168
139884381
2283897798
581171995
2652694636
1052261257
1737359874
156126247
456773128
2296908917
2688919038
429131763
243507044
3205387809
3546147770
754219647
2813933696
3582215309
1021710134
1042132939
645477724
1971307449
4238543986
41448407
1851650552
2860482469
3968573294
913592995
786008660
2423710801
17056810
1754503215
4208056944
2931432893
4007343782
3476508795
1811709516
1806309353
2466542306
1965770631
771412456
3307241173
1477817566
3371305299
2369122628
966508161
2508355738
1523638751
3850025056
2385183469
2761423382
1436278059
206947132
3709483033
658060626
4265723703
2469359064
425593349
3160073806
1175989251
2099762228
4072662193
507480330
1005016975
3300053584
3335123997
1718835590
3887486427
3438543916
175318089
4085797826
3713463015
2598028744
1485513013
747779006
2444343987
1912484644
283530977
509769082
1053948223
825829440
877261133
2927908086
3803298443
2332442908
3910655097
3757624882
2764425879
4120631736
3569009765
1706204462
2924066147
4006088212
902960401
2127707626
1095485167
4018977328
1797126781
3634490470
2591623995
729512460
1395351721
4065436834
3920186951
4157712808
2965369749
1047732894
1831541779
1985242372
2147884865
4264944218
2077212831
3756820512
3900247981
2455969750
163006443
2332208892
932229337
3189364498
4091313655
2308650392
271429317
390775822
509669059
2066888692
3133502833
2700370634
832104015
3998716432
1112420573
1260318534
2178379931
1846206444
3387608329
3566757250
1845123495
383221128
1196881397
1248887166
1085681011
1336968932
2383615905
557104954
1621243903
42784768
1464884749
2750175926
1527022923
1891831004
2996614457
886329330
358474071
2133164408
189712677
2614844142
834000931
366891476
2930902481
1591605162
1906750895
4027275760
2129827645
3751961126
2754184699
4145690060
1053387113
3147077218
1780618503
98845032
2716346453
2839695454
3718966995
2945095876
237322241
3482782746
3894501215
1712461792
3110591597
1389888918
3539038891
482302652
2421418393
2472556754
1596060855
1110621528
297145221
1511809486
1872785795
2923715508
179291697
4006018186
307049743
3751809488
3752013213
3554952454
1942440795
2770434988
3453957577
2759735106
167280743
250606920
1376488117
1335922494
23158835
1130011300
2673121377
2912209146
3106223807
2473871296
3545729741
719200374
3654684683
3949959324
1389252089
83202482
1392556055
2059069752
2063306213
1422252206
1266203363
802968980
2480322193
3806818666
3496240239
1678621104
2935485437
2174523366
3473457339
3533222284
3745788457
1754089506
2773851079
3086129448
4116258069
3460513310
1429307795
3029896324
2897813697
3144021466
646299167
3484116896
4122437933
3551963990
1141529963
3041642108
3357794905
2429311634
2664573815
213255448
2864134213
714063758
613856323
2183020404
3678328561
695686730
348406735
3763098000
3280530013
1585666758
4580891
1442305900
655384201
3170486530
3222365991
3269733640
896065397
1373789438
1853051635
2830921316
1835718945
1430426298
790295935
464484224
4246697869
286893622
1374051019
3469468764
174892729
438080370
476991191
404492536
276894373
372381294
1179803043
2290227540
1040197457
212773674
4098151215
1934874992
2146308285
4233137574
3184966523
2176249164
2774252265
855357922
168026759
767340776
3352482261
2738219998
3464418387
3242082372
3833708929
862101402
2109529311
880310112
1378334189
3267301654
2948728875
141029948
2143329049
1612594258
3517784631
4175760600
670113029
3999587662
3892557571
578806580
3845302193
851800074
800985743
4162605392
3535759133
146550918
705904859
609088300
2789099337
936057538
1594166759
846472392
1848570933
653650622
3802924467
2610299428
3776305633
1778261114
1766028351
2466146112
3915916365
3831426038
1979016587
2929192988
3661086585
4262024498
4033258903
1191770296
2023708517
635442222
755155043
730832148
3320731665
2649990378
872940015
94222640
915729789
1300120422
3545462331
2285168908
3251635113
346024866
3337414983
1191348392
4128589461
3722074526
72541971
3510350852
4265550401
1766656346
4102470559
1815693088
1131987629
2377201366
685273835
2312363516
401216473
1796595218
3597850871
3598701720
2518925765
3411786510
614955459
2066302708
2706061425
2893105610
435855695
4006613264
2986779613
2957952582
3018808219
1944309484
3693670409
4004654210
1972597927
492821640
958253301
1687894142
2026600563
4154938852
2736102049
4253509178
3462312703
2971735808
1827770637
4067291574
3099799627
3734223836
2196740153
4202419954
229227607
3074531448
538336293
2307903982
3393839907
3838107860
73484497
410410666
2792222895
3266009328
3618409021
853915942
842985723
701670604
627117161
3342458210
3402674183
2743345256
484473685
4092626782
1903016403
2689656772
45171457
1323643674
1369659999
246273760
4268396397
1649220758
2181930411
1833929148
2975878297
3681763282
1273188279
893803608
3255772805
2805225678
88210563
937061044
1212713265
4164608906
1245310991
1277661392
3323895965
4076542982
546977371
1752787628
428890313
2070871618
1383897959
57103432
2465553845
1620198974
194095923
1487956388
472521569
3785256954
2234298815
3990324928
477871565
1225176950
1292876555
1920944028
2236887289
422844594
1928827671
3632662584
866525413
117526446
2833761763
1071768724
2451110289
3187071082
574005103
305969328
670361341
709291750
3176737723
1783636108
2161038633
3297349410
3295622855
2734782504
2566156309
456684830
1351568531
2856180612
3130532801
2515213530
466794783
1939220128
2008882221
777175638
1310820459
2795173244
753091929
2599838098
2428405367
1694016536
947080005
665761422
1955807043
3293793908
3538590193
937573706
4147904207
1474482320
868703581
780218822
3000226075
3855533676
1865712009
935432194
75530791
608865288
947237493
815469566
901684723
443628900
1964203041
2818783674
1953329279
2162275968
1288088205
3051961654
630916555
1041929052
572885433
603069042
3742378455
3667275768
2685314469
603229550
329017507
2292623444
3352652369
2419397162
1042419247
470931568
2888696765
1902240934
392308347
225270860
1155096041
1179582690
579370375
1698336744
2266047701
1232216798
2625085267
717393732
2931016833
2954806938
2580862943
2998023776
1680894189
2676107286
3755225899
3916833084
724762137
1398752082
3284434231
1968614360
1175465989
2995442766
492519939
1280569908
4193348273
1294423818
398511503
432132176
3753957917
2158036870
1834757083
2409882156
2916444745
1030349250
1516185831
2143912904
2791229237
2859835838
1376932019
1487524132
2526108897
2725626746
1122037567
1644144192
311580493
3335881462
4112846987
3576012572
1512284793
2759187506
3501424791
2905741240
303032933
640256814
354929507
3402837012
3193346833
1357974506
1357921519
3354048560
2836914301
100047462
2736382267
2531940364
2722145961
1179267746
333218887
3387910056
3287718293
878547102
266777107
496960260
667166017
3477090394
3530143391
2747401760
948204973
597380566
1239784939
2845904124
219117273
1852695826
3283432439
908096408
4154840261
1837675022
1784284355
3147585012
907869041
3653906634
1653103695
1501859856
1858803421
3340410182
317933211
3384327660
1714623241
1713894274
3805843367
3584310152
426810357
1675751294
2068628339
4011468004
694427041
3803581754
1464282623
1223775744
1117701133
3381364918
778951499
2338351836
3993926457
3833552370
2258736983
1687416
4134137637
325077230
2018111011
3525799892
1314687953
2179646890
1902193583
3179763696
594705725
2781155366
2202033147
1250366412
2311368553
2117805154
2267761415
1893728104
3966029397
1371192926
631014611
1049835204
780748289
3842988570
2354140511
3733296608
695812717
3898487702
1595263147
450607292
4080578457
367150802
793815735
924187480
435435909
1047023566
2253358979
3186391476
3224194097
1066060426
1314040591
2666205136
1168511901
2678977286
643375451
3083688364
3909974985
1270596930
3970741863
2778379080
2389389493
2996829502
2351822387
2038577316
2521538145
981735162
3630181567
2910242240
1907093709
3419098742
70608395
1955264156
1587942393
3989741490
4288310807
1124935480
2044507109
2975385262
3351433443
711160724
279395473
1692548970
1983175279
1688713136
3757955581
3465364966
2593494715
738430860
2888136745
1742853666
724881863
3117176616
1562100501
3611929630
408491923
157231748
2344822465
2739684314
1313584159
3132941728
734973741
3683309910
2988749675
820388988
3194923097
863791250
1700192631
3354870552
968580677
3404311950
1543227971
3204734324
2430754033
2687050826
299874767
833965968
2299646045
1746602182
3930962971
1034007916
1193583753
1206212354
2258345255
795667208
3255731573
2893007614
527821043
1403128932
101179169
1000333498
2901142399
3343906176
4101627277
2606027830
1765519563
1684357724
3970591929
2317590898
4200465623
2781630200
2301114533
2245198958
1314026403
524760916
1576447313
4221008170
4130031919
3842758512
1668937405
3188669350
2346291579
4280273740
2049114345
1023297506
1857624199
3295964904
853243861
3133823454
3806095955
3116555844
3358705537
2075585946
1595462367
1344796000
4098169837
2866888470
2513591851
2675986492
259088665
1895582290
2223495223
4169419480
2746958597
2026687310
2518600963
3936616756
1627139505
3714399754
2750384271
430133072
500059421
1042407046
1636898523
4277522732
1362660681
1952753858
2137342951
1926947528
823826997
655448254
2414123955
2570690596
1633214433
935946874
2074765887
2386355520
3754461773
3320322550
272677771
4004466204
2564523385
1128162098
4121713559
404174520
3507256677
3599696430
381212259
3163732756
1326112273
130708202
1208252399
645117744
4071019389
1913319782
3117173819
1201391372
612190633
4149246370
2155355975
1889027752
1248062613
2986133406
1072069907
1266569732
747972673
2685359962
3313021343
1988543776
4154206381
3290522838
484362475
3664395260
1191238105
941747218
1805881079
2558333592
1689511877
1842456846
2675478467
747332852
2839199345
2566854602
3141670735
510988048
2828765661
4286739526
1323512219
1602858220
2550740489
2868492930
1707715239
799316616
407858933
3091506814
4164554355
638120932
1358864545
1086370874
2874910975
3120403712
139982605
2571444150
1812235851
1730746844
603545145
1658774770
809857623
1236131448
3192488485
2840379374
3954571555
3456499412
3164851921
188427434
2189452975
3500103408
2453958717
2822792998
1194182395
1228374732
2616480361
1352166242
1328670215
1576525416
1081418069
849409374
2855751635
2052163012
3249359105
34963738
1210798175
3315160288
1788081517
1426803350
436859819
358868924
2245857945
2997702098
3110733239
933337688
1231375493
2411218638
2731086467
813336756
2724073265
884388234
3466028559
3354037968
2386134685
1241303558
889457755
2199734444
1817616073
2237959234
2290667879
3851031112
1953301429
3049894974
859193651
2513438628
1035542881
675659258
1656727487
3260155072
48767949
590079350
2940670219
3784484252
247723769
4073006770
2833860887
2857387576
2107590373
3284942254
1477041123
3747676820
1065451409
1202300522
2086606191
1263449776
118672637
3731856614
381551035
129171084
2437421865
3264617762
2309385415
3964876328
1909397013
1920394014
1552867987
3254548868
1345989057
1401514714
1844490015
2501878944
1106018861
1264513110
538173035
1143821180
2898660185
3395186578
3432725623
632414744
3733942597
2218828942
2328909123
1647406196
1160126449
3528198986
347043023
1573113488
4083696477
2068897734
1454614299
1299227756
3739273097
1566907906
4133664807
3561703944
36919413
895517182
3684250611
1146018660
1346920993
2149091258
2291558015
3740939392
607719565
828140342
3435682763
833352028
2583383993
3165726834
509075415
1774087672
4224568229
2882370414
2792652451
1013171796
811855953
3201687594
3428877359
3191985776
3587303869
1381536422
3409771643
1187920460
1966646249
2265550562
2660610951
996822504
4214344405
1732153566
1370305875
1581198660
1627114113
103486618
2106117599
4242125920
845532909
1423726102
2176616747
445022012
1551615001
687165778
3287757623
1919805912
1894929925
2972369486
38688771
3983544372
1246949553
1400841482
2219459471
3888172624
3169304605
2973676934
3065119195
1648607276
3228020809
1287352258
2115460839
4222108104
1046637877
214503358
1277355699
1296396068
1902928609
2583236986
3282036031
129377344
2164964685
1368830198
2001233547
3946118428
3328141433
1247996466
256980631
2008569272
3851751525
2802874670
3786793315
4040051220
2819301649
847239658
3376722671
288929328
1128384125
29050982
3345659707
2320053772
2022042793
2545074338
3166681671
721233320
3109896085
3333947038
1146243091
1255776516
1018309441
1270513242
2108927135
3565650976
2965363629
3745741782
1371796459
204434172
4122885337
942797586
2117986807
3986010520
223214277
1010212878
1946360515
3187045364
715424113
1510997706
3559379535
765562384
2407005405
3381021510
398400667
626433004
2712361225
757563778
2925970855
459340168
1706705397
3519241598
2677234035
2356396772
1239753633
2275892026
2057053183
4098216960
3994888717
3516577462
562508107
1642973404
1420837177
3852102642
3130346839
2214460792
2813662501
3142924014
3566076963
3361770964
2134315473
610767786
2311823791
3958593008
1411539773
2857877030
772223483
367260108
2347758953
2924589666
3538190599
1523301736
1225880661
111357022
2940082899
1133237444
3961342977
368551962
892423007
3018396640
4055541869
408183190
1659510443
1290278588
2571990425
567563474
2586796215
652818776
2153930629
186924494
179215747
2139396020
517657137
1203673226
2064130319
3072724432
3487103389
1642569990
4238014299
3127457708
3547054537
2557039426
3591433319
3006624072
1962596021
3658443582
2963967027
2644104868
1114809441
451110138
3561693887
476660672
3167949
3207101558
4265917451
2845201564
3316505081
2551688626
518267927
4266616120
1861081573
2925245614
163374819
1322946964
1319617169
3595373930
3837087855
3056711088
3442720765
3387814886
3788663995
3982388620
1614200361
1151755298
2411988935
714478888
118384917
1556093470
3442519443
3289761924
939338945
379752922
717335071
4072563616
3927323949
3989768022
1206847851
3497034364
669609561
3483137682
1988859767
1848148248
1458537541
3283327886
2970673219
2648341364
532013809
1045099082
2947231695
3423489424
2731193949
3626153670
2818937371
87790444
1718151817
3896567042
64344871
48605448
686041973
997013758
438861555
3698829924
2211767585
3849137850
3077366143
3084940160
201606029
3892314678
4261579
2515443804
1511535289
731557746
4210932439
376212728
671047333
98824814
3422718371
3489420628
1864184657
1240483626
1891745583
2545145200
859167933
2654857638
2240571259
3564677452
1712998121
2490422754
1646153351
3122408680
269753813
3201222622
2565472339
137854020
2836516225
3212524442
2770651359
2831643488
1318224365
225668374
1402123307
1250471484
1112680217
3947518034
840076855
3541272792
3719653637
3416570190
300540675
1152917300
3858084785
527764490
1758527119
1947880784
3977065245
1240960134
482274523
2844634924
727896905
913192642
108362215
171024584
4264968245
3416049342
919417267
1691172388
4140557793
956610682
3401670719
3194708800
643362893
3655419894
3661369739
3132533788
313478009
702771506
3449950615
3155522744
2141823845
128839726
639560803
1468389652
4183254033
1091649770
2226187759
2017047856
3404249469
621256550
2079662651
1324524812
3462041513
2540767138
2025018695
3911058600
1088590485
3801036190
3442086675
196145156
2283482689
1111598426
2870650783
2915320608
2481950381
3842085590
2559909611
787519996
1229430745
3734895122
2877572343
627724440
561253829
1219991310
2549720515
1608352500
3931784305
2365384138
1564052815
1997147408
1398829021
2502304326
495388571
186616556
3004791817
1555122306
1823465639
2295945352
833688821
543036542
559457395
307925476
1142400673
661258810
1963499263
3888780032
602823949
3800845750
4277525579
1806596060
2956141625
3702649586
3583060055
2668239992
3802966053
3111759342
3805417251
2973179092
3323352273
1030748842
927128751
4286797040
2567722557
470488358
3888946427
2693554380
2310510697
124189026
3259177991
1465621608
909756245
1036084062
3836798419
2319590340
3722006273
2427834138
56837727
2574570208
4008532845
2721675414
3921037739
2976400828
1569314969
3545717714
2174794679
4109162584
4008407685
548156622
1845504131
2601166516
1705219377
3902963594
61135887
1553829072
981757085
1466857478
756933211
1303455404
1313662153
4106885698
2235893607
4271689800
3222579637
2406556222
3028997939
2162140580
3564644193
2187135994
3707936191
2881258176
2575600077
264311670
2704172811
3163947932
3009658105
1304835250
294321943
789218360
2110287077
3775343534
2363224547
1758470292
1847199121
2160882794
1597475695
2505094320
1650504445
17320678
2882721723
3439713420
1223778601
1578281762
3985482439
1687483432
1289337877
103108894
440301715
4289402756
1930178497
1553447130
884909343
3281592992
1414260781
853220950
3652596843
3316625788
1608044889
3006692754
321385079
2438668312
3537606469
4181889678
2126342979
1644137076
1351722481
1411766602
2463296207
1821691024
3342412125
4002450886
2386787611
1426227820
230493577
1484303362
1593110055
2872838152
1713438325
781578238
2334378483
203192676
3501025313
3684554170
3916389503
1107473024
3688593037
792697142
3013980619
2167230300
1560352185
1189099122
1078957527
2614537208
1035792805
68577646
1862046883
3390104660
1243772497
216444458
2471426607
1633801328
2879770557
297746598
1791480443
2552174668
2093476329
3576962274
1767041415
814353384
2709680341
830144222
1754450771
2813053764
3497250945
396845722
2246886367
1139880544
2026583277
1151763478
3142901547
528932156
4042557977
670785362
2128210231
175450072
436501509
943370318
1961979395
3766234676
1675916977
2974216970
25409935
2930756688
3728647709
2018272134
1136121819
3302202924
3257529929
2709323202
3363804391
2390163400
2694189877
3549199806
4293098675
3486584100
561473761
2230083450
1091492671
2723979840
4289930061
3469205238
3910909067
1295276828
2915774073
1371535410
3768511639
3576599480
3477747301
1751607086
2482239331
3770247188
1928308497
2742986730
709437679
1266070576
3113987197
1274017382
2271972667
2241336332
1442525865
1720405666
1683157063
2600133544
284419477
1971481758
2322456083
2114207492
1053831489
4087663706
4256015007
4064084512
3509273005
1163635158
2706524651
850249980
1906115289
2607153426
2742460407
804974488
3508936901
55873038
3143381187
37786100
408684401
2714094794
108480591
3937307664
609542877
3529636166
272298651
14973420
4233338633
2845249410
1352989607
1745729416
2889082869
336907134
764014451
2814206180
1872112033
2416486714
1252071935
2223657472
3653996557
1008329910
3025176395
1953179356
1719797561
3089463794
825819991
2329033592
2670738213
330966254
3330415139
2022288340
3242301393
3327418794
988157871
4216280048
2432846141
1834642470
612239355
3643854796
3310041961
3419947106
3444422407
1135049576
938351189
1207671390
4203720915
1047818948
3336655361
3796891162
1656832351
1715245536
2452360813
1656393622
1584297131
853832892
43137945
926311122
532551351
2443999064
3305145733
1078995918
2092807043
1930212788
2797099057
2271372938
409835279
2823883728
4265336733
2593214214
1988939099
754259372
217712585
176611650
1176838759
3082825544
2243591349
1173281086
4007076403
799110308
600418913
3467817722
753277119
1615577536
4276403405
2230692470
1208226315
177320604
132489209
2211494834
819845655
746693432
3660513253
3419316910
2439445731
490844052
3453503633
3072842602
2615527023
3635131312
4137264637
4089356774
616514235
2527677324
2071462953
2128278050
1392721351
2320487208
1932594965
3735455774
4088939411
1690068612
828846785
2506678234
1005035551
4155498912
2962070317
2323854678
2238275435
334159996
2224305241
3844899986
1383091575
2135539480
2186521157
2498595214
2748708419
2661325172
129591537
2212282442
1848026575
794250128
2427690077
781870278
3110955035
751137132
81604745
504132354
3082815783
3176032008
3924414837
2128258814
3733656819
3275573348
1725033249
3534388410
3466450815
1835069824
3284052365
1998270518
2532728011
3815243356
3535141049
2122431858
2655875287
3925658360
1829143717
375709806
1063428003
446788436
4050893137
2008618282
3825743151
189518704
1864483517
484218790
720321915
2176943948
3913387241
3109250018
1681097863
2394155752
3749495765
792933854
1890031187
748427844
119657345
2125433242
3487612639
3193368928
3775916013
1786092310
1761806891
2306935868
2556620057
1325950546
1515013175
143836888
1440714501
1726785358
3680827651
2965126452
4095687089
2029312522
4267865231
2273397584
3229358365
2889693830
3684483803
2752875820
3032291657
4259824834
1949675495
2021154504
1434576437
2493002942
1466288051
2119228452
560917473
3987736186
3599259199
2743722304
1025070669
2689234422
1407674251
2460879388
3350401401
838369074
4165453719
3003364024
74893669
960290350
3677684323
2087253780
1154738705
3385331434
1779262447
2062529328
1062903677
3866381670
2580412475
507085580
1063769513
1963038114
798919495
814989992
1502689429
4019299230
740141331
2446560772
2429629505
3487822682
627875231
2448539936
2557670573
1884405974
469464299
124188668
2663278041
3733587986
370473719
4249325208
1281635269
3691873550
2385165251
2501878004
3836332657
141210570
2145452879
2022640400
844453341
4047097926
2681920923
4138035436
2908340745
2212025986
172365479
2835224200
88259317
484934270
1948727923
1016868836
4234194081
830689338
2875561215
3129381120
1068811021
1313045430
4053217867
1814287836
2812078649
3891593458
2106383959
928406136
222285349
974560238
798893347
240663252
2696469201
789891242
1152733871
3478606576
1812216893
239452966
2484826875
2949725900
1856691817
1806010210
2751746567
263150184
2116971861
2505167198
2698673107
1344455108
3610596609
2059803930
55262303
171987168
192332141
3386353302
1897045931
3244073916
3093733017
3178326482
612856247
3978827352
849451141
3658490574
3873914499
4153066676
303635249
2482916746
1768051215
2319485648
1258246813
2605721094
2296887387
1211434156
1064512201
1235200066
3367058791
3466563144
4125904821
1837666366
261057843
2581545892
1617374561
1877236218
1945473983
706150592
1615917005
2395357558
2730867979
2206818716
4080239353
2855748274
752661783
3870605880
3022099173
3736213934
3344828387
1546600084
2648869777
3915334250
1254097263
1883419312
3118373117
303102182
4237798843
977844876
667592489
385825058
1881462983
2345054760
2853462549
1447280414
161353363
3813258628
2735617473
823527130
4030503711
2130878624
786124333
1690782806
4211640939
2871136124
3323696985
3581840274
3831801975
670326296
2505555269
112492686
3495592259
1136502900
1965894641
1030727498
4054212815
72731280
792334173
138427334
3649262363
2089050220
2076791689
2835102210
3191284775
689751560
3829310581
2621136382
3294519283
4057601892
1984065057
982721466
385372799
704327808
4088257677
798148406
1513293771
2896080220
3946240953
1115636850
3304541143
4041140728
3856406437
2899269486
3979651747
2980971092
2500918353
4201085994
317550639
2238829168
2913580477
798355110
1979885691
2170549836
3683069929
2966334178
46145415
3298413032
4194506453
673672414
1630036307
2265475396
2098976385
1687400602
855685599
133738592
3076561645
4007703062
211629355
2021079868
1755140121
3497094482
1953275703
3177997784
3242631685
3350896206
4114908163
2776124468
3332766897
3867066634
258813839
4002335312
3284503581
1439306118
2490215899
928218156
857488457
3148778434
3113732839
3090529736
1291434293
2126506942
3981710003
1615637284
649228001
3813649786
992858431
2985500736
244025677
3194555638
3399422603
2065938716
2422666361
982320690
3298599575
1167380920
1328503909
3928905006
2883718499
445941268
2667851025
602764778
4093484783
4137988656
2351272573
1687463014
1662804795
148304396
3131078825
852745378
2325096007
2582159784
1253739413
3233602206
1647932435
924769540
2921215809
1191123546
3528956063
2095218720
432449453
3588478934
3096485867
2635867900
11258073
403312402
3009369591
2102406552
3274589893
1122139150
3227862723
142258164
2135133553
820746954
2037825103
279677456
2908866781
1638770502
2087110811
3697432556
4130071817
1534500226
1234383271
1001026952
1826459125
2866166142
2771420531
3237412580
444018593
2077882170
1196822527
2042548224
2242508301
2299073206
1724505419
1121486044
2743323961
3693119474
1787607383
2492889464
1557881125
2626622190
3458609187
1654835668
2491162065
3887148970
78679471
1805341168
1511141181
1858935334
3869564411
342732236
3050733929
1456393826
4133940487
2876455272
955957333
2512652382
2274445011
2941063364
1054169089
3390587930
2499884895
1971326944
2328720493
1200668054
3517106859
1288753852
2936471961
3590877394
1073532087
4150244696
1741597573
1575754190
1551681923
411358132
3620068913
2121675914
2793606415
4067166672
1355728285
3383426310
338600795
2406544300
364400073
571764546
3169409127
859499848
1084891829
1983792958
3333666867
2946044580
3125850209
3589406970
1647382207
4179509184
3989381837
2637355126
1634953227
394072220
2773313017
821676466
3045560343
1302585656
1000351205
2310115502
3737195235
362335636
238603921
2272438634
465976431
1276490160
3694103549
3422506982
3814463675
2816747916
2112440873
2524938274
4109530055
1492750632
562279701
3707565598
200268179
1800602756
4160829633
2678009306
29201951
1234263968
4281663789
833053526
3935548779
2069184124
1416559193
4096561810
2030371703
2069560600
1005047877
3197597582
3024817219
1096202100
3370970865
4041117258
3444710351
3683666320
3536618077
3951170246
2659532315
876564332
2726393481
1766326530
576339751
3735495944
2233431925
4139259134
3969755891
2280842852
788459809
2203568826
1920912767
1741778816
2611548045
3366346294
2908467915
3436272732
3598958265
47762290
1682777815
2692548856
3627920037
928370286
678606243
2134282580
1694121809
82961194
3489573679
3218329968
2537400509
3119203750
4227994491
2264556876
2207830761
732295650
4109941383
3258689768
555051477
2351408094
3927256147
2800793668
1650579841
961795994
1598862559
282488672
733826541
1105709334
1445158955
3697895996
2443424537
473330770
2100820535
419562712
2352592133
3399783758
1922043651
2930793268
192462769
1776592906
3835947663
3554167120
404422429
3841124486
506108123
1854761772
1833393993
1255232194
1218831847
1034886344
3070069813
33792702
1907252659
1707375140
1631711713
3586872442
520047679
3180879680
2752101453
2569249782
4249009547
4136986652
937875321
3682438450
4120739223
2095182008
3748917093
3946564654
3053131875
2872841492
2977984529
569302250
2014960111
2929045808
3489432957
911276902
2471939643
896557324
4154792873
268575650
624542023
3338240168
342875797
1493438878
3703652115
1575365636
3333896769
3371581786
3027145631
2735685408
2233883309
3859934934
655477483
3821884924
3345296345
3085309458
727036151
2685717656
1703172549
2815652622
34329027
1280425716
405360753
2336784842
2738387279
2734950672
3313122269
2478669382
1440658331
2719696620
113903625
2691720322
3196865703
269669512
319054069
769716350
1889914995
617467364
4191793825
3742146106
3463613183
2989690624
3685427469
1550494134
3286796363
3901305820
2318839865
78122738
2822280279
2459080824
3187864613
2871233006
1377450787
1701402836
3431686353
1613338282
718784687
3223015664
2334925373
4277170470
3424274683
4144372940
3402507369
4250146146
1953859591
116594792
2555581269
3109175134
1588859347
1274240964
767646465
1078356762
3353555551
2549862112
1076897645
1273353366
807335339
3309371836
376661145
4043012050
572401591
2689815640
2491924101
1004802254
2373866627
3321553588
666804529
3066698634
2144323599
3503524048
1068120221
2510410758
3361836635
4071154348
3217649865
65353282
3536679783
3583134792
2515793333
3490709054
3292791603
1624170916
1636184929
1893443578
2811791807
3177283264
3612169677
540766070
873272075
3060580252
1311983865
2283294898
2061396759
1364131896
2695543013
1020069806
2274368995
964582548
1322979729
23203946
3203954543
1545908400
2374795005
2441717478
2299298747
3480983692
2916347177
1834731298
2439777991
3790106664
159320085
3805424926
2863506579
3973600132
1614822337
1359238362
543854879
1197219488
1369093165
1629715030
67821675
1954835836
1603165529
2973145490
3226558071
1769839640
2785272645
748056206
4289173315
2271987316
855159281
237598026
2972309199
2768685200
2875913565
1214245318
3094554907
1140211308
2835716489
3471820802
2485738023
3454895112
4237052533
4266707966
122222067
1971828068
3238491169
486044090
2435926143
384020096
3954197133
2991977782
1081105867
872418140
3298599353
797856370
743375319
3906414584
1948990885
637027694
2703016099
1933254740
2435809873
123226666
3409700399
2859585648
1541249981
735878310
1827503739
2190529612
292976105
2581149922
3940373895
2006550504
2226371797
3410221790
3144546131
2085947204
3874741377
1827667610
79998943
3371183712
1847984365
3549093910
4120218411
2773981500
1131812377
2723642194
615470391
190030808
3870869509
3752496206
55024131
3160697396
4070015665
1931906826
772187535
660457552
3984355869
3384262534
684950491
969103916
2470347337
458234306
3512729831
4175723464
3280822069
2388875710
2490673331
2126006564
18707681
891485050
838649663
3061423680
764669773
2692365046
2614257803
4110620444
3996301945
2227835954
994728087
1223364536
3846472293
2892317486
2843747171
509584404
2890445585
869024746
2791445743
2462232624
987723901
3416871526
3665639739
2483408908
645250729
2089577122
2945014855
2814795688
3870372245
677857438
1270155795
4129913604
178011457
3318311002
2075233951
4101504544
177343917
282854870
394196459
3413804284
585797337
773725458
771230711
1435855768
1667656901
2061527566
52321475
1352977908
3747287921
2273405130
2904962127
530090000
2862526173
4150875462
3695353499
936392172
255077129
3267767170
422668199
372716424
666317813
369600382
2257001331
1478532324
3397924257
3407562042
4038788607
1407405568
1907907597
946356406
3102946123
1295377116
2343932729
3515586034
3868225367
558544760
1622574885
3587440878
1803175459
111929300
2028381137
142474666
1730872239
3168227312
793908541
783271974
4101747707
1201310668
3717318505
3476380770
3459261191
305067880
3426182741
1878816350
3594706131
370519748
3556335105
1297125914
1274096991
1639157216
1537137261
1188490134
1015488683
447557820
514574233
2118811346
2062254775
3624072024
3905737093
3824682958
703324035
4025282996
839083057
2902065802
2772992783
360122320
1200728989
1865722630
1434483035
1641861548
1839633353
1595014466
3126693479
2779097928
633981109
3942495550
3091222067
2642456740
2248652385
2963361530
4096525503
1726004672
1289586893
2279605878
3398614539
1347972764
501558265
529717170
752961047
3786809144
323046373
1745125038
1909139683
3084905364
2412336273
3341645674
3830887023
2423238576
4260721149
3534749158
2645094075
2702116748
3884617769
194252322
4119964103
378752808
2449890069
3619906590
2513923987
1473880708
197869249
3041229786
4232285215
1751309728
1443653421
1664848214
4151184235
2259655804
393855065
2090639506
1783216503
3797695256
61601349
3232851342
1651515971
100455796
3813700849
89152586
1294832079
1354319760
3910494301
2396635334
3612152859
2611555692
3210067081
1240698626
3282335015
3874480904
2055544181
587563774
3294642419
2862122084
1549530913
2004162746
588235647
657583488
331576717
1554091062
3278964939
3526015580
3850470585
949999986
3439123671
3119335160
3919892645
3904289902
120769443
2109452116
1236321617
1905963306
3030720815
894160752
730435261
4117361574
2026170747
1680032588
3038779625
1802010594
2490232967
3568527080
1423839189
1434194398
2234696275
4147467844
986832769
1869096346
3546852063
541453664
2929374189
332003094
2599663147
3275868220
2920577305
3537142354
450015287
2220966616
12835589
1993114446
1466639619
3197401396
2885830065
1917089290
2610258063
3642705744
1944708381
1947768454
1684565723
2297776428
3573654857
2636832962
63314919
3654671048
2728997429
2480869566
94827443
2603096100
910489569
1901503098
606487103
2358697280
3676971597
1147982326
1447957387
1718404636
3813318009
2792528690
1168323479
2578460344
2426475877
2645211694
913387107
1677669140
3210540561
3380980458
785797103
2469113648
4241386365
2493360486
3901727803
345456396
1997693353
3899830690
3649369927
743390888
4051600533
2665906078
1595200787
4025010692
2848800833
2910359386
3626011039
1629273376
3658072237
3326221526
970465515
1143190524
1128002009
3937543186
1799775991
2379352728
3973349317
738812174
1939662787
91479284
81319537
2509656010
1195372367
1986594576
2362384861
4239469638
3214051739
2374051052
1063931401
846721666
159548071
1041732232
3673556725
3544866430
2530502259
1257204708
3162683553
2953178170
1580171519
1322224896
2010222349
2365708214
4125744715
1625199068
3623908921
2999655666
3583265367
817813112
1962285605
2359326702
3393605923
912946900
3381520081
1353606314
1772764847
1372540656
1988364349
1846222630
264838907
4130011852
505506409
1014145890
3013000711
3173439080
78100821
700624222
2654840787
4256431556
1635606785
1630976282
3509266527
3265744096
219778413
2825126550
2799389611
1024810940
4155517593
3992290770
4200914359
2389611096
2493375621
3324509902
3787811459
2254110900
647243569
3506825610
3337436687
2958460624
2558860957
3328410118
1804297307
3440165036
1330624201
2744828994
597272935
2473921096
539728821
923233342
1386780979
1437499300
1473591649
88274426
4159406015
3852205248
2121907149
1142988150
3573836043
3577748892
1147342585
1734958770
2073043223
4007214648
3278102245
2069362094
1299330019
2159901332
17012625
1221910122
1004596591
3640045232
1567253757
4285682918
3509672379
211711628
1527591721
3777516834
3512943815
3875155496
3944328725
735091486
2104310419
2622943620
715276737
1013097178
1162381087
2628099232
1015683629
2817501270
1958557291
2715208572
2888901465
3328092050
653137015
3589724696
2229274949
3941096590
2359602499
2903106676
167000049
1179861834
1365069007
3467101840
3150699357
787453894
2870148891
727194732
359784329
1246975490
1623953447
430850568
789180533
3570809342
3554905075
388322148
821852705
47038394
3625598591
2294033536
1138927757
931734326
3864900555
2538695004
1764911033
2383241330
4132878295
62875128
1755997093
4019270510
179623587
2394439252
3195930705
3015252010
1010457647
1348587120
910262717
2257799846
3481818235
464630348
2660613097
273925858
2712308615
3381216744
3247727317
2597341406
4150496595
126985540
2382094977
2965130394
2067310047
114797664
488335085
1923419670
4131250475
640153404
25091097
497912146
262277943
1948967384
173731333
686670
519745539
2772469812
1740179633
3611188490
3713014671
3642541648
3680720925
1410690438
2162776539
1277376556
1653655625
1080141762
2413311719
3498260936
2219902261
2188822462
1967472307
2870208292
817396449
4201007482
2776350015
804265024
3704378701
4110117110
3702898315
986871068
1194229881
2960597554
3299348119
1597066680
294234213
789328174
214841699
1813692948
448608529
1394282986
3245771503
2681253424
1170824829
19791974
1838026555
2804198924
427492521
3283417250
1395429959
1150557608
1691867029
746698398
3336609811
992221444
3561636673
4026775130
2042332319
3640491040
596472749
1984181206
1042107371
1036575484
1482249433
1570908946
2470494711
952805784
835621573
726554638
59208387
1522461684
3097663857
629618378
562408015
2541061648
2618004701
328532806
2949543067
2469270508
3345772809
1602599298
1065328039
2008281480
1556142581
3584628094
1368240499
3980016356
4291378081
4258042682
3335519231
2465713152
502710797
3392630454
718047563
327368924
2669107513
409379826
625222999
2968450424
717335845
1065938670
511597603
3836020180
4001442257
2830814122
3797252527
1862487536
2428631869
755136038
3456272891
4072106444
3162312041
3037456994
3567868167
4158305640
1906576469
1453646942
1722053331
4073606340
105735169
3958956058
126952287
2866220000
2225094765
3767343510
521893547
477728444
3514863001
2952563922
1351235767
3012964696
3355113349
1383331278
1695217027
2034569140
896592433
2465058954
2495478031
2440168912
1652855197
187586822
3129102171
607694764
2495928777
1098877762
3196175463
2399168840
3038342837
606937918
1132258355
2035830436
116309089
3737165050
1658256063
697514944
2619469517
3304928374
56759307
891538588
4054643193
3483100594
384498711
1756912952
3776082405
3871829166
3397730019
2216102292
3532249745
4132980074
1972840559
632925616
3689633789
2278599654
3550856379
36300172
945542697
1578671138
3571507143
1125977384
1152975125
1324995102
292488595
2857386116
3972351169
1448856026
2876867103
3559152544
890490157
2671755094
737698155
3053058684
1303676505
4269584018
2789109623
877492504
1503665221
456872846
776288323
1821569908
3605265137
1093806666
1840842703
248661392
1401835101
2560716486
3821333019
3808627564
3680109193
1074732290
463383335
1445503240
1243267957
2210590974
3855800051
2871927396
1860762913
788686522
1615903103
729967488
2886589325
3003955766
1496735435
1936988252
2142194361
2681661298
1482461911
3058533624
557577893
2861017710
1537401251
2519780692
530008913
1035173674
301700911
3954429296
2886038717
1331208614
557301627
2570854732
4258750185
4170911202
3264423559
1176184040
4208375253
188776414
3254802515
2640966724
275899777
2699850650
2889130207
1822780256
3920108013
1612457238
3077835819
3188336188
1840594713
4074934354
3005048375
3400564952
863895813
3949228366
167131907
1617467188
1438370737
303318026
2738280079
391529808
1407765277
3652076678
777405659
1934436140
1810623305
1962176194
630608359
3438057672
2558842933
3391782590
2471463347
2658907684
544734689
1079111802
1711093823
2424658752
1652197453
572915702
3741936011
1647584284
1239311225
316123442
1750657431
2305715384
2550020965
3498682414
3700900963
649220372
3999890449
1082947818
239257071
2830216496
1171280253
2170181478
427326011
1001266444
1034921897
2119384994
3430952263
3767860392
1891445397
1094249886
857238291
3353044996
3121825345
4251639130
276987807
1276787488
387786413
2430749398
3561912043
2825523708
2453845977
4142805522
1441209591
1182746776
1649714629
3903803150
1658715587
1082522356
716725361
2807307722
3958859087
1925055760
139724765
2887047750
1559650203
953615084
3610940425
3119480962
1797830823
3003928712
3709316341
2367933566
1723006067
788597220
3294346913
611269178
3667687167
274467584
2485646605
1611204022
127611979
1428418524
284834873
1918774002
2241855575
2447053944
2987999269
1586324974
404907811
22779092
398486737
2158178986
2167190703
74665200
2920017469
3684027686
3743937787
759158988
3903107177
2835427682
3781686279
2991232104
1126981461
1721965406
3749133779
3848575940
4066993921
1570178842
2669878879
172149472
4063425389
1599221910
1430757803
2832842172
3692884121
878678994
760976311
930730072
3001289349
4175162574
1673298051
3098222260
2392436017
1655814026
3199906831
2831779024
3582985373
2912235526
4066720347
1465949868
1845886153
2831176258
991289191
2286405704
345194933
577690174
985476915
4169014692
3277078369
2904179706
3840832959
583432896
3587580365
2054540150
95141643
1610840988
1438831865
3358223538
2935084823
1062435896
2622293221
441639854
2567195107
2985072788
878452113
1069001834
1098474351
1723378864
2843233021
3687514854
1426468795
1907446924
2943777065
4066698018
2953476807
452717608
3471070229
2973698334
31248531
1908772740
2184464321
1932587226
3738598687
4276034208
1873379373
3106657878
3441396843
3004770684
738453849
2499196306
2553989751
3982497816
2985045829
3249162894
4149330755
882377332
2048900593
1710035274
1379975887
20497552
3764175197
1005536710
828560667
2997484140
1091446153
2603017218
2753414695
2355036168
4223112821
2680924158
2855150067
1454567780
1176600609
1813188026
1806906495
4286884480
2084900493
1059868982
3422226891
1452459868
1492659641
3724308082
2735631831
3247940600
1129941413
2308579694
2851925155
2217040980
2633797201
2139743786
3857240623
4148284528
3168102333
3216636070
500378235
3435302988
48562665
2487112930
2804400519
979960808
816122069
382514910
2500404051
2831041348
4063488129
2952305306
375167967
1101998688
1145097453
1278163990
2392209195
2062046524
582459929
3262355282
3041182007
2012356568
2888635397
2832885838
3361588739
3758925364
2785709745
2462460682
2638844303
2211169360
226115101
1961040774
481243099
4000519724
554896969
2867017154
1962962151
3205625800
256158517
3673830846
264623283
1700758820
897810657
3004798842
363508543
2656475712
2620701517
1005360886
222893195
3432108828
458901113
1033121842
3770008727
141003704
1409207909
4062388014
1439453027
2210783252
1784790801
31055850
3308978415
2647567408
753091709
2233642598
2622416187
3258158092
330320553
2286782114
4118792263
4031896488
1160674709
1292641438
1404843539
2249111300
2334673217
1169032282
1282767519
2859661856
3837319597
2250006998
2892734955
1946632444
553130713
647379218
1664710647
2800740248
2925967557
3559671310
1101039811
2798193140
2333745009
2331837642
1452613711
4165108752
27818717
909160774
1997163163
1853616620
2664740617
2981447554
1014879143
3760238472
2348449781
1773831038
2252621683
4446436
976896417
2481840442
1234498047
3069987328
174401549
3195444406
1012260683
364945116
1571364665
816951794
2796018519
3280155512
989647653
1504566510
1731359267
2089690068
1967894481
1214749098
4130336687
35605488
4267827517
3922011174
4080623611
2512668620
3533198185
2287106146
2312277767
3698750312
2839589461
3384627806
3098937555
3312904900
1439787521
638660122
1205934431
3505031648
2245109357
2494777238
4183805099
3526749372
1199920025
3944651474
1087958711
169439064
2237209989
694150094
2379877251
881667508
1645113393
2958139018
4108545807
3864855504
564623261
496502534
3274974555
1451527596
185802697
1230838082
1230371431
1867196232
1855526069
2714538302
3899226675
3273649316
3171271265
3763333882
775024831
3241523648
1536578765
3565838966
2346805771
1172253340
2695149561
3239375794
4087656983
1655348024
622041061
2247776942
1760515299
4198377364
1450860689
2498958186
1334287983
2348002224
4128325117
1801542118
89299643
1261749132
4032633897
235743778
316675527
1586940712
3113985813
3265282078
4273380243
3803635332
451889857
48371674
2405398559
215341472
474690349
1706290518
137541483
2301909116
1998539865
4190944402
2900567415
4046370584
3183755845
1312113038
2546617923
4112060788
598180081
612628554
2935258575
2514174864
2453091421
2295930054
1139589147
2320296300
1989036169
3415911170
2856902951
2891013896
1944086901
2565889790
3505745139
162775140
3869639457
704623802
2856431487
4106414464
3834134925
1273489462
4004230347
816674396
621613241
3095262578
2255243479
362660600
4278394021
4241004654
2781018019
1217784660
1722667345
3913043242
1744964911
1661717360
2561759933
1203195814
1968870779
2789539660
3720258793
1396546530
4285029511
2524111592
2466208725
762637790
545123923
428773956
1665264513
1306575258
1773180639
1978984800
1558544365
2799588118
732193323
1287816252
1350960409
4234190418
3323468855
1810874072
2758289157
2825674574
171004163
338474292
2292535729
3377730058
2072530063
243090256
941076765
2511598214
4227078875
2912224556
2986750281
1378745538
773228519
2532529864
412122677
619048126
2594709427
4022293540
2681930721
3267182202
1686384191
1231280448
3120229965
2991533558
393527179
1777041948
3953273209
2695673650
3720257431
3424430776
1972068709
64525870
678255203
1934978836
3198550545
117655274
2522823663
1864870704
721565565
2089223526
2786152507
716503820
3413962153
1369689506
2116772679
1674230440
304861333
3220921246
3637248275
1706952196
2005486657
952970074
3717494175
3825711392
3160444077
3321002198
1987366123
2426433532
880377305
1553612818
1798820599
1243383448
1174719429
1573207310
1338971075
2106071284
164094577
1082256330
291429199
402850576
3087592925
568887366
2919904667
605872364
1312479753
3067547266
1669263015
4008775304
2573816565
3681368702
1614910067
1359128548
2439300257
3158870074
3283709183
1993902336
2964216589
1434465206
2029816395
1163480540
3039035961
3277928690
945534551
904352376
4117521957
2699711470
3148774691
1178383060
925037265
1879572650
4049545903
1476872944
2982401085
3348134694
3124153083
474265292
2857891433
3271540578
2112432647
1717457512
3554739541
4025715038
2724254675
2198157764
1619356929
3043448090
2982876255
4006496480
1870420333
4038090390
3143890859
2291014588
1136244377
1144627666
990005687
460656216
1868181637
1409276622
2472777347
3706404020
3754898225
3956114826
3879217679
975995600
1993009821
3409370630
3706654811
295992492
2615952073
2471878722
2571244903
873104968
4079675317
306595902
4236363059
3376266148
604194145
3898708474
4003556287
4108384448
1566738381
1127938422
1174607115
3602307484
38968057
710638258
2500037911
3267213880
2875599589
2579354030
3930480611
1292613268
1759814545
1711962730
1338104175
2238360240
4055249149
2794696934
2492138939
2125738636
722452265
554791202
2908860615
4260211240
887028245
4078794526
3086771859
3978571140
3874901441
1970224858
1830056735
3993540768
1794696749
349701206
2368856683
676038524
1594273625
2633941906
2486665335
800675352
2905101637
819738766
3215907139
2652250228
58409969
3975601994
869546191
3166290576
2568857437
4015977414
3412241179
1508628588
2883218313
1097495042
3726638119
2785000968
3801431157
3744536062
170440691
3023081316
2155251233
3637009338
3422300799
4215089280
349664397
1228898102
1900568523
4056163676
334361529
2673572978
2994086871
2724192760
2218307493
1947406190
4277469859
3548543572
2896893009
3939152938
1212631087
521259632
1872317885
1464903334
