3465086543
3007918608
676548829
606179142
851021979
2722529260
3534875913
3178562946
3371071911
436018568
234886645
3821478270
769412467
2875205348
3485349793
3315949370
974804991
174487552
320699917
135723702
216966475
3798379740
1235998009
123269106
1037697367
573776248
1623189797
626653934
1088682019
1542844884
1202005457
569808810
3383154095
2496461296
2726803261
955580966
3105596923
2686834124
371231081
2176923234
3794154759
3805929832
1478576213
3437817950
2967539411
436877508
4032847873
4216826906
2158591839
2176563168
1455750253
2337449366
753636011
1999829692
3656583577
3610564818
682497207
1930452312
2058826629
1105920462
685674883
4146854836
2821908017
1294965898
761091343
3425808848
2294828445
1434903814
1959357275
2868714412
1002853833
1878710082
2802622567
766874952
1070901941
2778148670
1118273587
2762619556
3927947361
2292541690
415061695
720234432
2588191437
3752378486
1675636747
380844188
385707513
3793367474
3315390487
2707982648
1066184165
1122269358
919001827
1670641044
4259960465
77599082
3062137967
7297456
632099837
3549378534
1142612155
491016588
2881180201
1633282082
1870248903
2156411176
1655848213
4270448158
2357698963
4105710724
672415937
1841731034
1429069343
1257572256
775194925
2899397462
2250538347
2573166204
3470983769
792787602
3263056759
2436080920
316168261
3338559374
3388265539
2292572020
3655464689
914355786
3455345615
2491281808
1338903133
684063430
1902642715
3446896492
437747337
186018050
3209004839
2638859528
1783758709
75037950
601453299
2947288676
3780507937
116601530
886248831
3804829568
4012677005
3062122038
3557849803
1404011612
465290937
2715890546
4180307671
1651093752
1681011365
149993070
767589795
1239005524
2570274641
755452714
2290414383
2807396720
1774399677
3873648038
3003702139
235048268
2264062697
4268251618
1179124359
2180141288
206303701
2149354462
2314531923
1996349508
419225985
207830938
1652882655
2942441312
1170527725
3698962710
4194052139
370905660
1671412505
4180859986
1870217783
1896000728
2939305221
3748887886
2575423235
2259125044
1693829041
2389577738
2802725519
334360912
1646561053
3147747462
727015643
2909377324
1046832969
2827467458
3763940839
1752810696
171447349
3593243326
741483955
3894780452
2652961249
2454633594
890999871
699926336
647316557
443124726
272598411
756781084
1487331193
3496867122
1463993751
1425447096
2070968165
3175003182
814800995
445070612
843151377
1558988010
2523406831
1899977008
3012169085
1890640742
1755682363
4129327372
3632735145
1387039650
2505115975
3336054952
833513109
123795870
1676216083
2627425284
198853185
149793114
2943277983
2260920096
305521325
2282477270
2603782891
1629978108
4176032729
2664070674
241105143
3795678360
