3221237761
2203401242
2146029407
3890202592
1962527853
1860253078
2559107755
1812990652
3985430937
1860462802
3757597879
766930264
2944795525
2806747598
3626361219
397085620
2131146289
3939576970
2649859343
1805238736
2809208221
1996059910
3707419483
1801333676
1024730569
3519964994
4197118055
1243587912
2207742645
89898814
2164445235
19745444
1697089633
887814394
2678433471
1687812032
2791406285
1207914614
1034256395
2476230812
1124023801
655475122
4186908695
2694224184
524516837
3322742958
422980323
219874708
4196771473
4169769322
