1793993527
2345173464
2870742533
1016666702
2784546819
3773311028
3640404145
1986460938
3256892303
2221827664
3024648221
3262647686
128678363
2629752876
473425993
1688094658
783046375
2248726984
2581210421
1563256766
4098580147
2938341156
1061395169
1178003834
1054072127
908704832
3279517005
3330672886
1551883915
1624642844
1193123961
375112242
2835623575
3432967608
3990538341
3521827118
2782681443
4069679636
948984081
362000874
1364634351
1525829168
3426647677
2682298470
1214263099
2626702860
296887465
1967233186
4279284295
65650088
3656447893
1099454110
469155859
2114173188
4083508033
1931761242
3257115807
587668512
1540002733
3424572374
1442278379
2090631932
2061006041
3839281938
145547767
1678264728
2444210885
3699177486
916820675
335973364
1258666353
860870346
1685441103
3395757584
403748061
2325193542
1722848411
359248876
3325268233
3328334210
7585191
2832830856
2036988405
3439310206
78893427
1458166500
4151597985
3762107194
3326614527
2295426048
4022592013
1281494710
1656138059
1395056860
2888202553
3907732466
868238679
33330552
1446169893
2802290414
1940683811
3099370964
3178514897
701721514
3763706287
2177166832
1247222589
609556006
3908348411
3921873356
2312383849
4181232226
2997713159
47207784
2111646805
3628827742
4292514515
1800268996
2659746817
1438220314
3323544415
3028331488
939352173
923253142
4279604907
1156394684
2434772377
4057017554
1464503
2457063768
117184389
407016910
1682511235
1345105844
150211121
2941677706
1439570191
3959662032
2712252829
718338310
3246681947
2014597036
4172020169
2331781954
3247826023
3687188808
4175597237
3626222398
1254294579
3903319716
129621089
4157684986
3899595455
2936855488
2031029965
2546455670
325858315
778529948
735842809
2864743858
1871125527
1030094136
2074317285
3001420974
4224933603
1171171732
1922890385
3591431530
28788847
807095728
3902830589
2009287654
1320674491
2597684620
4208129577
3571792930
84213703
968011048
135405845
3711988254
247801235
4168081540
505439425
1186752986
2204191
1030618016
2207313197
2522505046
4094853483
1745721980
3396576857
2599505554
2951384951
1724586264
2546023493
2510943118
430135363
18518900
193403633
205179466
3437832143
822338960
1976790621
14945990
1525090843
2826873708
3294700169
204193026
2161298215
1586381064
3573801845
2488897790
1631123187
3223175780
2564037921
515049146
2349390207
3768322944
3021667213
1987533366
1633713867
3327637596
117336761
630949746
454603479
2929403128
1257051813
2068204142
2299593123
3850923348
2966055761
470556458
1278981935
2377477488
735745213
3622519206
476700539
1938276684
3580788457
1107799522
1691829895
3360736488
2505037269
1176969182
1131837523
1630114884
4209837441
3085767578
3070017759
3582921568
4081400301
2547434774
2276338731
2579351100
3348389657
2314678354
921273911
4040040664
2428444933
3128103246
24402691
1385183028
192867249
733799434
3230070415
2703746384
2035149597
714138758
899179739
1248380716
4195552073
1672548034
216691175
821180616
2324559925
3613466302
2731911603
4178269732
2474843617
2795671674
1473599551
356449088
3047663693
1982898166
4283664779
2931278876
1045267321
3812378930
3040151959
1163660472
1892637541
1172850734
639984739
2745823508
2428279825
3179616490
379774447
2186497328
1489334653
1116534630
3033176635
4154047756
1248249769
979361698
14961991
2389351592
39209621
3367996830
1487833875
2705000452
2108581441
3674963290
4050296735
1420024608
4225386157
2839341782
3433600747
1304277500
3913406425
681759250
1943223543
3991704
4273325509
2891837198
2256281027
810392308
2174450801
2946285002
3882321231
70231312
1356408797
2241296966
341344155
3247612652
713143305
1800151170
4103919783
313651336
1447087349
922381438
710483059
1865460196
2693193377
2707413562
2996082431
79014656
1383404813
3836978614
1610961995
994545628
2458475577
761449202
2090606679
2976429176
1510629413
411829742
2647688995
1274229972
3946024145
1010553514
2007815343
3048533232
1948323389
1969777958
983176443
1791719628
1249628265
2007880034
3354137607
734016616
3957686101
3670653790
3375193555
1952725956
2938406657
2715264794
1982545503
1382836960
3524268909
4165783702
2512503211
3083689404
1346113689
2696164306
90682295
618098776
2925865605
1361743054
3548029059
1175633588
2795294001
4187641738
3091911695
3789235408
1630872733
2948059142
2045205083
834420396
2792168649
3166499394
2259287911
2207082568
886858165
149256766
3531820851
3192765860
681533281
3769295866
3271988671
650123968
524501453
3485494134
3056983819
2143755164
2222060793
231673010
1879963415
1652628536
861807845
3102835630
2060610019
1780758676
1492073873
3656404074
1176077167
2409254064
1118661373
3997016806
2425900987
3504141452
2255329577
1941013282
1756273351
1149992
2931651605
2986715422
3484610707
1449471876
1477404609
3188822234
3422461215
648592032
1789304877
1925609046
1975102571
3417098620
3712158041
3689633170
1248258679
2925377560
747458373
1318644366
3543130947
4288651892
1933762033
729133386
1777394383
2179622032
3475104093
112321990
2835674395
2124782188
2123711881
2982380546
3520194087
3276054536
3810571893
1658996734
907297267
1109561700
1418502177
4131630522
1877693567
3005106816
1892822669
85389622
4104464843
1341548380
1422347705
1312886386
1313508823
2288337912
3918178725
2899886446
132844707
1241316436
850374225
2556593706
413725231
935554160
1227524029
3939276966
1501907579
3985518668
1862017513
1747645666
1374413191
723428328
1738418389
1144215262
1728004947
2197676868
19859585
2709076634
967097311
3910716000
2052975853
3328826390
3209713451
1025242428
823575065
2215130962
1636884791
2895101912
3320722437
174655566
811329027
2293515828
2689445553
653183754
4078547343
3961349200
2136956445
2823142278
2758889435
1276032556
2210016841
1679807938
2765393127
3516372936
3721251637
447796670
2949379251
376382756
219062497
870987642
1610797887
2710583872
1541528397
309802742
3457365131
1066758940
71919225
2021183538
2517755031
315960248
693104229
973193006
1339715427
4148002836
2436161297
961708010
1176183023
2515553328
3428344957
1758809702
4162913595
1151282188
887581353
1322919586
2992891975
2359786408
4081556885
1192412318
1238521363
4126037764
4081281345
2110694490
3319634591
1903991328
1979054509
1626800598
2235941355
2145050876
2893495001
46848274
698718199
4012738456
2269632709
2858083854
1438558403
3440421364
2793226097
2378540234
176504911
3895731216
380476125
1915965766
787245723
4256666092
1184618249
2912020354
2389832615
1850101640
1638113269
3323011966
1516922739
385054948
4209336737
2875097402
4195160575
2849368576
3039971341
1168194742
3040870219
2724478684
1404583737
3593884146
2250505047
2979058552
1601041189
1714191598
492868131
1034273748
1295962065
1048590762
3845132207
1373694960
3505848637
639091750
2401992699
433055692
3371135849
3783202914
2027335431
3295417192
4000961109
811856478
4075563219
1794542276
923568641
1154600474
929642847
1469327840
2452538989
1882056598
2589584555
3349777596
1881437081
2180201170
1097141943
100077400
1029324165
338592718
1847077763
2020920756
3197210673
3250208394
653496079
4260275152
4190934941
37398278
3409331547
3076533676
402276297
668580162
3714718311
420529992
1801598133
3133354302
279943731
3748629668
2261836385
778078970
1690964159
1135565248
293827789
2891252342
3706423819
2351090332
3285440505
1899598770
490787351
3562552120
3097802725
4145609390
4215108835
2834679700
4287463569
3920343914
3433545327
3545582512
465985021
2689858022
23378619
1893753740
3688119337
2581187106
1409562055
841771816
3052717845
904323102
2634857363
1574338180
2504682177
2822944730
352819231
4078926240
3284685613
3788410198
2437732203
138934396
1558080601
3946929298
126829943
1085036312
1961189957
3986940302
1680371267
4137726324
3779764465
3834419274
2133106127
1963778960
1299993693
3055271110
3155091483
1556646252
144009353
750209794
2692546855
297205512
3083438453
243728126
1834716403
3416481892
3650167585
1320178874
2264518527
2799470976
3314901389
340953142
936760523
3499169372
2505846969
323130738
438855895
2867553016
565460133
1921464430
875632547
2230160212
14741841
1016393002
2470587695
1108175728
830896829
357167014
4052530555
227581772
3730162921
2980723682
2997648519
4121461480
1719172053
1297845726
1123290707
172896836
2528971649
434200986
2776151775
1541310816
3213008877
1670968086
3168698923
4118160444
325395737
3899997778
2598648887
2936889048
2057914117
2625306446
3803148547
1934906676
3345510833
3623662090
165178511
1431233360
4135375133
2878771846
70662875
2444272940
3912061257
3588922562
2792007655
1475933896
3281624629
2535230654
3408805811
4149146660
3689292769
1577967226
123489855
3407706432
3861384781
190434806
2025774987
57614876
3373353337
1175541554
4221222807
621431480
1197244773
506934830
3539696227
3712814868
1777934865
4177258218
2411682799
2244561712
1459050365
2193204582
3261296699
1939905292
20188585
581987746
3280962375
4003486376
3703894165
746716062
2674008339
1813882372
2216979521
3412970330
4017919391
1771133216
4196248749
1665997014
802090219
49549308
4101545433
3813597202
3659789047
551167640
1533406149
1181998350
1416442819
3662657780
3920298609
1036684234
2110716751
1718919952
2576223709
3228248134
1718375835
3117973740
1250032137
4248022658
2113080999
2878779016
3415372533
3930315390
1156035187
1043482596
915399841
1849239610
1286704383
1748117760
1207663373
3744125878
308718155
2021453276
531833401
1399183602
5756503
4067750520
2522711589
4293456878
2723978531
2111066836
328602321
2694881450
3638512303
1179183856
2430137405
2791512870
2527652603
3872413388
892278377
2796314466
1970096647
3168006760
3046778197
1226451294
756478931
1057282500
1715506433
2930242842
3117626463
3019368672
2824436077
246087318
3168671659
1686223804
551081625
93209042
1678666167
634564184
3822801029
3511581390
3827414659
3612531892
2161267505
2008425866
1372080655
809378512
2607811229
2455338502
1701916763
4177534124
2102616777
1012039746
1976972647
2354062920
3430156213
1572661310
3041387827
1007508388
1380869473
1358049786
2109311935
4124743872
2144315341
2642778486
932001035
1132099996
436321017
1157634738
656387351
2196462136
997673701
3713823150
756318179
4064499348
2524431249
1967331946
1164048751
3947645616
2750107901
4261826790
1360864699
1793053324
721870633
3076395298
1996869831
3221441064
1303910933
3638826782
651331219
4274244996
97611201
1968168666
2336002847
2463250592
3203794477
1400022102
4140565099
232728444
2034618201
955474834
2539888759
230094360
2697557317
3804944526
2089613635
3592274036
2241750001
2810150730
3162790095
4201341584
551733085
2132906950
1141164827
854030444
2455866249
3976663554
2631146535
971333128
2197707893
122140158
3071203315
1285566308
1474405921
2549676986
2167687807
2882979968
3798242445
338304822
3673325515
942130524
4173140921
3835698290
783434711
103645688
594136997
1011986286
3185779363
2254051924
1264464977
2023969834
1812424751
2626906736
351169981
3345172134
2491424891
3280932428
1400596457
2391114466
924391303
401498600
3252604629
3516908766
2270484819
3877273924
3952545409
2435156122
2860036575
501237856
4071838445
3747875350
811117867
2999735100
2659158041
658392402
2464388919
3896966616
3740293637
3769169486
3362716675
40920116
2966369457
2934348042
3032688527
3434898000
245777437
2760075654
82257371
189699116
1517057097
689005506
3249324775
3021362632
1810985269
3164881854
2768014003
2343224100
805938913
2500691322
4259432767
2179381312
2222604621
3503842550
2941684363
3930378524
3164941433
3154501170
2513410711
1811638712
4210365541
1653124398
1602782563
1171824148
1258906897
1820413418
2744096495
1105087024
681724541
3800166
3281115963
1956514316
3746345129
635614370
3831963207
2757048744
4006495125
3909956254
157150227
4090033412
1615949633
870904410
508006559
753014816
3092340653
541011926
2084837355
3339271932
4047896793
976152338
894324215
2235745688
2869952197
4037596174
847756995
1208666100
2066007409
799765194
4047812175
1861296656
159023325
3762224966
1792557211
3858067436
1714691337
3392238978
1931487655
3131248008
3289204213
328372606
2580610419
3572307684
2206623649
1508888378
1518471167
801794048
986754573
558918326
662263115
2912001244
645530937
351363058
2604118359
1679102328
785979685
1438739182
3703875619
4236173780
1849251281
3533506474
45778351
2196564464
3821463357
1716154918
17978875
3251422668
3208296809
926262882
1840243975
83349864
1900443733
2498519134
665698003
3767478468
1824559105
1331305498
2909351775
1469556704
1150299245
1136924054
2907587243
2119559868
2455320985
2609203410
493077687
1953123672
3521667973
4169822670
3851895171
1387064244
492770865
2341342346
3905488143
1758044624
1981775261
3490993414
4170718043
3868986284
108561865
1780959042
4293808231
3444278600
2282871477
1641193278
1884041267
3290901156
3138906209
3093289210
3184854719
759289792
2586303181
324153462
1981472779
2513315996
3069943289
4179796402
1034586135
1580890424
3956661733
3686525102
3226962659
906814868
1303250577
3971383658
1615344751
3347007920
186401789
2002036710
801214651
2933604748
2751824425
1010718754
2176019399
2576754984
2785504533
184372766
486822291
690822276
3651432641
2503542234
3734867487
4123064224
2351937837
934460246
1446456683
3430045308
1652109913
889285266
2850290551
92116248
3761866821
2651705230
3428680771
2383859572
2419992305
3830343242
3524269007
33939856
2035628637
3519244998
4041651739
4043466604
1274654345
1655888130
1993815847
735034632
1958686581
3173281022
3274580723
3038314084
4286458145
1109238458
245024127
2987198336
4148152205
1956492854
2382047947
1991930972
2934568633
844735346
1005067991
2318115064
514548389
2050500206
1426140579
1044556116
1109882705
3163405098
1392026415
928344432
593649853
1897438630
4066347899
4287200588
4268559081
1857866210
2402398855
2180006120
2849055189
1090517982
3827410003
157470788
800919937
2001055642
4171541727
522061664
1139803629
2848661782
3384727595
1696498236
40233753
2959297618
4186894903
1211931864
583232773
1190325582
2442823427
638087988
2357327793
464289802
2748965519
1113973072
4158371613
51134598
1451495643
2833810220
125278025
3449039554
2795167207
3589256392
114639925
4215798462
3979793843
3280114212
964241889
1223240826
4086514751
3052140352
1725461581
3539139574
567948683
3826679836
251989881
1247175986
347108759
3618146488
1947838309
1995842606
2776731747
551562516
1684383761
65189098
831246831
3123661104
1901673853
1364611942
2880194107
932673804
4281422761
3362847650
3303717191
2647005352
1499698837
3971246494
935704339
2096120836
3083498049
658512218
37653407
2876167968
3767603885
130893526
447038187
3155848700
3537855449
2003496466
3945048311
208102552
2789609925
419023630
2685290947
104978164
2330626161
3546831306
350646607
4054425872
2524115933
1101977158
3962579867
1913544428
3383902217
2223717506
502875303
2339073160
2064914677
2986166398
153503859
3408127460
298379937
3733091898
3548283647
4036929280
3182551309
2081554870
2759327819
832719836
2550982713
2329470706
113478743
4134613112
1491119141
3619021294
2090382115
2846191828
2368248017
1148546730
314687663
4157401328
4190165565
3587033382
2120728827
2596615372
2534562921
52096354
295600135
2362945640
1367264085
2212140894
2461043155
1066760132
2056033025
2531803930
3257608799
846423776
2530402157
2138647702
464154027
86383036
4104494233
3017297874
493166519
3787320408
931231365
4192364750
578342019
3666016948
3291994417
1833038730
2616573967
2542870736
3118133405
728443910
883623515
1882454700
3815352521
559418946
733113191
3422741576
3460017589
923031102
4055661363
1740437924
4046285665
3567878138
3575415231
3655669440
2425097677
2109392758
1217694475
1931335580
3401679097
4255197362
283206423
1447401528
4190138597
1647796142
1694930403
1683125396
1429227921
3221612650
3445256047
1475233968
2170107645
2084503270
1297218491
752005260
1993352489
2558172962
604833479
2934245416
4007837717
1009943838
799153299
3440536452
1086550977
2013146330
3207235871
199997088
1534422061
4270772822
1603164267
872514940
1215862105
1332441490
4010825335
402666520
1664457541
2406270606
60428099
244047476
824830449
184110410
1875365583
2078040208
2262019421
503398854
1924440347
2266584684
1700647305
4256866306
3733344807
3614841864
3171680885
2686264318
1102671347
4111322468
6728737
3172878778
3744284799
2843690624
874969741
2779598134
15717835
2085167964
3890403769
1819224690
4056545751
652591096
1132000677
2621087086
2844473507
2628204628
356301393
2018779690
4162182703
39020656
2363642813
2187981990
3140155003
2977950796
254455273
3260027106
1794526599
598613992
1313830101
192688862
156921683
1629953860
2469336193
1010947738
1073522655
1335346784
3812145389
852375574
957416235
4234981692
1863863833
4091827026
2129022263
3203283928
1981972485
1062790222
3996258819
3457974836
2323692209
2387502858
2266799503
2789957712
3793562141
925964166
2836200411
1518236204
542030409
863171010
87357671
2911179720
3292862261
3272061374
1407000755
2396414244
674540769
3919631226
2557525823
1462580800
3175262029
2175374070
2152325259
3773050652
4029739641
1627581490
675106967
1477552056
3804904037
3414137646
1424399203
1583594516
3859671825
790633450
3920891119
3736881200
1629237373
3859720806
716353851
2894915596
2430727849
2052801186
354047047
3404920744
1283778965
2809634974
3667493395
4153643780
3129963841
359874650
1264682655
3577189920
2732377517
2314690006
3136450027
3525811452
3376727769
184743186
2879849463
2789737368
2097685701
795263502
1291900099
83158516
1224493937
2566996170
2561944655
3734904848
1886873309
1421520198
2591299227
1310936556
2768003849
2621506434
780033959
233819016
547810293
897843070
1122472819
282506468
290942369
1810963770
1738997247
2595153408
10425357
1601149110
962767691
4105108188
2758527801
622620146
4076562263
2575912824
1148469029
4123416814
836288035
1967652820
2690898897
1714017706
3103062959
2498291696
46583101
1693261862
3198757883
1639556044
3971350377
2052863074
288955143
1148424040
2252545621
2246364766
505369811
1276626628
3215234561
4115819034
2820220255
881534432
3475083885
835339158
3086129323
3908192444
2008940441
3196540626
336755383
1573751640
1151764869
1163288526
1254512515
1591019956
2774309937
2362563210
458128143
2895421392
2527224733
341705478
3383357787
2244471212
1143393225
3521434946
2837612135
2021016392
3471933621
1297222974
3919103539
382650532
613346913
365897466
1938816191
3955512768
2466005197
1287609974
1593456139
3412690588
2236834809
3262885810
1355038231
1527559992
2503410661
3771651758
3407978723
1830028180
3707669649
1597067114
1016638063
2358855600
916597245
2093307366
1506698939
3569753996
3546728489
1007871522
236102087
4025476904
1481249557
3699620894
246146963
3665017476
1798207169
2376029146
3705898015
3310515616
1556553517
403106134
3268510571
881636476
1531181145
4163991698
384348535
893309720
1505603141
652721550
3527580227
1199369588
2556538097
2340435018
1168869839
1475272592
2036211805
3554351302
2037287963
3844883820
244184201
773744386
2212588839
752384776
2347029877
540138238
3803232499
4236156004
2325425953
2029711546
2733357951
2184021376
3373936013
391701558
3822092491
953406044
3550985401
48279922
5756119
3428572920
3251800229
307827822
1803633571
2441594708
4103994705
469141802
190781743
3985467248
2171487933
1800883110
2665636219
3379714892
3048493289
4181678050
2053564551
3978821352
3747203029
2702469598
2801744467
3731320388
1173165953
1343880602
813736671
2672657760
9268205
3933032214
776941099
1756815420
345420057
1640061522
3538528311
1012652760
151884549
970644302
2385878275
3937177908
3670769073
1993100810
244013199
3899449168
4251622685
2968645254
2894194395
269508908
3572620617
3400382658
2373653479
718697160
3561024053
2212718782
2297392051
3718656036
742141921
3878976122
2625255999
1437234496
3082345037
1291594230
2057669515
3501055516
2418595193
1879798578
2155228055
3711354552
1996934501
3492090414
498574947
3999484692
142865
1580827370
2080917487
2676311856
669721469
778240358
4037352507
3279836940
3294534057
2879490466
2230710087
467392168
4164041877
2304169886
2715372819
1404232196
2560653377
1854039898
2846917023
2587645216
791967917
381514966
220961003
4180724732
74852825
1693907986
651517687
1122280088
1599485893
2750396686
3915341763
874771700
3847884401
4034275274
749594447
634298128
3347569117
2304934982
631505307
1781808364
672302601
2169686658
1420786343
842017416
3838164725
237418110
4145340019
2516943844
2989617313
1916519482
3338369279
502998272
865617677
996749238
2520340043
3870796252
2073472569
1404826866
266289751
1029533304
563335717
536006638
2894383395
1332121300
3622510289
2814000298
2773759663
1245767408
785956925
2208855846
1909888763
111809228
4028998249
217676642
478131719
466316904
1066627413
185271646
2046435283
4128642500
1812502785
3667431706
255008863
1306453216
494683501
3401013910
841401259
431650748
1268933273
731012562
2976634295
3633916504
693607557
1256609486
243262083
3483572404
4039991089
1513996682
382940687
2547261136
1014355613
4209826310
1737808987
391633068
1487924937
3956120642
675193191
3265634888
3123925941
347849790
132190515
3244070820
2235330913
3956329978
1227847615
1390384320
3514332109
4032820598
1766580491
2393978268
380716793
3081909938
2907904279
1552930360
3996751589
3347205550
2728963043
1079087764
353947537
976795242
1577248111
1434470064
1526144253
3907497190
87478715
2528480908
3922291497
2533829922
4022615239
1287046696
306013717
1542517534
1780593299
1095829892
2296740289
1176271578
3888676639
301282464
3223638573
4095410262
805351019
3188974460
3403373401
2673049490
3513584759
1295610392
4090609989
3565073550
3898025283
686423156
4125454321
3588430666
62604495
2252168848
2163512157
1666248646
3038017307
4214961260
2005538697
1675505154
384337959
469162504
290039925
2908918270
1444152307
3144379236
3457921569
3853752250
165033599
739755136
3860422797
966818614
3869060043
2623177052
2721619897
1705916530
395423703
1787690488
3384286117
1284737902
1256410787
216290900
273367121
393539626
1020548143
3909314160
822491581
2615190182
1300614267
929090124
571077609
2206899938
1837335431
3462258152
2364545749
1908973790
1829766483
1898167620
2012682881
583935130
2050006495
4265559136
3421380333
1084778006
1501124907
2583498556
585176089
1778016594
2778268471
2961537496
193242629
2792936014
564471811
1807261748
2908897457
1160131850
3928363919
4174011984
2042892317
3763258758
283300315
3114160172
1432420425
54820802
4016910055
1038340552
1724431669
2916818878
1013823155
2683436836
1972351713
2980323706
2947527999
2707665984
2252016973
2766848246
3236771467
2742258972
518830201
3882875442
3445294743
1461183928
1624203365
4108749102
2952048995
3235830292
3796005137
19851754
2559083247
3968484912
4123399805
2589153382
2911078203
1819002380
3383180457
3426996386
3296561735
2155918760
2355859349
38932126
1032132627
2169385220
2180873025
2725088858
3442179231
3934065696
3046648749
505383894
3243295723
557185788
3027471577
4115071762
212842999
3527229848
2100316869
3868504078
623504067
2211382260
2416169329
1237782218
2161353295
3074104848
3416542429
1336302406
1035988123
3057724396
2197072137
2747306370
1082955175
3895232904
4151349749
2883939710
3584960883
1253069540
609776545
1633839930
2709255167
1786995712
2258467341
2147403446
1794900299
4156315868
1301123385
2260171762
225385815
3522006392
541025573
3325773550
2627523619
671161812
1673421265
2032575402
2279567791
131393008
2918626109
2717896230
1206911483
2039906764
3512812905
720552546
3815919879
48188776
2909783125
2202877022
1447094995
764437700
2948111361
3065690138
2809731935
1852744672
2984441965
3124785558
977727147
2273224380
2689779097
1794729170
2775658679
1109444952
362065797
2056408526
497380739
485304244
3599376945
1166387338
1048834319
1229954512
3679799709
1326952710
3194734427
350472108
1359286729
3742524226
1493613671
2593194312
3221300917
4248927038
4237646899
1466328740
1127609441
3333321978
100332223
4281783232
2080417485
3634138230
394890251
2901730460
2933598713
1296350642
3599627287
1255077176
885533157
2253505710
2610673379
3456835988
763302545
3239845226
3784908911
2728609200
509087741
816186342
4287315131
1654717836
3925347881
425161762
2032261063
3040453928
1287436565
712649246
4060315027
4054472836
3387456705
292921818
2413394463
3788764064
3046016301
46864214
1461442923
3231126140
3342777945
3033630354
3466422135
1341133080
1634849861
137472910
4124553283
2731740020
2041918193
1512178250
1509359567
4140293520
3449226845
1013106374
3584451099
3108381548
3495049865
251262210
1201382183
2496739592
2100984693
3081718014
1273188083
567556708
4209521953
1934114490
3287069055
2537423744
3139736461
2089030198
3109410507
2531078236
2207613625
81248114
3883371223
4051442936
2334764709
3135898222
4155595171
4273792340
2554626897
3671021354
1014337327
3837093232
3416927421
2214984102
1997879163
3947575628
2217449193
3509708258
4098629255
3075456232
2266131925
3986216926
193777747
157027396
1498226049
610159514
3440154847
1550648160
1968886253
2776595734
1787790379
2151628348
3388438297
2089773138
2801032759
191568088
2911353093
4113746254
1484829443
1094758196
843383729
1767644170
3387739791
3345210704
2267644701
893885574
2251275483
1193819948
3516670793
1295468226
3674950119
3601674440
2883358773
2968442558
509084083
3317288484
875509217
3102722170
2182164543
710472512
1489584205
4185217014
52486539
1228225564
3430718329
925925682
3203129751
3048539320
3492016997
2848194606
3147676771
3319163156
3167663121
2281722090
4013211119
3049997616
4205644157
2581573478
290320955
2538943756
3501973417
1279399842
2209424711
3907097768
959505045
2187937182
1570562835
1885700100
2795929153
557102426
1708291999
3053048608
1711791789
270377686
2271342315
976693756
154988505
737348114
221648119
1146216600
110517701
1733666574
2959111619
3824554740
2029622385
351532490
1160076623
2195954960
2899099613
394670662
2462570395
575281900
3852651529
1938446466
2719330471
535095432
2292671733
2126521470
2394125427
517415396
2546661025
2841973306
2804444927
1883742976
699313421
2637192630
1739238475
398264284
1246786617
772735730
2611673175
1194962040
1886844965
1486863854
2988498723
4011306196
1943905489
1248791210
278310063
3181700336
2954929725
804463910
4042616059
2860445900
3228100713
1145571682
370207751
3920571496
4292351829
1588294494
1660138963
3800478660
3132399361
4189642522
552277599
2251973344
3159731053
1885702294
2152929707
574543292
2781816985
3971771346
2686618551
2321836120
962445957
1146766542
674691203
917714612
2257773873
3198783370
1113631759
2970033360
2738928797
2162067462
2116989531
1852552876
1562784969
464726594
3950696295
4030226504
274397621
1994601022
2008393523
3370923428
2390456161
375921658
1509060031
3771339456
3264534989
1970611062
431175435
372544412
2110852345
4080223410
2088029975
365564984
2564996325
2369600430
1710932451
104902804
1446073745
1675330666
2002475887
1677870256
2965701373
3288357606
4174096315
680029324
66236713
855882530
1512796871
427328552
935857173
3089064222
1448167571
3682576260
1580695489
1605028058
2232841503
619623072
1828993069
3021418070
3894609003
739656060
2154701145
2829815186
3195650679
761442328
3533563717
838902414
