3819033019
2216988300
845966121
961424674
2002730183
4053124648
1267754517
1462235934
367833747
3701475716
3857217985
826505946
1656979231
1387541664
601346605
1446117462
1428926059
3275940732
3359529817
4015685522
2882014327
2782425624
3454320965
2037757070
3001165123
3556310132
2678616049
650779466
695616719
4072431248
2640810845
2804412358
3506403099
136983660
1504515977
3517263362
4093872167
408279560
3155994741
1813615102
4015981555
1715104612
4104040993
207263674
2320578175
3025585280
3947651213
3476519734
2840079307
2701754716
2568724409
1630877810
2808917975
4205641208
1967856549
2500496238
1659784867
2809353812
3817750609
2212229162
3356447791
2097309296
1324956093
4080509606
1727057019
600820300
1571615721
2094112482
1612612487
3795639784
1766005461
3019874526
3017475411
3950165316
670702209
1156916378
3224083935
2382251104
849420013
3384763926
2040813867
1579945788
3544454169
3506528594
2868118327
941914584
1217897989
1383060046
1194338307
3049758772
1780826289
2366453002
2598441871
1950965328
1496780829
187024774
3889025499
1166889004
2860777545
1208713154
3079155431
692244936
882621749
865214398
4038637235
2847997732
1863496417
2404065658
2066396479
4171412544
242093389
3783377142
4271388299
3877801244
1221572729
2046229042
137758359
2520180152
4016201829
3294464302
2734666083
2054019604
1216704785
3835029994
784564975
260654640
1454970493
1487558758
32409403
1473955340
4165614761
478859426
572033607
56604072
197037973
2341015198
525342739
3667734788
2231401281
4220816986
3727064223
3376157728
525020077
3459681238
3699098603
2758081276
399936729
1934492434
1024113143
2296136088
490949317
2576068622
2780097219
1826489332
1606865265
2293108426
3163464271
1102716432
1847020765
1635605318
3484085403
3241159660
1259841801
3213332866
4087846311
3263924616
3896742389
4171001214
2767792499
3011465956
4040913825
4127812410
3086414847
2428658688
2446359053
1670760118
598147403
2053855452
2859503929
2956884978
4081720663
3222048120
2446484773
481445614
1789383715
9444820
1560371665
3549275050
689598895
3117671920
1374270269
3344354854
3613065723
1678082508
4077143401
3527000674
2886553863
4106112360
3485647957
1401175134
3540773587
1709139140
96181249
1189197850
2205424479
2620236768
513144941
2438427030
1349643947
3383600828
3065365913
25810
13381815
666880344
413642629
881413582
4180700547
2767988660
3108839985
2070718602
88011023
3805191632
1086867869
1206825222
190236507
2664613804
2351436233
3520684866
4146183271
1676673352
3553896117
284719934
3873463347
523593380
3803772001
307590394
1735783103
4101362624
171157197
1664322678
1261734923
1856234652
1052649977
231456178
1734931479
3891131704
2304453093
1674101934
1151776483
3315212692
3116503697
2458066282
2379489391
3819062704
88805373
3170698214
3388357819
1276116364
4271574569
396260386
2898057159
370713896
303020309
1102129694
164527507
150558852
1928035521
3634143706
919894559
1586688928
625050925
14817110
1749473643
3250983548
2426519129
1624802962
1425565559
1687097624
3347371077
3374885774
744665155
3387034484
1870148337
2265514570
2880569295
2672221584
4127852125
473548486
3717292571
3258262380
2121611913
3636524290
3501630247
1295005960
3020782453
2456176894
1361989363
1218656868
1835742497
1978613434
1885843839
1534919552
3428291469
2921009718
1744885451
2542547036
1182302905
1549713266
592612055
1033575672
3267145381
526451310
2075941283
357295444
3079111505
590763818
4088434479
3031721328
4120718525
2002581926
2088777595
3552196940
2345572073
645457378
2464620167
2267987176
4016401877
1271912414
3193426003
4289399876
1431313793
579160986
1057462495
673973088
3893219821
3398860054
1991935019
1080966716
1180333849
1066821714
1481596471
1326061784
1989851397
3173632334
3926635267
122662708
990380977
2369985546
2796015247
2128797008
1922859805
4229864582
1226489051
3474407212
4072612681
3992864450
1327909351
2114728136
95391797
1386600126
1050870195
1267256868
2041722337
1922484346
2039230527
3180852032
3975954509
3524024310
751559051
2296658972
3261045625
632783154
2781274519
2966684856
3937858405
2503671854
447265891
4217727252
1863431185
1197953258
2976890351
348800304
1738541437
4097224550
1371075131
2126787852
3411992489
4169734050
2370577735
666932392
1149493909
664815006
2875712275
1169457156
4121525825
1448850778
2731374495
3501773600
3686457005
1546953430
2391600875
3110480380
950005721
100272658
3918599415
3069239448
849960389
910993166
2632676803
1225069300
2495386737
802878922
2900385103
1231199504
1530904541
3311219270
280156059
691608300
2043005961
3947976834
19968167
3057903752
91907317
3883345022
3388896371
61219300
2957899425
436998714
3919802111
3532038912
1088531725
482827702
206941259
2523662300
1932751929
3012952818
763754583
4049120376
1846147109
3407265262
3962298147
1134996692
3105924305
2161511082
3721505967
2879644912
1611900477
4048168230
1818258683
2431512780
2920015977
1200556386
2326522887
2542677096
2922059605
1256354654
1270789587
2530587588
1555537665
1709170458
686167647
4026098400
889760621
3816589462
2189302187
1617810876
2284988569
3720571858
2810022839
738420824
3362833029
441533646
1874983043
985806516
3042305329
3499134858
891005967
2256936144
347323549
364218374
3071914587
4099585708
1682519241
1786391106
899012455
1972854856
2955803061
2795123262
3456149299
213595556
2046719841
1041177594
3882708415
302584512
1556601293
2618041206
962475787
3554907036
3652455673
263865522
3109015319
1860768824
2037759205
2259958702
2063974883
2043654292
779376017
289571946
1335253871
3774956720
2746745597
3965147878
2939594683
234318988
3835015465
2370485026
969306823
911705128
2300251157
3948306718
3659286675
1859037060
1396342721
47302874
1477539103
3719148192
3904321581
1311649366
3847095403
692404604
366027097
2964491666
4040475255
4261523480
3299927877
251110030
1297038147
1212619380
2509501937
2435049802
1981397711
2114804880
3283646813
1256693190
2131709211
339481196
3272170889
3308829698
4212506151
4224096264
3263843957
2781806590
3848903155
3263695204
4286822433
1885332922
1504324735
3017753216
2507064973
496675126
2795864523
353034076
916547001
65291890
132408791
1497709560
4189733285
1305704814
301360291
3919606868
667731537
4201430570
2642266671
3701630064
3075284925
589189286
3170607739
3114313804
3753654761
58469602
157006215
601660392
4061380821
4273737438
1363188563
157244228
1643257985
2666623642
1997509599
2979381856
2877719789
1242141718
163360555
3349966140
2185026073
679964498
3830888759
1017886680
1948896261
2046804046
3763551747
2639511092
3996567217
1398080266
1721403791
934829136
1292760605
2192798598
1800644571
748498476
1724270153
357371330
544236775
1217499080
3108987701
3134557630
1794722995
1087151396
698202337
46034810
3877219135
2949198400
4288049997
791867126
116100235
3986811676
2327543417
433326130
2550381719
2687312824
2610398821
1714714414
3149776739
2665019412
3186226961
4262770666
508033263
2252817456
3750952061
2472478310
4168047931
396993548
3493823145
2749587106
673955911
1071477672
3319084437
986938526
1810607635
1648873220
3516825921
1811864666
2359325343
1131516448
4063662509
1154398678
42605035
2942523644
775246553
2936148242
1623420919
3082911640
3818614981
2166988302
2475557059
631775732
939415409
3101940938
3177060431
2068257808
1433678557
2597914950
1051116187
2705197548
3762286345
880222082
879086503
465061768
3510450165
2070797182
2037366643
1665724644
2701949345
116046138
4135315967
3179733504
1878974477
513078454
3438303051
2976429788
2529318713
2605287922
2825769815
4083207032
3419245349
3583456494
1125902883
1698249684
3381389265
2650436010
3904169903
2242896880
558471485
4208557094
2219956219
1808949196
2799668073
675303522
2230748935
706349928
2703190613
358394462
2765979859
893911748
2868879873
1538917914
1602490719
721494496
4052180589
1815977878
2725659819
338298044
981109657
1843557074
81454775
4278388568
3754284421
171260878
2445247363
2365867444
2880088113
596670090
4045694735
3497630672
1101737885
823680774
2076745051
2514396588
2151045065
3161911618
2243293799
4110073672
118738101
1029171518
3951882803
3317499044
3465542241
1319420666
2928732351
1423462848
2070416589
4185963126
729014795
1948205724
3681939449
2449787826
937601559
3265278776
3072085989
1639690926
852544739
3363913620
3815938193
467528554
3548681839
1117537200
1093727741
3612193254
1130566331
3118128012
341595177
173212194
3464236487
1112695592
3769786133
3289880606
919999379
4263507588
3067445953
534966234
1987735583
3221516704
2654530349
2920695126
2084646763
3921703036
2278327385
1323865234
794631543
1647333144
4117297733
3135412622
3316106819
1059596660
1107015921
3038433354
950891983
2131745680
913501277
2737927366
1702443035
3997106540
1466531977
118260482
589355303
337180424
395518325
374585086
1544611059
3286816868
3672652577
1806470330
4128810879
2910683520
1989278093
2377531446
355871947
159747676
2576763065
3351629170
86130903
1034640120
1245959333
2422337646
3583799203
342950740
1683884369
2038375722
1970734383
3838600048
3288928957
1719379878
3630370171
3313702732
2306202857
2212197346
1937527943
2823191272
2706248661
1019495902
479553107
4170164804
2111841153
708417946
407080671
440107360
2903193581
3088624406
3802847787
3823541308
3068869913
4225005138
4278850615
4043921112
1900338949
4176590670
3657877763
1741933876
3014756785
1329785354
2327397519
2395593552
411789597
249842310
4269314779
1310661932
916023625
771216578
3680927719
2027089608
2138781237
3693167806
633051059
2039245860
2933210081
2948732538
1943217727
3208016192
1983686221
1760921078
1022834571
89889308
3521339769
3326906162
2397869975
1413628600
839129445
2806640174
910086755
1422427924
1695431185
2023628522
625751023
1409303344
4002541437
2787335526
2786183227
311104268
921445801
2392434082
2729925447
1001804456
3216148629
891466654
282818835
542580228
1222607937
2893939546
1268739487
291918112
2461942957
4161065174
3899868395
1985775612
680965593
3731232786
1386334967
2068717208
1612284869
3928134926
966560707
4073140468
2039224945
2479408074
2651312975
3345455888
2360649181
1374740550
159821211
423557356
2928022025
184084098
1028056743
3806897800
2072775413
612405886
1665993331
3261579236
4078369953
749035578
2390779135
1103307008
1328026381
3640560566
360120907
3143722460
1159543353
3612938482
335654487
3055872632
3676118565
2889067502
527955235
1430768340
3192072913
2600130730
4190380719
938992368
3314256957
1409602342
3475981051
3836923596
226438761
3830290274
1257054727
2623662696
3634347349
586342750
2389199827
825643460
546546945
2557488410
3612216415
1027924192
2215776621
2610607766
1616539563
3571594172
4254002841
542996946
3370402231
2428413528
2393303173
1949643470
254348931
2344768692
3427494705
3832307082
3914932751
2963872464
4155417245
169293318
157517915
1935578284
267352777
936360002
2541882727
3524927048
142974901
1160880190
4018486579
976933796
275610977
3021367802
1826644927
2900594880
2517909453
3952169334
3514141963
1062662556
1946407673
78336690
2468447511
3541258808
1917772517
1692346798
470276067
2712587924
146594705
576017002
3382628719
4168303280
230025469
3990882534
914062779
1069173388
3186554665
4273424674
450734279
705249832
1221964309
1005899550
3489390227
2800567684
3451684289
2681214682
1108306719
4120326304
1975950893
2426035286
3709885035
4080508796
378791769
2876939154
3230759031
2166025752
2309819717
1021939854
1164726595
2659530868
2762963953
1659746122
2741842127
2454608528
2117689181
2501331910
1087316763
1077801068
1804968841
238832130
4174902311
2250724872
3811046517
1408527870
1696870387
1019586404
798539297
3621073850
4122157695
945275008
2680237197
1852692278
1672665035
1694252380
2673290169
402871410
3406568407
3670899192
3831064485
1460430702
1991146147
2243793492
2637909073
275614762
731660335
3174195824
1271989693
2977234598
2125887611
3881928268
3103490025
395754210
2169040775
74209768
756311765
1978170590
3495309651
3174824260
3642369665
878559386
3533933023
1377648736
479980269
2227421718
2978284843
2233256764
342204441
696089938
1483304759
1545795032
2649485829
2852105806
2267436035
1456462900
3145223345
4044149002
3271819151
1947687504
85253149
280043910
2995355099
597494828
2453179465
2818481090
805870311
4275064264
2285046069
646511550
518644403
3855104804
962117345
3919691130
3484983615
3688869952
2163136845
4015267062
2129584779
3222358300
3352773753
2602636850
981562007
3172164024
3724323941
3363530030
975953251
221517332
2491317521
654542314
1987866351
1844789808
3298615933
2625877094
178271035
1600684556
795134121
682355874
2901341767
189477288
1645992853
2257447582
1245135891
1877110020
2339145537
2279156314
2412406943
714543136
3981572013
3856066518
4031279083
4266768124
1472469209
69607186
1865164279
4053187992
3626211013
3778513934
1058477763
2690793460
2305154417
814328522
4275932751
499390992
822155485
1520744262
559061147
2168186860
345519369
3738611074
3419668903
4225041800
879156725
1387219326
932599155
285380324
3597500321
4215015226
1638981631
1329291264
240993805
3154387638
2515119435
2757104860
2923699513
3619985394
541165911
698681720
3422073125
3203146478
826277923
64117204
3343281617
3889643434
3237961135
2994463216
2094628669
1825319462
4244155899
3952033228
300601705
3954630242
2358230279
3731212648
2225868885
3819247710
3093239507
2057347268
3983779841
2348962842
1078200159
381984736
480822381
3784560022
1814731435
2459329212
24072601
1697939666
2744753335
3509994840
85195653
3360762318
2550045059
654074804
1194864177
2200192138
3451510031
387226064
1723733405
280104198
267023195
2094695340
1131716041
1283751746
452601959
4243946824
3833819829
774330174
2313783347
1513398948
1872167009
3731099898
3529236159
170577856
3704386253
3795708022
3680712715
629842076
3546134009
3618494898
2064408599
2420273464
3675092453
2007214
3869958883
4116209044
3461553809
2494085482
3789884527
4068884912
960945149
2685296614
947906747
2408954252
290298409
3665268770
3471524807
3715899688
4052026645
3270379038
1435347347
1496749188
3354364097
4070129114
1792042527
1852174240
2673889581
1706718038
3085665643
900386428
4062661209
912827026
1416745847
1254198552
2977767493
84707214
2090654787
1449019252
3987685105
178036298
1717103567
2814957968
3406549597
2425955014
3239120411
4198031212
797820553
1254625538
742068007
1106359560
1430833013
3467715838
2963503859
488535652
764756257
618257082
142187903
1148059520
1090281357
801205814
1109099211
393145436
2011434681
1688001394
161609431
548116728
4160420517
299032174
2771158435
763765076
40144721
792195882
1877834543
1439981936
2124740797
1946834342
1609950075
255587660
2655855337
783155682
3804334727
676215016
3311843797
438875102
478346323
1197754436
2745182593
761128858
1445954783
1228603232
708353517
537581846
642461739
2605644348
3400270617
562201682
2692008503
1845007576
706675973
4247364942
2545016579
1514662708
898305969
2830284810
3212491407
3617642832
1118457629
4162451590
931555547
2635529004
2846076745
4083245762
3461789159
3398020296
58121269
168604350
109325747
1971325476
4180165089
542991482
2865372223
4123324224
1336740941
844018678
2094173579
230881308
2627151737
139566386
1254247831
3399516344
3481354085
969464878
2005198947
3088819476
2084225041
2034560234
3252201967
3290841392
2444481917
3867151206
3592068667
3997298956
3920194473
3793367970
4140994887
2661028008
3708890773
2668962206
3355381523
1089059844
3376777793
1846563162
153183135
2130956064
837921453
2118450902
3389627115
927131132
3955063769
2420254226
1717731575
177953944
2075765189
3597173518
1409130947
511266548
2542510193
4280717770
2413775183
1851562256
1918471133
620006982
906658715
3375683308
1115052041
537949314
2416778407
1451058312
734900469
1979318398
2789974131
1058627044
2064646817
3803098682
537746175
3589250816
3718150413
933607862
4266154059
1548141532
37158969
210509554
2100126807
1038166136
3462415397
2109774318
678693667
1624828116
345354449
4103055018
3999701167
3845906672
1999860285
3039789350
3182303483
1885842636
3827463273
2927371618
4192098311
3760564328
3578028885
3346222942
3535921619
25620420
1100983041
2792389402
1248199263
2810207968
3947591533
2921915542
1978058155
1028035004
1981527193
2892466130
1157298103
2959729752
1930235525
1988698318
3695191171
1320317620
1282470193
1874340746
1313249295
4089190608
3201927325
3035161606
1063083611
2723312300
1254473929
1788167746
3223208807
1703730248
3406644661
1748569662
1790563123
363491748
470582113
1032697850
2399361471
1554910912
2140186061
1300660086
4181517067
381308828
696490233
2064408754
2678274839
3928854584
559417573
2742687662
1119481315
3011374228
1681219985
3805814890
3428271983
550846640
4091793149
1574483686
4184888251
2574067852
1048067369
227792674
2594496199
1286275112
180377621
3372432670
2005628051
83616644
3580791745
2285790426
2696765727
443592352
1258685485
2641791574
3164778603
2702835068
1250340185
1605544338
2600349303
2938383384
2631480133
2202762894
456746819
1454593652
1291518449
472352074
829466319
2944358544
1290421597
95877574
2520709403
204459628
3545360777
749721602
1833576999
930616328
2650118773
4136229886
4002334195
1425229156
81642529
3267002810
3731626111
3250601600
2319684237
1102120246
1617964491
282958684
1396502969
496132722
1893978583
4282759160
3039333797
817190254
286691491
4224364628
3285832273
1172199978
4067079727
2662490224
2357521341
507227302
740380283
756180044
1768605161
958482658
1206265223
65804264
2588216533
2575624926
2971387731
2265487172
225586305
2235174554
1390903263
4019502688
98652397
4193120278
4043135787
377301308
163472921
1407421266
2267817271
378155992
1172183045
1651481678
3148442115
1648097844
1374278321
3862208266
807237007
2842056784
21742109
891211654
1030706139
2861361708
2900021833
2149591490
1716572391
3422489544
558280501
4138494398
2357885107
414439716
507757793
3287616378
3037173567
4242943552
309804877
2716158710
3869390987
3731924764
2149780089
2111710258
1873750167
1827250104
915526245
1798460206
2655646563
1165964308
1279460113
3747763178
3076580591
1184055344
2245445757
4095238758
3095464251
2937544716
2511998633
719616674
811740231
3853053864
1620214165
4005058718
976411155
2204961540
845843777
3475208282
1738825375
4272721440
2426232237
827266518
632735211
288363772
344121049
4072287506
3896826871
3059481496
2061221061
968194574
676342979
1561091572
3556598641
1872722122
17630287
2838566928
2159935197
551576902
4155403931
3777611244
1746959113
1051081602
972175271
3806446472
2445313013
4267751294
1600973683
1017916644
285115809
1392334138
2039862783
3319782912
3974867981
3152236726
4271047499
3543364316
1895162681
3853493746
3670359895
3805890424
307484453
1487999214
3037992483
1549498324
3593532369
824446378
838456239
3224887280
3835258173
2637092902
3243213819
1664883660
3022395241
2627562594
1121514247
2443282280
4201166421
1046316638
2375068883
3051962052
1293397505
1471848986
2780036447
3749191136
536488557
1901722518
764342443
3304243388
2341738393
1710657234
1560826551
509182808
143794565
4007466958
2347609987
4075061684
200651825
438833802
452940559
916428752
805370781
1723579142
1203521883
3552993708
1440932809
33688898
921591399
4225776456
3961723061
1667679550
1106648627
1553744036
1171129953
1100177146
1389810879
2490191296
2925582541
2641041014
3674377739
48627356
2792717305
1590093746
2967868951
3503599416
1965988837
3203501742
3761567971
3424615316
4200834193
2095286122
955613807
1935687600
1837941245
2537491942
692895419
1296078732
1970200617
135011874
772438471
1737875240
3297225493
3191108638
3858055059
2587701892
641306305
3502214106
2480299039
3921112480
2830612269
2815336790
2605046635
629484668
1337069657
2539171986
1144424823
2655177496
2076264005
665220494
3510760003
2407818612
4069704945
126774346
3031720399
2574374800
869578845
1685115078
1884873755
1713552748
2262961289
603168514
1812284711
1455059720
3979242869
998150910
3471184115
3561231460
3849471777
561457338
663393151
2689498496
2878784909
339516470
1857083595
1095256668
1633801401
3001280882
2966531287
1721489144
1273110693
598985838
1785502627
3767222100
295376209
3294675242
1662251311
2278317936
2775637693
537461670
2469968251
820302668
1247045865
2800783330
1622589575
2269509352
3685703637
1677533662
1042322003
1814619716
1183854465
2884777370
2026601183
891977056
3751150573
2188183318
3248195115
3869726780
27052313
815829586
3163521079
1171772120
556346117
1238471502
2735535363
1588332852
1083479473
429032970
3303813263
3647461200
1895380253
935306886
1950629595
1006557484
3420321097
3191533762
2817977319
4080036552
295862837
1550327998
1627177907
3210979364
3635103713
1147712122
2658210367
3779292480
4182602317
2920800758
1818092427
572151324
2725965177
1808182066
1497891735
2481897144
1127114085
3434596910
1585118819
2774450964
882329105
3378232042
118824943
3845930800
3506813821
894220646
1641247803
2447953676
1670820265
1930084770
161335111
3497119400
480236693
3849818014
1355982099
661412356
4141584449
454205274
1532189087
2576436512
961876141
1861561558
3008360683
2082030588
34882009
2609787922
2765305591
3839400600
92917701
2065592590
1812903875
1276865780
1857758833
4059324362
40288079
3191969552
2351854045
3194502214
373184923
3105535212
3046546953
2862088834
2038649511
2432836232
2520733429
1541631614
318387827
4189780964
3359180961
3156737082
508186879
252452096
1816452877
3099387830
1187622475
4179370460
713082425
3543084274
3909687895
143484536
3352521253
3216869358
2267029795
3864659668
1008219857
227833002
1001983663
862969584
4111161405
2496278310
3084709627
3020720844
2985671273
639284066
394235399
3805898344
605620565
3093544286
2563471315
2278002116
1071362305
266389786
36567135
2930498784
3937721709
2603029142
1126374315
429584316
1910012569
31561170
2613161399
184885848
4121113733
2706181838
1460091523
59936948
3049682737
4067686794
3823373839
3485406928
3929304733
2519372294
3641128027
20336812
2496399049
2194330690
795507047
2951715400
2009394101
2410708030
3214829875
520753060
484149601
1517618682
3453374399
2707983552
2570914765
1105964406
817117451
3658329500
2050187001
4074598066
1591013655
876072504
110178021
3263497646
1864106979
792529556
3235768209
3536514666
3619667311
3660005040
3594630397
3158402278
2014652859
2601518732
3862004521
971007266
958141639
507297320
1322974741
310487838
1355483795
150634884
3931148737
1008513754
4095432479
3426364576
3900009005
4106401878
64292459
3001834364
833188697
1297790866
1762423
136145432
2117425477
1646095502
1320582467
4040258676
242649073
1020351306
2686721231
1436571280
2949327709
482781126
4284403483
4161907820
2050895753
2694014466
3630981159
2411254280
1928544373
227494398
27876339
2333139812
4283615777
2970603450
2480213631
3491282048
3572889741
392442678
484279243
2561603932
3528636345
2492559474
2037090263
1185805816
3962024869
1523467118
1630447267
3418869332
464017489
448735274
1911106607
19029616
4184396221
3916585638
1161569403
179520076
1896483817
3894138594
3711130503
2723927528
3114644181
3918616798
1938906451
3871683908
2130326145
294018202
2010871263
167525472
3881219821
696786454
1210429739
4224550716
3796315161
666474834
4036942647
3957420504
3959438853
592415310
4259086339
1066932276
831215793
2999741706
770108303
1470453328
3249711133
1878818182
2349148635
1097648172
917313609
498186178
1128859367
807258568
76174645
2873087934
869994163
1502574372
1482607329
297294202
386305343
2463935552
875537741
3336993014
3188035211
3368027420
866046073
1108030002
3079462551
800054712
626456677
3461955886
1746405731
3350876692
1698138385
2805015018
1626692335
2418097712
2738925181
438112358
2182209339
2260090380
2201965737
713885858
847602247
1324789160
1094264725
4082288286
3151917075
484944132
1184404289
3252536922
2486064287
1068633120
1545126829
2805416918
584391659
1744728828
3832653017
4206770962
1275957751
2249275800
1271128773
178481166
3476636355
3685121012
2546264433
4129638090
1139571279
2643334672
3299534045
1837896518
1102726299
1091019756
1524154633
3555051906
4274023847
1356759432
1766468085
4269942142
1895006579
1715849956
3502214049
2385421114
3190475775
2708757504
2343178765
2654109366
2263636299
3187724508
1591191865
1158329330
1475933527
2667414904
517930277
585498350
1318595619
4006909396
1984657873
4192263082
3148106159
786685424
3632876349
201426470
1364613627
1389951436
227630441
3136551522
668084487
3285009768
2186632277
2777019486
2758951635
1730272452
1240183809
1055059994
265548639
85695456
2071695469
2609916310
1721976491
725556924
1491656089
4029193426
2972125367
1718403416
1782597509
4258858446
3985425795
1891409844
2044934705
1755046026
1492437263
2937755088
494133661
3006621958
2738757467
446840748
931211721
1559206722
1502778471
1908078920
2649931445
1561735998
2477962291
1291050660
3509914721
4164070650
2952907455
1939852224
1881489101
2869445750
2857493515
2352045212
3569172985
2807035314
1500498967
72805688
92258789
506756270
2674855651
3436616084
3886295697
1418614122
1488320623
1160396208
1577232381
1021295590
2513015995
1926985100
3233818153
319859746
1809428423
1621073192
3652866325
904585758
1745671571
1093914756
1370723521
978704858
1905021471
2985880480
977214765
4099067734
2790273387
961514108
544003673
4055416466
2125152119
3702786328
3560270917
2729468814
1133971523
1788511092
3500559089
737163850
2747258831
3557479824
4040007261
2662891206
4082154011
2986122092
3714470537
311373058
1652521767
3530764552
1598296949
3703308542
920168179
1767486052
2189380897
3783554746
3544942975
1092549504
912337805
3139947062
452341451
118597724
3591346873
849016690
2058445527
2407273720
3321448101
1174714990
2774315427
2910870868
302095185
3103362858
3471468335
4206124400
3094135997
3933712806
4062941051
2860364108
227258089
1822629346
1834743431
1160623336
1680344533
2587987934
23996499
3873276996
3870307713
636912538
1536223
1577712480
1294166509
1597977878
882629675
1173337660
3686633241
2838405202
3545904695
4171698392
3596833029
1592361294
2081950467
4110427956
1422793649
568480778
453879439
337565008
595073821
1305826438
884085979
2866198316
491273033
243564226
3896975847
1925654728
704522293
1395887806
3039123891
3610723876
3445509601
2615410810
3469215807
28437312
4078819405
1548816374
2342074763
3261183004
1670296441
1890302258
981318039
808254648
218860389
3759585326
1797330019
2626806036
237227025
3907160298
1963038191
927087920
747086205
310994790
3376171579
2105519372
615774121
3245035426
1528364359
1362594984
4267604629
2286550430
727071507
1407121412
1369544257
864349530
3258273695
3775843104
686323373
1242913494
608585451
3302990332
3952805849
2152350226
2381573367
2315638936
2106193349
1480875790
30395843
4222454516
2132454513
3962711498
1973302607
924226832
1513314269
2655775302
706883483
1760596716
2280055817
714051714
2041153703
309780616
987823349
1446829182
693685363
1917622756
1519521441
957434426
154617599
1830329088
2065384717
3695449526
1861944395
299991004
1039830073
2873244402
3616854103
2519311480
1198952485
4062868974
3145479971
1707812052
3033185489
1711882922
1639679151
2727599344
3205709373
1926552870
1035715835
799107276
4143513705
3408478562
600884231
612181096
1159573333
1975790430
1619332563
1140337604
2605168385
1421940506
2124803679
3536280288
38683501
3801432214
1208971691
3923725756
1891975321
2697700306
1295541175
546332760
2523486853
1954610382
4286468227
711110324
2286681393
3969894282
707888143
3300005072
4190065821
769409030
1449200219
269102764
1845644489
7365186
1701228391
826431560
2393674165
999811646
1848835891
3596201380
2463797089
2328646650
2841200063
4212329152
1662611917
1220598646
4158361355
156306332
3860014329
3961420978
1354147607
825363512
2717537509
1107293102
556669411
2498504852
2662755729
1915599978
1809331055
2758360240
886020861
2300187366
845807547
3299009676
890947881
60617506
1984121543
515800104
2502272021
2557483294
3686441107
854138756
2355271617
996868314
3156823327
2331224736
3457470509
377415254
850877547
2830023036
1274820953
4101162386
1877449335
201762840
2915139397
1499421326
1608749891
3974074996
1763839473
1156260170
1871155919
78730384
651956573
1514558918
4230915355
2212727404
3764024713
3924227074
3124663847
250187784
3793806965
419739646
510915059
1595834724
2667040801
584392122
2515403903
3814800000
4292370061
1871143222
419092939
2087737180
2627239353
4244668018
1688419799
822490104
156686757
1431777646
3874929827
1974791252
614915665
252704298
706191919
1686264944
310163389
2467891366
1241971323
4464716
1339642345
2760271074
3241185671
1606128616
188111061
3859662558
2545349459
1550963524
2914138241
1497541274
3246353375
559135328
1090264301
2475838486
922617643
3037586748
503312921
620734290
348229943
1546170328
273835013
1822390350
3451885059
1860449844
3663519409
3604232970
1012949391
4275328080
3326709277
1095379846
508231643
1748805164
2947505737
11748802
1190214887
2871822280
2986212149
3292743102
2497422515
677057828
1739182305
1391175546
1974829887
499329600
1712851789
3730286326
2233001099
4278149916
1649055353
1739079730
2451215511
2238061496
709631589
1911566126
395714403
333803540
1599868689
4268748778
4080652527
3399433264
2631570557
2391916134
3880957243
1715805196
2012519081
2812647074
861444167
3342101416
2215628181
341652638
1329202707
3159508740
1207343425
3758625882
2506640031
1839696416
3485739437
3348066774
1738764779
2193412348
1200646873
2620541202
445007863
3770054552
3403417797
3556857358
3016906947
2620430836
1421635441
1142625482
1199304783
2061177872
2093468381
3232219462
2138446491
550863340
1824589577
513103746
2587796391
3318431624
990105589
3541275518
3962181491
231696612
2511376801
751825210
2943336959
1643698688
1788377101
3807489206
2935336779
3837669084
4159270713
1976943090
400337751
3725706104
1905926949
2643127534
2110538275
993899476
664141777
3255675306
3724459951
2122308592
3634966845
960771110
755838971
979752908
2653725545
3334113378
3145424647
4108911464
2624717397
2568905310
2097404115
239762116
1676655105
3246079514
4272154975
128915936
2938959469
3761657750
2540149931
1165720764
3916276633
2211097298
536198839
695205720
2854120837
1967453134
1021041539
545570228
285261873
4001345162
127549199
8754128
2937505693
1981748998
2725246299
3513654700
1750036425
3712821570
48679527
3733305160
2045928629
2603983166
4280240691
2872802468
2446070369
2185362170
1776074943
667044288
2719589581
2333438582
3377543691
1097644700
3728017401
826868658
4104749591
2865310520
201385957
2649189038
2757305571
2004727700
370454673
2611553130
3240521327
3890494384
2326302205
284191206
4260784827
2154189708
1933667369
2072328738
140043719
1218009896
2971465493
2853261342
1540647827
3457838724
3395132097
2942052314
2213693471
1193961888
3556148013
3410427222
1493862251
4043958396
3830946905
3314076818
2211444087
2249541400
987337285
4129968526
1402740291
1738580340
132763889
4156688458
3011202511
3616789392
2180416605
3211799750
3388510235
1573288300
3004864649
2526722818
2410262823
891023112
730446197
845770494
1752906995
1549750372
2226934561
3842098362
2344386431
2799663488
1633390989
2760046646
3337323723
3905619548
1441620153
1673659762
3879803095
457986808
3862981797
4173703278
3590113187
342195028
2207785297
2365742378
863034671
780950384
932752061
1398169510
4241384827
4228288332
1743975657
4291144674
2293312647
3792007912
3738217429
1022754270
3865820755
931275332
67124097
459985306
1813210847
1138325856
4074819565
914449174
4283183659
958927932
3641595161
187477586
1691675703
107368152
3385685765
3161550670
2731745539
2638497076
4063732145
1101144586
1105140879
130405200
3659989277
3126526598
4174375643
1772000556
501383497
1681788098
256333799
3377325768
3431583285
1852767422
2197680051
1023075364
1463899105
2798603898
3150904895
3608176960
3172875853
3170516470
1518636939
1855525404
1607629177
2533410610
1852010391
526072504
2904076645
4091913774
494348899
498401044
2296402449
1473861354
2342390767
976763696
607750013
4264957286
2354389051
822512396
2902539689
1295768994
1799631687
2699905704
38609045
126643102
3616133395
1178703364
1503108161
929512282
3183953311
3581692192
2158746797
2409990358
2632752363
2442526716
676449753
3195424786
2714018551
2049119896
1673141189
3990506766
2504057795
2905581812
1219113585
1843395530
1770367823
1490785040
1550335453
1151309894
4055238043
1488351468
963062281
536288898
276807335
1524342408
2578621173
3842394750
1768383091
684603364
2988119201
3647641658
1624521983
1880430848
2317462285
574309302
4141636171
647421404
3164885561
348473586
3369109079
1723196024
3444160037
2500289518
1166560547
1596736212
4272767697
2112753834
3765303983
2997345008
1430987837
3478096678
3477773051
1663452876
858539625
497536866
2664561159
621863528
3092403541
2140445022
2850989011
3055077828
3554917633
4111557914
1070457951
2480068832
2987895149
74673814
78366635
773041084
4074899097
153465298
3646888375
1896586840
3579805829
1881467598
1436903043
1126354100
1140949809
3728446858
2704210447
1385501392
1836726941
4227722758
929751131
1322126508
1449693897
1669722178
3792889191
1770329672
2412001205
3958331454
4135032115
3147385764
4262040929
1318298106
2710322111
3920464064
1562761165
3792046454
3467830539
612657564
3978488569
3872361138
4115160343
1629243960
1939045093
2716524974
3639619555
1686849172
2109666193
1090554474
144746863
4288363184
2408415485
1147322598
2825835963
2519057036
2872315689
3939074338
3524952263
3459267112
1570785813
3670968094
2556049043
46644612
1000644033
103370458
2028421919
3600623776
2078553645
2192249942
3377050219
39917436
427753305
3573207954
1784959095
987751960
2877138245
3910224014
3468732739
3403526260
3707606001
3027562314
530254031
1018319504
840759133
1043727302
212761371
799369324
2242296713
2292875778
2462108711
889867784
1803455605
2565481982
3303966707
1360797540
1674368545
2550819770
1689713279
2073671808
2330641549
3390738230
3569889227
1008842076
839795641
3604974706
2995450839
1045328376
2360737701
2689605486
577688227
2039614036
1591043153
2731590698
2599819311
1221745264
1472241085
2603595430
3129069691
2378497612
2245564393
3999331042
1943914375
3154858472
251068117
251278558
2643233107
1745776964
429538945
3698260122
2949865951
3046848608
2463204077
3087825430
1032215851
3258860348
1021884441
3417683282
1939097399
3881823704
852789765
3193923150
2874321923
1881166900
3428738225
3528198410
3683243919
519262800
2400220189
688380294
1950406107
2667349036
2548147273
2837763010
4048122599
3173729736
2845942069
3249976254
797719219
85373732
3424966369
126809466
1360296255
496609344
674263373
1748554998
3151772299
19841308
2351324281
1857375794
2136492695
3993786808
3312534629
3589741870
751056227
2852163092
3132134673
1696513514
3996010223
1980578352
4070865533
3514199142
1749257019
3452172812
4091142313
573449378
3000749639
3462539688
2836820885
3520570014
1950718995
3786204420
3062144833
2845991514
3948036255
143460384
1805619117
307732438
1948370923
3781897980
3185520857
1461081874
3551460855
1179366808
2015637189
365904910
1444638403
514504692
2330195313
3649102538
2344314447
3239580176
689221853
2587062086
820113563
9658348
500780297
2662655362
2355943847
3249012104
2263709173
4229235070
1360047475
3007907556
3755055009
2933997370
3445929983
2272090112
162979341
169925302
4138665291
3345714396
3156948281
4161851378
2591056215
538313080
2323990821
1218435822
3266336803
3247886804
1779467729
162166698
420033967
789305840
1694046013
2767643174
3564373499
2581771724
3858229609
1072764514
2111083783
2767503720
3367938133
2569457758
2537909971
727914692
455327745
1602456602
4062437215
1731368928
990796909
3209463190
1071379115
2477251260
3173149081
2698819794
695497911
3882040664
1210880901
3575701966
4191875459
2185026484
1364084273
735280266
2800727311
2866844112
1693035933
796443910
3310472027
2016017324
1749923273
52082498
3001745511
3259004232
2230965
2646937406
71032883
4151515812
127080545
1606502650
6796991
819251136
3292400333
3180503158
3087044619
2727876764
1121766905
2092044722
43202583
1143695672
145886693
3188349102
1861434083
1276433812
95762065
3526619498
4064732271
3683531184
1937667069
2473662438
3788718267
4125176204
217231913
3244935202
2206735303
2676169000
3400506645
2594684446
1095500179
3237022852
272081089
2949805530
1258831391
692840352
4124961069
2896898902
863296875
3434366588
460481113
2462636690
3550784375
442926360
799914053
2719235982
2169582659
110542708
408770289
3942897226
1676067791
604819856
1733257821
1184357062
1951426075
3917502316
2281627273
806766850
1938024231
4273253640
3523174261
3162955006
3821916915
760540772
1814649121
2884571834
3504174463
1368389504
2894460813
1347298870
4069579467
1718903900
1627072185
3327726450
1988153047
2316079352
750228133
3153499758
2085412259
2503645524
3864962897
3229297450
279401263
2740214128
2733936829
3668250022
857815931
2776591692
3649714921
3763878370
850813575
3721212136
3416871381
3424283614
1830376531
3726032964
511721857
206512026
1019174111
1721300832
1355691501
2285080854
2712438827
1079013948
2039421721
3600464978
4043285047
4011166936
2070387973
3798555982
2537436931
3614991156
2563844017
4174508042
3110113935
878498128
352708381
4249923718
1084080347
4166415148
1303168841
1063754434
2633469415
1992598728
2034594869
773483198
1250330035
1890484772
4132723169
3844775034
3850761279
3781093184
3612255309
1343450102
1495262603
2797629468
390479737
1590023474
1962485143
3782834360
2740311909
2284098606
4118626403
2831686932
617404433
2520786154
3404366319
1847474480
941321597
2018689894
723383867
746416396
2088666025
2524736418
3122620743
1066600616
2825635477
3812546974
3580716819
2123641860
2394792513
2797177178
3456711583
4141467424
3231662765
3215308502
2638410475
1648123388
943231961
3591527954
1615157495
892359832
941244869
3152034574
2791438787
3768698612
1265219697
4143827402
1578967375
2744160528
315433949
828589638
3975797659
141315820
1243049993
181316738
3188061351
3929037960
850675957
2285877374
1394997363
2638206436
1322523297
489940538
2770416383
2550241024
425201933
178418102
1584246859
3074178012
645797945
2411222770
1018969175
4197589112
3645692965
676614638
2772722467
1383948500
2579482833
3577929386
936407215
3819690224
934480445
708458790
3968430331
3466273996
3868167273
2643877218
142815239
1687461992
4256627541
1440024414
4110957011
1579771844
1773126401
1892791066
3315980895
1909348064
2047938413
2160172182
4177010091
1714948540
2016332953
3136274386
3224752055
2088164440
847619717
339269838
3648814211
3453151924
1759971633
1195860874
3369889807
4184346832
3311739037
2156895238
4230264411
1031924396
3456030921
738950722
628038503
3635926088
4211858869
548849214
3630967603
1321789860
3731397473
634056698
913256895
3979871936
123878861
2377856886
893008651
2879899548
258126073
1659934898
3431600919
1140230200
4217151717
1648742318
375539171
505046164
3723983249
3208861802
773398383
1807562928
1719363325
1847291622
1512287163
2409144460
3363657001
1868959522
3433150151
2895247400
675999765
1503458590
111791251
4170603396
2014749633
475503834
2857711903
792110752
1910742061
3108454998
1200359531
1073968508
439469401
1861411218
1871775351
346629144
4150905669
2436052622
458080067
181128820
3926465009
191806794
811499215
2107854992
1368251741
1217769926
2967359771
2069317228
3928162697
4242411522
3790799399
2182810632
2399941237
222270462
1964580339
3775511908
3453082657
2427435450
2150625407
415381120
4130155149
2803744054
3494217163
1472402268
313788857
2720963186
3810699735
4001804280
4131726757
3149466990
2476140707
1465854036
1244916305
1442943530
1149537839
772954224
1228178365
2176214182
380413563
859167820
2466766313
1168867554
1966800263
927666152
1156031701
3830883038
85073747
2308640580
1118979201
453723802
3268892639
1188214368
1557588205
385263638
3686708011
2740887868
3204546073
2614870866
2367094071
226962392
3548819461
2559530062
378913283
3276567092
2274355889
624154378
2338540943
939675728
2617727517
2805303174
233221083
1705796140
1866721865
2533777858
3260131559
3860464584
1802848053
597303742
2213335219
1875005732
97508577
2946646906
690188095
308291136
4202223437
3834249974
3796865163
1330519836
825369209
3610401842
4282777751
3919747000
1992714853
2054032174
664947555
168537108
4147452689
1530760170
3520249071
309016624
614359165
1657477734
2229559611
1026742284
1995384489
438743714
823067719
3833587624
810359189
2881622174
2868982291
217547524
306357569
2662117466
367802015
2422375968
2947216813
126864854
3360693739
67734780
3344824025
2875876626
4152865783
919663512
3550237893
1343042062
907314371
3809793524
3124460401
911651018
2427116623
4031057936
1234278109
2049908038
3590178459
1614888428
3995177737
3561255810
1430982567
3295984520
3439795189
4186337150
531055475
3602031844
790797729
2489486650
2550771199
2446448128
3909436429
2478835894
3726138187
3859344092
731708217
1270603250
1605637975
3842654072
3919605541
2753874158
2638507555
31453140
3183152081
1354188202
3972246447
3230128112
4252564797
3474559014
3347766267
4048524236
1693658985
2794955874
4007512839
1408270184
2268810837
631193182
1932985555
1047246532
4018652673
2566642202
1783879007
2745570784
2669658733
3100816278
3758114987
2512664764
1409757081
3344877266
1302538935
541490008
3295328645
2641153998
2760509315
367327668
3133918257
2694269578
3069520655
774606800
3203175325
1598190342
2346951003
2396379564
3078355913
1314407746
3919525479
2632659784
2961289397
3838082366
587757107
2979707044
2995396193
280008442
4087524543
248989120
1452437709
3263155830
4133479947
800290460
2192872441
160112562
53276183
1350412088
2073244645
4271720110
2134724835
3399218068
914734225
2016329578
1813469807
2686990256
2558810621
1147258342
3244299963
1397493644
231995433
1690195490
1567052231
3848066856
2792506133
2276338718
2557712275
2578950788
2738988737
3149448154
1187918879
3629999520
536170285
410999126
3046060907
1280222332
1170024537
3648579730
3995689335
430424856
850517573
644754830
1287014979
3346849140
2181094641
2243273802
889338319
964022160
551047261
3023014086
1918385179
3576313196
3692242057
1593956098
2383289639
2940037896
3534030197
4212411134
684746995
1547340900
3100008225
3058458810
581856127
3241178496
2548063629
1049187382
501625035
901724
2000219321
3663733106
2825946327
1539100408
425638053
261588078
407696291
2952771412
3126144337
3546544426
3868051759
3641464688
2055239357
6536102
354685307
652757836
3796992233
2388314082
3949697159
3095719656
2863790037
3350125022
360114771
1520131652
3056617345
2023976346
4061876959
1179153760
3874200557
3562389270
2612846123
3681079356
1027596569
2339949138
4158281783
850709208
1798423301
1355893582
3646508291
597459252
3365580209
3346120202
26347663
434360144
1410649373
2528534150
2350618331
3606991148
749145417
536946882
290964455
4213924552
2956007989
305518782
2344557491
4065468452
714563553
3606440570
3421301311
2694669632
3249474125
2510068214
124468107
3940011548
166331769
1207624498
3460225943
4136089272
1875049829
483623470
1932744291
3184212756
1642683921
605483754
3001481199
1391736624
3895284605
14643558
630639675
4024715020
321636777
489486754
3349847879
2905130664
1891265685
2606843806
2768305427
2094453252
1897113665
24893274
1929064863
3307685152
1757587629
1511384278
2773043435
3067263996
2605668825
1193176082
1232473847
992842392
2057988037
1112942862
3040022467
369353972
123289201
126588874
3546584911
2536869648
4251060701
3835098182
2616045979
4161940716
972535305
1796618882
37497511
1081416328
2246438645
3219727998
1721011827
1335981028
2965184673
2221749306
1444817151
1692275968
2831054605
360292278
632227403
1137809884
4219985465
2619041010
3008885335
3500039800
3951034917
739327982
1521514787
3216932564
100814545
3959925930
3890407087
3047151344
3863670845
60090150
360204027
4060086988
2434978409
3405048674
3773064711
1661492840
2504761685
2022012254
3251752915
3156870596
3702245633
1208090906
2418921567
3971601632
3661264237
3615476374
2767483819
306997180
2158727833
908709330
2176615863
3268549208
769379461
3770468046
184783491
1249052852
1996263217
2814587274
557442575
959123152
2172651165
999377414
613321819
1545980076
1422204617
3657501762
2944094567
4275737160
1350796213
1508783166
2484126003
266897316
3019350369
2423406074
3892455359
2243069120
3788415949
3420480886
2876346635
515581340
3436345081
3766593202
1450952983
1505805880
3109406437
51428782
1501846499
1100579476
1063255953
1828071018
1547801967
1758410416
966348029
2252610790
3347612091
821788300
217488169
292724002
3856198855
971224616
1965397525
2497405726
2796118675
2488596868
3250104769
4260752090
3497209631
348136608
806552109
978546774
763256427
3784692604
3457452889
1113255826
4285381751
425878040
293990725
3519358094
3314210115
749333620
272932849
3386411850
567407823
1199853200
86950749
4184170438
1757292315
3875087468
2379171721
3330383362
668284967
1981532680
3435780213
4127523326
2935206899
2397526884
1560732193
2361722810
1750656639
987411584
3248459917
2257644342
2339560395
1330934108
3196702649
3740117106
1986682839
3249466872
3322170277
663878510
3127836323
2400994900
1724018769
2829213738
2797798447
2487375472
1725458877
3333231270
3733421179
1888926284
4150731753
711331554
1162359687
1367002600
755518165
3861057758
1313322323
1092070724
2834975361
2501350554
2055949791
1425683552
520900333
810604054
2443643179
3631152956
608846873
359780690
3779703607
1319004632
1919473157
2066694734
2408110083
3899166772
2347856049
1334551818
3421291407
3389083216
1831747613
1003697542
1799127515
1011630124
3050713161
1247276994
973725415
2784543176
2004413749
1777176510
301819571
3898470180
2494227169
3408236922
2111989055
2081858624
1559313741
3544920310
2020796043
1767734556
3513641081
555706930
2447619735
4163425720
3192623205
3746887982
2284872035
3020343828
2498339089
1624005098
505885423
532231728
2999469693
3264202854
3174381371
881964556
2167696553
261046434
770849351
2307761576
2578694037
572292766
1936508947
3190956292
3677399873
1059520090
2503355551
2233992224
468081581
657980374
3828249579
1788340988
3826040025
422474514
101738999
843461016
1564768965
45817870
3552418499
1768879092
1656947057
3667689162
3595194959
2288127504
1581153501
3768240966
4006190235
3219069932
1570363657
1061421442
1960396199
1311865224
2370879989
1265098110
3622689139
4161553124
61055905
1565776698
2405344255
19289088
2290330125
4291770038
3845239115
3231074524
3326001465
4040616946
3886533975
2901310840
250320165
806991598
2374534179
2082016724
2727711185
389288874
3643679151
3002324464
573104957
934034982
2253500923
3232526796
2602464617
2058236514
2392260871
2178694504
1474819157
3196562526
2430114515
3345241284
1629211649
3991152666
3878931295
1024037856
1533093997
1288233366
4157906603
3419444924
773584281
2001786066
209838263
1410971992
2665013125
1311292878
3169394051
1534924724
3447280177
3435862154
3081412879
174493136
1025472925
2239504646
1982166875
2507257772
3587850697
1057346370
654535783
4001755464
185685685
4029934398
3682929715
1504859812
313599073
353363194
3280839359
1103741888
3642152653
433912950
74398731
1757336732
498883065
1473523122
1987486743
1337976120
3835976165
3751818414
1429694179
1930629524
679887505
228167018
2929184879
3048355248
2042249213
2747429862
480046267
413592972
4125441577
3850560546
368478151
2586219816
3294947605
4045707806
3779800467
3631106180
58436801
1393496538
4148439583
3562988448
3527193901
2395178838
1599703403
4023976572
3812093529
429454994
1398675319
64553240
3286631493
54008718
902520899
710081396
3302253297
1205301834
2798497743
2546912656
781268573
2285319878
1141903899
2697204588
794258057
2740806914
1598575399
3333826824
2910497653
1846655230
3078815475
1762667108
3935528225
2216275642
19882367
1975579520
2741683085
4013195830
3370878667
899096668
413577913
534196082
4245699287
274533624
741727909
1940419182
704448931
3837056340
2138813265
1169999658
891567919
1337218416
1044143293
1150445990
584509307
4270412
38323945
2311935458
852545159
4063014120
4226457045
2947762142
1602519123
756022340
1259359617
3764894618
203901151
1659368288
892928493
2598890774
1836921899
2322673212
2753603353
2848381010
4184149559
1363413208
422308101
2276014414
3911475971
28352308
26489777
763464714
2591260303
945474896
391361309
109841542
1531538651
2241212204
986796873
2248849090
3966237159
3598852296
4048338997
2596357822
3332878771
1105575460
1946838497
4231084154
4010008639
2496389952
4232015949
227919862
3848704395
3135187996
3082668921
3533697330
4197749143
3733320888
2455774053
837972014
379153507
3703462164
3224757265
2170405098
3281219055
1757033776
3027188093
400301926
4223640123
4214957324
4043902889
1632470946
333829447
1773044904
3677950613
2951984542
3326382867
3238621188
2157555265
3350078810
748496799
3227829024
4178972333
3740668630
889167595
257497596
3516276697
2442820114
3713451255
203083928
2875887045
20715278
1102325187
3444966132
4235773041
529098186
1230769487
3016396048
2619797469
3728384582
2123466651
2812807916
2299001865
3234711682
1562534055
3718895752
323458293
201495678
598942835
3220378084
1473652385
2400617018
4090175231
1454019328
3092569357
3267415478
3433061451
1280767964
3150029881
3119411954
2896406615
1778031736
2212702245
540945902
3855388451
653237460
3279213777
1111259818
1889885359
2827212016
3776108093
3680474406
3390512379
1297408204
3001423977
633567586
2817891335
2691439720
4279256917
1738924894
2420860371
1343923140
2899824385
4204941082
526763615
2224378592
1385421677
2293102742
2292238763
2991637948
2354600089
4208188370
2649963447
3290257496
1197601413
1437643982
1782229123
956507828
3997308209
2142175114
709319695
2447248592
566946973
2902652934
816341595
716809900
1790665929
3982924354
3639143
1542279240
271264181
395682366
2841990963
2130191780
4273383265
243895290
910499263
857539264
1818954189
477467510
2975393547
4257121180
2775727353
3749885106
320700183
578487352
763292901
72068014
576090595
1325965460
569935249
3390633066
320473967
1993422000
2296853245
215796454
1889359803
4199439500
4171227433
1357851426
2646614727
4129649704
3291495445
210358558
4166580371
1443075972
2559225793
721696986
1799431455
121217696
913467437
2244976214
4213224555
1729638780
3039252825
3476225426
2583327351
3372982296
2043811653
717689486
1299704643
2960657012
3484427761
1873959242
1945463503
441797776
3439307101
3500477894
3025009947
4069196396
4037774729
1704274946
3831983655
2433517576
2763488885
3543822334
4068362739
3669293412
2439768097
206198202
2637290623
1642279552
1833039501
3899922742
2253402571
2731921244
3046086073
219985522
3965851095
935799800
2079551909
1675290990
385291427
2697552980
880866897
447950378
1102150191
4217525360
816598973
3927163046
2450674299
3320289356
855009769
479239394
1678076295
2325384168
1197011157
2489286366
4180495187
243551044
3430043777
3398689434
1458521055
1611772512
1500624109
2216363030
3745472299
3782171964
3972205081
3094863698
4029442359
715499480
2407201797
3862900814
2519461379
1601482292
1501755057
3511907082
489044367
1425034320
2189764125
1726014342
205674459
2732334636
3952637513
1125744066
3631355111
2093449160
1303155509
347143614
1505623219
4008283428
4172671201
3659063162
3478215487
3669828160
3482952525
3028049654
4266015883
3478969116
3973688953
3430709298
3073469591
2577339320
469808741
2225858350
3463346019
670165012
332277521
4123731946
1395370223
502740016
488778877
1891923558
2436238651
870355980
2460594857
2187841186
696610887
1032545192
1699374485
3035032734
1300782611
1969012484
2437853505
185683034
3912245919
1725792800
810664365
4048562646
1203554795
2501265660
2481685209
543326482
2135498743
3098242968
2501681349
2916683278
2937499843
834212340
75138929
1179798730
3701065807
158272528
3877331677
1299609926
4215632539
2674719212
3963756297
1605603202
1796701095
3739105160
1204447221
1907968894
4192497523
2538987748
3713313185
2310351162
862165503
1433063936
1748111373
3461244086
2348484427
3608389340
202409785
1734474226
2991293271
4156734328
2053552933
1820239086
326933027
2957126612
2560628689
3709919658
1581815727
2253378544
1393084733
1588522022
2429061115
2281263052
142195561
1010090082
3707778823
2931293032
3133446741
3823114846
1881813203
1179448004
4024422913
3728504346
3905143135
3009221088
4023553645
4214165398
123270315
3050108092
3412114329
817029842
3859846839
48035672
1467417989
1733602254
3271046019
3540334004
156686385
812574346
688920335
3213986768
1602379677
572903174
68635995
201168300
1130923977
1428382018
3944194663
923840328
2412838069
1075009854
2914099763
1874457764
2819107425
3974050554
4029192383
1236025792
3419094221
1135225462
1647219211
3451531932
2482249721
3884792754
3698350615
3253871416
3286597605
3776127662
1893825763
3313119124
1538705553
309615466
969426543
2620142512
2535466493
831726054
1938408123
3320957836
1160152105
3283579426
758496711
1038111528
2760347413
1460340766
2614281107
4246005380
2967843521
4124401626
3697942559
2639290784
2360613677
2406987094
2966675307
928211068
1944237145
3542680722
2202193271
1492795160
1665804869
3094481294
3163584067
2937657716
1624762609
2976464970
961095119
3206007696
276438109
1118758086
1769465883
3427660140
30126217
2099835650
1731365159
3307136776
3800060277
2508138238
266704115
3554003044
2173725473
2505505978
3965736831
4014043520
1327835533
3796873270
1939922123
2266005084
3309598905
381566322
4099928279
669862648
3845981349
1747542126
828186531
3009016660
3050453329
2542114090
2087367983
2269926256
1848132285
657528742
3694771579
2978613068
3111128297
1387258850
2296775815
180644584
1062421461
69711326
3410105939
3581188676
1562399617
3281783194
182664927
1014460768
3149293549
1542069014
2532149803
3446246460
774991129
2978276946
1973404727
3401795288
89526021
116467534
1184856323
4055153972
3283990961
2868992522
67433615
264358736
3737295133
3436296838
774324955
2216561964
4163606857
4051977410
2921869287
2294865608
3164104245
1203549374
2067810227
3748224036
1387097057
3571222138
3469399615
1038770496
117429837
939455990
1930553227
2530642460
2697040249
2125791026
2027571095
427045560
2335000933
1199660590
1605337699
2241951508
3216140817
773099242
2096096239
795882288
484515709
1028181350
764966971
3464626956
2518046121
3806205346
517016391
4112794280
1743239317
2700485534
