1523165023
1296941024
2757715053
697953686
2772056747
1377927868
1245704601
3616317650
2933079223
4175652184
597597061
823871950
2466396547
4159407028
1243401777
1619027082
3760684303
1415952848
4137465245
2998938886
190976859
2343412652
1122844105
4117012290
454805607
74095944
271979189
838432574
2488608819
1668006564
4263747681
3276288250
1991343807
541323200
517149389
2152990838
3544373259
1973797020
3548272121
2031483314
1242955799
2306838840
4259845605
2163785902
2055111395
1758952852
1921498769
2199181674
841133167
862413232
1467317245
1546420198
3871836347
2465782156
3692444201
3060248610
3336364999
1518420264
1971823893
584066590
1825130899
3908940932
2345412801
1821203930
16123423
2886668192
1136062765
3789591382
1453008235
3730173564
3516394073
249610898
1330344823
1569631512
2158477381
636921742
2436922435
879585140
1530126065
303611466
1550224335
876214672
529166941
4006036166
170438171
3123445612
3987105417
1640509698
2214375207
2089211144
3650840437
312689918
3165592307
4218787428
1321328929
1004403386
4168039807
4054261632
4020436877
301436470
1872437963
3769240668
1587850937
2082798450
2555090647
2500376824
460692133
1523383918
580920739
1042628948
1631137617
1472467754
1942690607
1976926576
2977142973
4232607142
735937403
1405031756
2008400617
2294161890
39004807
1752389864
4060699093
3391804382
90086483
1011574852
1243400577
3916564378
133506271
2919505760
2335129069
4031838486
3399143467
1293556284
3770458905
2149229650
720267831
2347087064
1240048901
4130587982
1710587651
1702300468
2913972145
4199471114
958945935
3543267664
4224249629
845682822
1849559259
774511404
3327938377
2558624450
498619879
1480510664
2154396725
2921255614
3023031731
1224157732
1291117025
2306966650
2254421055
1511919424
183741517
2024068086
2146577803
1881020444
167233401
3053042994
957083031
3659374776
2476466021
1793260590
2123925603
2245707028
900685841
4226878698
425085423
3813105968
2032301437
1524509542
1604468283
2481262860
1907493801
3662304162
3724816711
3252760744
1381224085
3208069534
578465555
3136347140
4066519617
2353295706
1988559775
720170784
4018686637
3265994454
335100651
305006076
3631094745
2499429906
545005815
1403550872
2351188421
3348275982
2078360003
1992847092
3125821553
3135418826
757918031
4178426128
806890461
1533193798
4200735643
1265104620
1573845001
1934660738
1997454503
1465025672
1096831221
2586583166
2509717619
665877988
2709299873
3186806330
2269313791
292077312
1166350605
35379638
1997011019
2009195484
2520227897
1884569330
1796670551
142493816
3541754917
3069884910
1495771939
196610260
3366605009
4049323690
964966575
595394800
3007451709
900571430
2765469947
2536164556
3133871209
1691108706
1219491847
109758568
858194773
2008379230
1054704083
548278212
2371635969
1187289882
325821023
3129573088
2776766317
2259616918
91645355
1632743868
3647755417
2000660434
3467941815
1150747736
337096325
2144551118
4257465475
337744564
3117781297
3046394762
2939435023
764229840
557328541
125240326
827653723
900043436
79585481
2348115522
3737117543
4186045512
423617973
747318846
1000698675
862032292
3038323553
2867976186
567867839
2403806912
873940429
3155992438
2275181323
190148508
2216966393
3035922610
757914391
2414522424
112371941
81016750
1024298467
1534921876
3001680273
2042904682
2870273903
2654363824
613576445
175560422
3728208827
1632651404
62971177
2718168866
4044783303
2519736360
4047697941
694508830
2504463507
3913483140
3821743041
3400697050
1700987167
3029978784
2715591725
706521686
835866731
776281468
3296152921
279628178
2488782455
2926660632
1854133061
3300236942
3596420931
2839705204
2768216561
203662666
4127082191
3094378640
4092126557
2489653702
1440127259
3500338796
3421145481
1009776642
1670105639
2123183112
3301456501
2063334398
1092249075
3351930212
2961859617
3795755450
1021425791
192503424
728380045
1952916790
2758790603
4271422300
343773625
1301971570
1041068503
2686638072
455290277
3660543342
1963602083
3236548692
1294889553
2531949098
80238127
2066972784
1372818365
385469606
2928209531
3054863436
3176359401
3417401570
1173865863
2425436136
2842143957
3389459166
544696147
1349498692
2121190529
2311990938
3006078943
819846752
2572677357
1521750038
3956079403
751323452
978257433
184265554
2418394423
2700563416
3894982661
4227447886
2959936003
1642797620
881750705
2689646346
4165670287
2708961360
2364170781
535621510
1789326299
3223325228
2215866953
2646624706
3560075495
3862178760
3233369909
1530825150
11933875
11204900
2089837793
3046714234
2132621119
2109689408
1077796685
3099290358
2151798923
3846948636
1208199801
3288745010
477677719
686211000
3173806693
2093773614
199070563
1203655700
2956436241
177107946
2640217327
2721341488
2143643773
1492550246
2022222139
423264268
407023273
3683949218
1981008967
3580759976
945103253
257587358
2603514387
1374956292
2785488193
3050805338
59375263
118861344
11795885
2251634134
1176921579
3499832572
2612231897
3488763154
2698935287
3957922712
2378587333
1264556558
4138978499
702250484
3779199857
333158602
1826268239
2959226896
2432474845
2278458694
847646363
1742530028
3187219209
2321963906
3212040103
4030129032
1238574069
1662179198
2503510899
3116584164
3253413281
918648122
1330345471
2648243712
1196575757
3604574390
2379391819
321819356
3749086009
1643628018
120512343
3656804216
1502508837
4067111150
3427251747
3149567956
3032847313
1450192298
2341958575
3136880624
3005744445
2385311782
