2864986947
2771917428
1406203377
2285693258
4166957775
2576243856
2403694941
3473972678
2334412059
256709228
1223056777
2675031042
3321544231
2271713288
4290203253
2937585662
1948162547
532220260
1090566177
2444813754
2167352447
3013624448
2017183373
1342417206
200966603
408674140
2814272953
1348290162
537486807
1361460216
908542373
3445389678
569074851
1460761684
3163145809
3590700586
3124939311
3500369008
2170167229
2479313062
3415253627
3576801356
202979817
1379216610
3200301447
2549980136
4257267925
2223312606
846568275
2534431556
435101825
3301601946
3642004447
2849423968
752059629
2297598998
294760235
192769340
970578457
159412050
2264643895
1024243672
521587717
2517155918
3804773891
1531231796
2574501553
1399718666
1574930831
1144609872
1436218909
534541190
3160975323
2829987372
2040743497
411438530
5596391
3845296072
3548144437
4246638014
3735964851
1056808228
2551888097
1830252410
3281955647
3767153216
1600353101
3130781430
4047539339
2985487132
3369631353
3477932082
86555799
3910017976
4110714469
1589475118
4038248291
3981047828
3215390481
1655551978
806156527
3947381808
1721760893
2634548838
3422838075
876258316
161252009
2610716322
1922089031
1157526440
780285333
2040298654
2988486163
284741380
916160833
1524096090
598045343
3971125792
1887670701
1555544534
257890795
875845884
852644569
2029719826
3630723063
2300739480
730362053
2519899662
990052547
1150886388
3493549937
3254574282
698554447
2026380304
2600547037
1359087942
3569074843
2655980012
2149379849
1622155138
692767655
3378071432
3362404341
4139178878
3525623667
41545956
1015642529
3125000506
2281761279
524804608
1288429581
50197686
1011177291
918140636
2715768633
3116534258
1788007255
2369899384
1111132965
1193293038
2635131427
2494184404
944302033
2341695914
4017743791
1538319344
1700174141
2642574374
484890619
2304991180
3980168041
3371782242
1683719943
3225095016
1724672597
220572254
1343389907
83428036
3170673153
328402458
730403167
2235703776
1825857133
1562812310
3024831659
3657106620
2350353305
551252690
1367336631
2707687256
3300054405
406731726
3727983491
217400756
820488241
900298378
3530123023
3204094928
3292016541
4284166
1457364315
334472620
2903726025
296743234
2409296487
3013328712
3678457013
4053854526
692187699
99484836
2534210145
1258144506
4111853759
3885584832
3577023693
921287286
533258763
3127919260
3012751353
427674546
1325902359
2910925624
1250512869
1279570606
2982530275
3639754644
3207567505
2457267050
3477706351
2308785072
1111356925
318157286
2700612283
3630947212
1740198953
1410073122
1122045383
1769169704
56581909
1960876062
1191908243
4006672004
1976730305
2696671194
2004840479
3410325920
377875245
2013218134
2467704683
4036063356
644449369
3940652178
1359093111
3583069976
2002123333
3253442958
3072116291
538519924
3023616241
3493056586
2398254543
1586551696
4127190109
2337961158
2240690203
3981443436
289833097
2235925250
1107679527
3820615432
3368034677
60602110
2126898419
2769934436
3496295201
2969930938
4053641087
1899921792
1298069901
606027830
2391485643
282496604
1051936953
3091123570
1900495063
2039241464
4205892773
4092260462
2039574435
98698068
2904230225
2031625514
1715209519
2630706032
2182484669
992257958
4210560379
3843299148
3922910441
1989440482
2095142023
1617394408
553325525
2794276318
2445960787
172010052
3923583873
1947376026
1313378015
3598483808
576206829
1526835990
4269791787
733453372
2726837529
2160948818
4121891895
896161496
2419187461
4177180494
1887160579
2848247092
317622705
1935403530
1442727055
1598741328
353921309
269306502
1670222555
3459259692
2104912201
3576747202
256606183
1500769992
229127733
40518846
762353587
4223495204
3511827425
1041962618
609756735
3019338048
3389630029
1482589686
994850699
3450640924
1140875641
533040946
1343330199
3777184440
4285602149
2211638830
4281586275
658081556
449526289
20389610
185676783
2097234736
1772023677
332160358
2376517691
857477900
2756257193
710059426
1092377415
2228703912
2623506581
1475064734
3943725331
1393040900
1641841729
3210150746
3064229279
2124894496
84624557
1944965334
155731179
4281174012
1630778841
1281300498
507955959
2427395736
470188997
3811284238
1964084163
2511876340
3318291057
3236021194
3729576783
2296945424
3326191069
1813635142
3013324187
441448684
2187530761
3677480578
2251024039
3565790856
3870886645
2211025534
1342311027
3851993060
1116994721
67002426
4093994239
1736712448
536154893
560434102
2563506763
1152542172
2218408505
2580680946
707178071
2483415672
3314163237
29141998
225244451
146328276
3774884561
2895370410
3565757103
3522749168
4254633021
1521341222
2076459771
105107148
2279353961
688297826
2119311879
1988291176
307019093
4273725790
3449637843
2229752260
3868239105
1950952730
2001931359
1535500512
4083093869
4035163798
2251255723
2662544316
2200694425
2002155986
1770602935
1998562904
3885230213
1715352270
4020113027
2410894516
92826417
444947850
2661163535
1663703760
1849402013
1027618310
4168648795
4117730476
1892448969
822655042
4117171559
3569032776
1353883573
3715801150
3241819443
4268479396
2364177761
3564071418
2271568831
61116608
3823189965
2365215094
3653930251
2309484956
2149634809
807686834
4266034455
32789048
2042356453
862464430
788322275
908054164
2558122897
3169735274
2573455727
57950896
46328061
2374568166
2819653051
1649101452
1162606377
3966781730
3812796615
2502574632
3749884437
3502100254
1949359763
463357316
1085900225
1151932122
387214111
3302502560
3792936493
3196279894
133519979
4261977980
3912296281
3950222226
909539447
947645976
2140802373
670208142
3403764035
58079348
3404495857
2718349130
3451007183
902781584
835084125
3779087302
1961108251
1129246828
1500685193
812993026
1807545383
2580043272
139785333
624782846
467218419
2717296484
3642080801
1093546938
3308790399
3222847616
1787702413
1758910262
4043823051
1884110172
2020879289
2893829234
2335251415
1521383928
147220389
2660591470
2929949347
4214133332
2583186513
872844330
4032905263
959668848
4259186109
3927834278
3041622139
183666252
1297645545
2924460770
3735940999
9263592
549545685
3283188958
3649778003
1391262020
4179043969
2721497242
3702032863
3529392224
2246634221
2343354902
3780773163
3505244988
872587289
1383497042
2735632183
3833853400
819524101
2382933582
2979746819
482401332
3467988145
958779658
1648951183
144202320
4121025565
1977229702
731807195
2813201452
219515977
4080507842
3085802215
594628040
2321549621
819067838
3130974899
3958979364
265666273
2616900986
1413325119
2493558848
3367754061
1119689974
2437145227
2355251484
1844724857
2560235058
1336308375
2381603256
527019109
2298766638
2535513443
1671763476
4265311505
3550250474
809594607
1526088240
866771581
1848423526
104149819
2214167052
3502360745
1751444642
2673079879
2557227432
2999507861
2371283614
3094103059
647195908
1483310913
3199347290
3469699231
1540886560
1402927021
3317688278
622686187
2334308092
3294697689
371138322
2396071415
1257749912
135304901
3191901198
244061891
3344121844
2309152113
2174921418
321031759
2739214864
1586370781
3637360454
3748108443
2253187052
477443337
1393536386
1756955047
829818248
328457717
2516076926
3091944819
3090386660
3656023969
4136961850
2603999231
956063744
3542763021
1751982774
759082315
833033436
560012601
1044223986
2321975639
1267075448
711307557
4168426222
3006595107
994269652
2651024849
493895594
1875140015
276619760
2833678141
3614779942
3180178939
287325644
3225932137
3564101218
334806279
4236691816
844697685
2741901406
2341738195
1381081284
1735436289
2346406938
3024684895
4177895392
2146813037
2591870358
2784991915
1617388220
3138146713
1613594834
2554240183
4220994904
3523279749
2656709070
208902531
2934793140
880094769
3711779978
1459543311
2375391696
3511358877
2816150790
318731099
48989100
3629227465
3921510210
3437176935
1133935944
2695918261
2859489086
4020144179
2724569764
2685665377
582815994
3235962559
619433920
513372877
3886475382
4156045323
1943773340
326809081
2804341170
976314391
52654392
1450866149
2997330094
2376065763
231300500
303046289
1396816234
2242514031
3246866864
575921149
2746703846
3189041339
3055991180
3433732649
1815121954
3947905991
2359107880
4231136533
1001850398
2378344851
1374131332
4008478913
3144826330
332752415
27717536
4289548589
4154684246
4139812203
1148964476
4173613657
442606226
504812407
1176669464
459939909
3558180750
2517752899
1062160244
3354148593
1840619082
1688071119
256498064
1922617949
1086464710
153488923
21618540
1365952137
285282562
4078964519
2576528648
4000696181
2214208766
4216879859
105870948
2333229345
2989677242
2885590399
2418999168
4291387277
2385145398
3815801547
650112092
2231439033
2635455346
499578583
3834419448
2422733477
1029430894
1898022307
653730132
3005321041
1993405226
145914671
2513789296
615643325
280188326
2861228923
919401804
1722426089
1768358370
2485553799
1752119528
756267477
1274131422
3115842643
1628784708
2006788481
3208046490
875857119
2373713760
2273680877
2331236630
1780494379
3944741436
508101401
4001072210
1058654775
978949336
822871301
3308430670
1445388035
2755193652
4240969649
348895242
851425935
807524688
657936157
3242391686
3298519259
623377196
1484828489
3801768642
2856039911
858434760
2040781877
4166365886
909716915
4289792548
2208645601
4139148410
55516223
1921380160
2340031565
3921130486
2737278347
3725850652
1991518073
2848628018
3018280343
3749806264
2230206309
3729906734
1752819811
2458690836
2583150609
1239280874
1335732719
1965506864
4106278269
472451942
3853491771
382923020
3204869033
3318952866
1027051847
1874661544
2713595541
2313036190
3392409363
2073738244
1245874753
3370733914
472277919
1950666528
2352917165
3257794262
316578539
3356747260
2354740185
1178281490
3657924855
2818333848
531016133
2540798734
3077743043
3379187444
1271439473
1950323146
2015643983
3084753168
2481359837
119377478
136283035
3527792364
2119391241
944338050
2163350695
3491652744
2130358517
2638413950
3137380467
1783258596
848102049
34057786
764566271
2209390336
2523625741
1208924598
2845661259
3986146268
2840854585
386211570
995255383
2747410552
2697806885
2605292014
1047071523
474605780
2672996561
1311286954
1898682543
121430256
2537583165
2212004134
2453870843
2583211212
3330241641
993338722
3577960455
1111926888
4143014741
1799114590
972480979
1563946948
1872538369
3393813274
2456486495
1304518368
1117288301
3406947478
3283862955
253202876
1673049241
1264617426
2376071095
516613208
3019509381
814883022
3837076611
1520661172
3987599665
3989908362
2878052367
775755984
493258909
2953962502
1450335835
744714924
329433289
2882422338
3322102631
4029537352
4214900149
3363966526
1684984627
3789255076
9012065
2783361018
1367890367
997134016
3042813389
3069149046
697426699
1762348956
2644547833
4001718450
2999466775
2702086200
281348325
973281198
2108616163
1341058196
1542611345
3312525418
1142703983
3017162928
3505442557
3313612518
2466599867
3288213644
768949545
1129109282
185196231
1070333992
2305644565
634141982
1136686227
2175591300
2959838145
1964467418
499278111
1907469984
2673017901
2472512086
259502187
3018521980
2233707865
3886786962
3097702007
4001704984
2059809605
911507086
3366872899
3282327156
3677880817
2738914634
62236367
3674232976
3900130653
434108870
4065589531
390123116
690940297
2531842050
2284792359
3541636104
2871171701
2412960766
3443770867
3257156964
375047201
1947435450
1441863807
3514908288
1024496269
68814134
365243851
607034204
2488922553
4195050098
3641233879
119977976
3247803813
1077826926
1896583331
2033954900
680972881
2977389098
1596962351
2729664624
647097277
518302886
2327203451
1487103052
1707591145
400181474
1296770439
2282559464
1978797269
2941119198
3796944723
616142660
2507091073
991104666
82608095
4157980256
1462653165
3369529366
1221745451
1783507260
2438686233
3302787922
2043749687
652948440
3234535429
242785358
236874243
808254004
3441873585
1984798474
2002941327
3320272976
3654861341
1648873350
3733214171
916318764
2411188809
324610498
2520109287
2023754696
192130869
3371526590
1346336947
652532004
1556137185
3192785786
3784087359
1034366528
1111768909
3176024822
553072779
2999035676
2386561657
3277268018
752101527
3318390712
1610535525
4089140014
591328099
2750428180
503317265
3556463594
421913839
3147055152
3705915517
2378261094
3692431675
3685244940
2669088425
2996664994
3402050631
4207538088
2571075989
3179370654
3496466963
1109265156
1734839617
1308391514
1319722655
3085798944
3739901357
3644331478
2190198251
2785088764
3911179993
1286810898
2951338999
2545744792
2462629061
3737025038
533015747
2348637684
1010459505
146307274
3176268879
3065124880
2521497309
1728668998
3720572571
3996829164
3623713545
4208933762
2128033703
2692924296
1491960821
162117502
136440691
3957140708
2088469921
2522240314
1528485375
933289472
2579016717
810307766
3186099019
1753510620
1276306233
2485691890
3974774615
2361018232
1489032997
1513754862
1594431011
2613868500
351138769
2931625386
2294207407
2788745200
4171654461
3487029286
2850325499
2429361100
3397588841
3444993122
1916662535
935495528
2417342037
3324413534
2294656211
2509913796
789884417
2677252634
3250126175
1236868576
1799826029
4064476054
2405691563
2596520124
2905675673
2834271954
4188885687
3501884248
3179225477
2363889614
677556099
2195030452
1630712881
3158381194
1279546127
891328464
2190343069
3320101638
1926318427
1641505196
1388307401
3879406914
2429771367
3397466952
2421168309
2813314366
3484098099
2899132580
3729458785
3454820090
3915109567
925781440
3626883277
1792284278
525831691
1496776348
1318222841
1983899570
403379735
3417681720
3634076645
964333230
2938763491
3968891796
2787157137
2205976426
2226815599
3395370928
1050264061
1659375078
3605118651
2077333388
2563498025
3787791906
4067391943
2662784808
3073682197
4278023198
1177173907
2599301764
3040251585
3784870874
3839581215
83389856
4043618093
28811606
35314539
1012280444
3192852569
3276910738
3051063671
564382488
3450750533
3199169934
313979459
2155177332
886031601
2997316682
1526292943
2297616272
3277961309
3701067974
3765298203
1966325100
280956041
841785090
3672786215
911962888
1851485557
3100087038
1100681459
3312784484
2867808033
4140837050
1930400639
1947172224
1382270349
983931958
939907275
1486441052
3598636217
861727090
1828105431
2994525944
3427737765
389860462
1583455139
3791404884
710415697
1408876842
2748903727
1338859376
863887037
2226258854
97368443
1618334540
2058447081
698978274
3122380935
1332147944
727474133
1573265886
55939667
2379867716
2190290817
2244687258
4275075807
23821664
618857453
3042314006
762349099
1048074300
3174680857
1167692370
53772343
2587415256
269888261
3654980430
2306995459
2963081524
1876006321
3450570250
3761320079
3119044432
1032205597
3370690182
693714651
3423590700
3803903305
4118016194
735833063
3822152392
1875870261
313598142
3098657715
1368696868
3408414689
1656861306
2666926655
3859049792
488272461
763421174
3132285835
4201338396
3835161977
1430235954
1785529239
818921144
3768280421
960547374
2003828323
2278540052
3126085137
3790912234
1020927983
507330352
470989693
854964582
2573759547
3262762764
2700325289
2663629218
4160931655
697487016
3377255573
2554367902
2064098579
1780308484
3755511873
3186335578
374888863
382881056
2074218669
2061380822
606400747
350897148
179388889
2575774738
3229103863
171547288
2440482757
69693710
4152604611
4279004404
2331518577
2936889290
2460729167
2411894544
2512089565
1754348614
273897883
3391861996
1500749321
181469826
308826791
2460164744
3513538293
1261203070
1336882803
753662948
3887466657
595655738
3553579263
1154292992
219275021
2435180470
438218315
2456625628
966641209
631778546
1328421463
4134430328
2185259557
2772862958
3306496291
2848655060
785725137
2938991786
1719537327
3715161840
4246231101
728968998
3027365627
3852307148
4233280105
4208178018
2598669831
3438962280
767953237
606911838
671119315
3950546372
3587748097
2075773210
4063426655
3706510560
704765293
2148536982
3103267755
4083937212
3346365081
3906639314
2355539383
23470680
512767109
592842446
2273065603
394498228
3204675377
3096246666
3911781903
2453673680
817983133
1498649094
404501595
2470924460
3316188873
201577538
3712973159
3264256584
2414996405
3086580798
3780340019
4080734116
1767410017
181274106
945508287
136940736
3070888909
1934929270
2299083019
878620060
1448107769
2924900018
435810583
1931005496
3724422885
554567086
3524330467
3551398548
547022737
4251184746
4152671599
4113055408
2605626621
3958007014
967453115
3449882252
1032749865
3080283426
1367413959
2573057576
3045588501
927640350
1157630611
2376827268
760058305
1895150298
421549855
2876976288
616720941
2997598294
2125071979
3451739004
3561386841
492025746
3317687415
3481168408
1143101765
3710282894
606829891
1707242612
78874609
199906122
443096271
153179792
861416285
4176455622
2205404955
186821740
941305737
1389127170
2605801511
3009008136
1746944117
1859668478
140401651
4318052
2026883617
2858995642
3009023615
1742322816
1875048589
2714579766
4197614539
3019897180
2070919097
3104469106
2307950551
3599693304
3767841701
844579694
3911427747
1362677332
3898955857
3461883946
2259561519
2367905392
2071318973
2988137126
3419481211
1044660812
3580300265
248829666
2325240711
2927416808
2102571733
3344586974
3435552083
2356557124
1861694081
257907866
3521148383
2587704416
547600109
3228638742
3355095339
1470007100
3521391641
3769801042
2336480055
2218947032
1324170757
2539162190
2018607107
361306164
348674225
2330291466
489417615
4230370896
2185209885
1696955782
1427778011
3581790252
2173311049
4176132034
456001255
1690225096
3602339125
1166596030
529534643
1874884388
4275817185
1410423162
3951791423
1537059904
1274848589
2857335030
542805643
2769356060
2847658105
3481547314
481418903
277929400
918812773
518144302
353175907
774590996
2666826001
3821674986
1790597871
2367831600
3796741757
2076577894
3450265403
3142008332
4103885993
4198893730
1961517639
3960974760
1642473365
2317076126
2048094227
3818432772
3818230593
2293679706
590566559
2163412000
2456142765
387990486
2812943339
80704252
554607833
2629253906
3149042167
4017240472
1269883589
2007787534
4004397763
311917556
1744955761
3611182794
2821814863
856626704
3258442973
2075464518
1338983579
1444455404
850772233
3625896322
3953487271
2524938632
410462709
3519751550
1101562227
494324452
2755431329
428319546
1202703359
2603965440
544674317
3667623606
1849776459
1532088540
2717165881
998487026
303953239
3504244088
1296825637
3966697198
546122787
910530004
487094737
3212434346
3127462319
2632244720
3566619453
111838758
1642813947
2288646604
2347654505
866974306
4281805063
4058924392
154709
4115592286
3349627603
1322441924
2481501185
3468423194
3554210655
4150041568
2932379757
3833145750
4034414251
152051388
3800423833
2065800402
4123789495
2697838936
120407941
1675757006
2986460547
145596340
924858929
1387585674
842647823
899388880
1476452765
3663620358
4132642651
2964537260
2623416777
2317916994
1534563431
3361470792
706723509
1767846718
1231533107
2770656932
3518106721
3431705850
4001811135
2657143744
2180136653
1081164918
380036107
3934411932
3839508985
113833394
1754582039
2268589368
1357693413
1623030958
2523139811
4115110292
4217449105
2737263978
1283127407
606813616
386902013
3498621926
1801360571
2842457484
1276978729
885632034
3627986887
532716840
3026669845
1051976222
4030846355
1239732356
1219531969
2469321178
1787908639
1429859232
1787567405
373018454
891629931
1478527612
4144617049
1706147474
2555395959
3893692696
237136965
28926862
2903246915
1670087540
2061716209
520698442
4060403663
1267455376
1750769245
3739320006
2338699803
3373112172
3477295753
1757949186
2036628263
974401800
3362853749
570753278
3515721459
1653256804
2952547617
4275926714
3335555455
2631924608
3308137357
2844838454
206253771
643999836
3006044857
4212389746
3738591959
1667044600
778454693
26065518
3243356579
3069271380
2461965137
2425524010
3081725743
1253399920
779732157
388018598
2361429883
3792613708
2783489769
928783842
1858139783
2504963304
2614429141
1544196062
4003670099
277775428
2326607233
1204781978
773615839
2991258464
2054187501
1512584470
3362839595
2780870204
4284124953
103260242
3254728247
3574075608
2907721989
3069346126
2324499203
1324427060
3960150961
503010314
3729958543
2090849616
3624213277
2801685638
298259675
1122481964
2619685705
2378006210
338436583
3949471944
1881876533
3514601150
886725043
1902659108
668683745
37552250
2001537087
2389896000
4276803661
2746879990
32389515
2729620508
229356409
2720315698
4087527831
1426980024
2457373541
346011694
2887128163
2265112852
4225813521
1232832746
1388746223
4165156144
1603576189
3627181926
684804667
3054546188
3390109609
891572130
4051565895
844663976
2467003029
51576222
2106276627
2660235268
2728302145
509472090
624578463
3863989024
1396012717
503208662
3172681451
1706074620
1547175897
3326296594
1368976631
929487000
4051105221
2840420110
3041185219
3063843572
56077425
4048235978
2917348687
2425853200
1270896605
276097606
1278685083
2181141228
2479088649
3536359554
3129903271
2618810504
1577975029
226876542
2383268979
2910689764
3792637601
3899279930
1723614975
718904064
65553677
2091718070
1783628875
3006431196
3038219321
1169898226
3854159959
202024056
3924004901
2679338478
561067811
826025172
260553937
1336033962
880837807
3566525680
2938125885
3514686758
1649460475
1764911308
2840985705
3890364770
1328923655
2526946408
919252821
2844601182
398069203
2947099588
2571417345
144316186
380300895
2299026144
698041197
2407415958
3856953771
3417329084
778191001
3485770706
3856491447
2666618968
2807454341
3196714190
1475563651
1179889332
4186504497
4206413706
3614868495
255005904
676091037
3104129030
3178629723
2853908140
115297481
3517538882
3142299495
3420674120
2396623285
736160318
3085434675
2995432868
1196920673
2200261626
3151906239
3922987712
1759932877
1110039414
2016448267
1805781916
707798265
4019682482
3017516823
4161997880
1634161893
1753805742
2887981539
1096624276
1718840721
3838229610
865940335
1198144688
3789331197
2160268006
469696443
4281590924
4101490985
3377853218
916998855
568294440
3822232597
2235111710
4159676563
3214548868
929011649
3091464410
2301512991
4063537824
4066496557
2624054870
3582745707
3414145404
1452882265
208389522
3716979319
1533519896
1538162501
2624084622
1566085955
1775276660
3344895473
1543774538
2446103247
1077040272
2456359261
4268709318
2823005467
2666826348
104297865
3827299330
623089191
3129643016
3209553525
1112389630
1294529011
3696197988
2155139105
1680743866
1567818879
52574848
2191875725
3253756214
508549579
2680248156
2914352569
1769569906
482885079
1223111672
3854817701
4108333422
2532031651
52816980
1499717201
178845226
3873219119
2021874800
2089400253
599918758
4170971771
1003823180
473321961
322921698
378900871
4091319272
3068352725
2346108638
418116435
170054468
95369345
2669390490
3280235487
966048352
1648958701
4068166678
3738371883
417260860
1973219865
637052754
1466339639
2089398232
1530881029
2829613134
1882494467
1289041460
630841009
4142742282
3550830991
727012432
1859554845
4268960646
257949659
72197676
1653366345
602686914
3335929063
1741522888
1814756149
646727102
2828051635
1183585572
1982255329
3712264058
4063920959
1854155328
1709509453
2311104246
258860171
3813696284
1080530553
1025589298
2671744151
3997637560
599334501
2323197742
3968540515
2186702868
18419473
2198401002
2768163055
1335901232
3286733949
3090857574
1525134651
2731940876
1364302505
3210647202
498964551
3965021096
2361183637
1931883678
896468499
2332247812
1291032897
4007728218
3429714591
921209376
3994102189
4286083542
343437803
663605500
3962399449
2250983698
841697271
3524753304
2999519429
151672334
4215756995
3676412404
2365157233
1832129738
1405153359
2556171280
1649724125
2530263366
3045792411
1038516716
2896037641
1791907714
790864807
2473344904
3526414325
1851560830
3839825779
3439356132
3509424545
2683194
3774136831
3820608000
3882186765
3881479350
3192565579
2316250844
2735107897
3025060338
2046929751
2549269368
2282169125
789834990
2009154083
2326705108
911409105
3483806122
2227421103
1954601968
3166056765
4226626598
1705127931
2012665804
2223612777
2272495714
987782919
2869560168
35586645
2967954014
3359168723
4261116612
367835649
2572434970
1789454687
2179996128
3396990573
4045363094
1228709035
726432956
3674907545
1455663826
211467959
3956342616
789278085
2739794894
693164931
3228941748
910016561
546877066
2296332047
252089296
3517171613
1699223302
495252827
1870601644
892104649
1384524098
2899036775
3173431112
3995034805
1870569790
3704900147
191659172
4199092833
2660956922
1348583615
3666037184
2615583949
3900600950
1571174923
2814229148
1448216569
3636593586
2882437655
3047828280
1064167397
2825939630
3276678371
2817439636
2446438545
843195242
1558933103
1323645872
733318653
1821993446
4220218043
3203879820
1721658409
3846060578
482207175
2411354920
1942615829
2061127710
201943955
3737874052
693803713
1345660890
620185631
1919642016
3963847469
3039821142
266307435
400222332
586456153
2172767378
1165292919
427181848
1556517445
489902478
3843104323
1754374516
438751473
853215306
2847952335
3608466320
3783492701
3348704454
2316144667
2094496108
217553033
886291202
1317974311
616361736
2092349813
1068658430
724581619
1569738852
439964449
1247462586
658603903
2325772672
3626537357
1525413942
3762324683
270272092
2601148601
1950025074
4083554519
1999459064
917335205
2085529710
435275683
634813268
1817518417
2895863082
3291864367
109927280
2510662333
1207918502
3210962299
999788364
1750070505
310291426
840313991
3123081960
4269648853
3334405598
4221615699
1764958788
268254081
2235814298
1108895455
538605920
137220077
4184498966
3139514923
2700678204
1688950041
2955259474
4219071543
1791446744
2293921541
3699011406
3645382915
4281681204
4050952625
2243633674
2904824975
4165391184
1991508253
3682861702
4259637979
162501932
79659337
729222338
3811334119
3387877064
4206284341
3031956670
716369843
3744195620
431903713
1428704890
206831167
3956369728
2968206925
3429055990
4175007627
1458180636
1911519609
276416306
3481825175
3426499256
444969317
4033783342
2255235683
270925588
3734852113
7493354
291703791
2201566000
1061586813
2346653030
334110779
1905756940
3126738345
150265250
2846438215
168708776
2130321557
1247112094
1371459859
2566034948
311729217
1782594394
3368830367
1656572192
2465782957
730761430
1572969707
979828732
15650265
1282363410
225026807
2944669336
3215399877
115559694
1890968515
1881188596
887566961
3136879562
1238018895
979145488
905264605
2127075398
1003160987
2043113708
2906925577
271588994
4184129191
1820106376
2766119669
1682918014
4129055347
1811888100
2711098529
3502479418
1717124351
3050707200
4209945357
2326021046
439441995
3488079324
2613137977
4148054258
2130019927
1687609976
1471591973
177234926
3548204323
849167060
3244966609
2944864426
1530067631
1823005424
760751165
4126706470
467639035
2763474636
1300842089
2187382626
1916205575
523362920
2449429845
2069731678
2300814291
701090244
971029761
4041893146
2144527455
3524516064
3244599661
2036100758
3397437355
400862140
410977945
2149495250
436476343
2003607128
3461120133
2184047310
3592054403
1729350836
490636081
877958538
4134795791
622203600
2215066269
1327951366
3330269275
4041149612
1464177353
2092888130
3757565287
2351306312
2012297141
2755156030
1747752243
2680834980
445027681
2397872634
1544633279
1617856704
1257428941
2741963126
1997006091
2396350876
2571102969
843614898
7167255
2952612408
453016293
2423513518
2347053027
419186324
2910581649
4221143658
2019928431
714881712
614105341
67879142
3120813499
3635856012
3532721961
4169302306
981434567
1498495528
2488093205
2409072414
3700373139
2541272452
1319214529
3405926106
3991683871
3319670944
2284926509
3499365462
2485039723
758257532
2350645081
888394642
2148094071
306243096
1097508165
4095363214
4097157443
1338945652
2738525169
328068938
3923773647
3363472
2242508637
2858353606
3770907419
1387685996
327400329
3403907586
2779106343
1756057096
816548981
2318607870
463702003
3595378532
2907297313
560163770
3560700543
593148032
4122461325
3833827126
35467211
1735570780
2871739321
2337836146
313521111
3727651320
1361248165
131669870
4200845987
251857492
4220675153
3865691178
4290451503
3839056496
2848824765
4091066022
2434191483
3512073804
3124074473
2769941218
1900201863
3626783208
2728656597
2093167838
1187088723
499085636
3650567809
1783101594
1507353055
1440495712
2619245293
3740629526
224091435
772752188
4236621849
346994002
1580812087
2411785688
1707182597
3261621838
1976019971
1443976244
2140890289
979699978
449763215
3547615824
530412573
2922436998
2371212763
1124959276
2998838345
341693378
422474471
30164424
1271832885
3959403454
1799436979
726119204
1117902561
3655857530
1972992319
4133136448
268267853
3684816118
1848720011
3984572700
3527629945
2351844914
880626327
3740096952
2799584357
3061849390
700003683
544312852
3295515921
834125290
1207125743
2198747696
28408445
3273616486
64523067
307558924
892788905
2179409058
1161875015
2072193448
2579723157
4171276958
2189073427
3093161220
595697473
8086106
3394715807
1506674720
1911328685
306225110
1224132587
2386308860
3397136601
2299483922
2471755255
3215766936
1209085637
316163086
3314577091
1704703988
723580273
1251599050
1073768015
1721307664
4137791709
945581894
2398548123
631529452
3317058825
854451586
3377584551
390659464
102397429
1599996286
1908780403
2054817508
2202965921
3392814906
2800334847
2435733504
1854135821
3599358646
772015435
1958513884
3477615929
2122960882
2761253207
1643577720
2297579813
2720586478
3836041251
419942868
3771565521
1598257066
1741567407
2903300592
822482749
799007270
889783803
3748902348
877980009
1219106402
2772014343
3809853800
376154197
2028982366
175795923
588519620
891338753
2136771610
103341919
1769183200
1046174829
2553644438
431026859
2172181180
381643161
3151345874
3189339319
834944344
3038352261
3408519630
240120195
707648436
3733669425
2783739018
3493115151
1096913360
1870048669
3869361414
1751567195
507181996
2636821961
3226711874
80740455
685864264
1548683957
973999934
166780979
1604590244
3624933473
3290056954
2397877951
1804978112
2785741517
3808141430
1951764491
283711644
586796537
1814761906
1639462935
3607914808
606014949
2425575598
3051895523
2223363476
3916576401
2966221162
906749039
3398384048
4236997629
3071940582
124272827
1014116748
1750053417
1931659298
1072503751
1856248104
1969003797
863026718
427884947
3651275908
3610550465
2561373658
2483895839
3700221856
4130007341
1586768726
306830699
4219815548
3255788121
2529286802
1028238199
902268184
966441029
2434613134
986068035
260554612
2459588337
1847383626
36422607
2878198160
2933680733
381737670
1550149147
277960556
1239146121
374294786
3664308007
1985326344
187457397
2446318846
3464680179
914746980
1772509473
1497895610
341996927
3176200064
189986701
3468109366
870701771
2512741468
236463801
517084018
715509463
1844285688
1696895653
125802094
3896630691
2930481492
924559185
672410410
1231835951
55925104
3909193917
2538474918
498482043
3977276748
1105672937
990984674
2216387207
1039020264
3545649621
501443550
2857260115
398966852
2457682305
3190300570
3133431007
3403282272
1310406125
320639254
2239858731
2954981948
1831607065
3281239122
799318583
3681979608
575970565
3396492622
4122162947
1097425716
927665
2229989386
3433403023
2900218192
2576541469
3866734726
1840431323
2691134252
2626275145
1319148226
417107431
4284851400
2406642741
1013148350
440108467
450855460
550590945
3682835578
3725259839
2116020032
3004933197
662465526
527754635
2534502428
2439200633
540988722
2115904919
375027896
4173518693
1286444078
2255634531
2738429204
3800684561
2262377706
4172251631
1059010864
992505213
3455828838
3669161531
1963878668
4057695145
2587192226
2693032263
817105064
219727509
3993491870
2007131923
3645191172
2948244033
563251546
2165193631
203081504
3136045741
596555478
2249716459
319643132
2027262937
2886426130
1944738039
4069610648
2080850373
2632530702
2849438147
2878523124
2678503537
2350303690
3865190735
219255056
3562677213
864831046
1594809243
830295788
636776457
1124576386
1324020903
2211536008
635521269
3481843838
131790963
3899708900
2790333089
1552737850
1386623743
1707251456
1915031821
990605750
2848108619
1754086364
1838880825
3123795698
2598452311
2148737144
1270471717
1709003246
1530487587
770597076
3296512209
1323032234
1519743151
632084720
4156557885
417544486
1629384955
405546188
1760332905
1246715234
2213031943
3870662760
3211000661
429786974
4231870931
3654969284
934068993
3031085850
2913655391
940529376
1901989741
3182075030
3872202155
1476987324
97242265
2045296594
2832912311
181918808
326280837
3997292750
2180086915
4190366388
2854488369
3848299402
3324080143
1407783120
3287425181
2612567046
3006903899
3885165228
920377545
2370076226
3411286887
2203636808
3409501621
2701116990
1914776371
989456804
1659214689
2921590778
2566140351
3958965952
3710860749
388249462
93272843
502843292
595570937
4134115506
2142180119
450332728
2328469733
416206766
4049028579
3666568340
1974761873
3252443242
1172184943
515782832
3817367293
4123291366
2478353339
3660161164
1473926441
3307147042
3708204743
3216177192
1190653973
3597006110
1927203987
2504481668
4078150593
691051738
3344578847
2792859296
1714461741
3476046422
979437675
1926526332
4107191641
384557458
758515319
1946821656
1968622405
1681667726
1757593411
2545733236
407247345
2995240266
2728623823
3374600336
2367348061
2092872134
2901627163
2791851628
3758096777
2266435586
2631402023
1035734024
1010381429
3330839550
4090371571
1849343332
2135874593
1644739002
2545217663
1216558720
1224354445
2307308854
630883787
2333348700
4090563001
2661784178
3947342295
375894008
2729584037
3946974574
2475419811
4107282516
1324411473
3785003562
1363775023
1376999536
2202108861
2724160678
356623995
2126961740
795139561
1147437282
446692743
3681292264
3230966997
438280926
3594985299
1196166980
1789871233
4041492122
349984735
1863562848
1310976237
98543638
3549672235
388997436
3869146649
752141138
532413751
1038625752
4000559109
1687704654
151699971
2973594164
2731338417
3578582794
1923632527
1954762832
345266717
4099835782
1325116379
297624108
4062243401
1245667778
2453055719
2998600648
4121052981
367206846
3886141619
2649968932
3830242529
3388687226
4121456447
1931552320
3393574733
536019702
3164901515
1134501660
3746505337
1017863218
1550516375
1652791224
1077111397
586615598
1284983651
2289871892
1760697105
1876331498
3549936879
2808887344
464216189
477370982
1215914299
2311313420
541861545
3252662946
1802765383
429975464
150608277
2592805022
3778425363
3953689348
3879707969
1032171610
2633053855
1772324384
2650273197
3480800726
3307544043
3101330684
1006302937
627270930
1596765175
942797720
2341033157
353776142
3448341699
839243252
3262675825
4017074378
3975142479
499519504
4280194781
3763871046
1544734363
2370977260
4261319433
2961011586
976228263
2719333256
875830261
617574270
1750877043
2783159524
983539105
4156263738
428781055
596825600
902972429
673777846
1030576971
2606361308
2797206329
439672306
299439959
2934652792
3490541349
3316500718
3879300643
1632694228
2625113041
3998238122
3817384879
3330856944
2978348349
566399014
1344265211
1054905292
458239849
4149257314
3192048391
437354344
3169341013
3446160990
241960147
1042069188
1904526849
13949466
643355999
770119136
2322383469
1505473430
3788851371
2341812412
363081625
710395602
2319985335
4071062360
425179525
1534447566
3774809987
3319134644
2953366577
1655720586
2285513487
1286377424
2977534877
3731583750
1459134811
1021761964
1415117769
1402029378
3817092711
2341221192
4105089205
1225620798
1354593843
566999204
3943112289
3171522298
707243199
3516417472
543125709
2951270006
3669288459
2785310364
3402732537
1090789298
173141527
1801365304
2130719717
2569422510
3996274915
185398164
2185411729
2663890794
1474058863
388577200
160520701
806012390
250943163
2715619212
3509647401
1584879138
3251392967
1014880040
958350101
3900124190
2561185683
3127421572
3527321281
3968975834
936588319
329147808
138563373
2456312150
3160683371
2199889020
1415194713
628222098
4291715447
3171468056
614391365
3715575182
774588995
3631078772
1681775857
1355719754
2068265423
1224134544
1348816989
1280870598
2188196891
70989164
99624073
2369443586
2633178407
2933811976
4090627445
2556250878
998598899
1835764836
507731745
2879742138
238250879
3035723136
3735903629
2230473782
2268803275
928957020
2354441401
2061050226
76907735
3349008120
969652389
589333614
2890003363
3513825108
1930571089
2197616938
3344091439
3238877040
2827843261
2232204198
666440059
1987660620
2997780713
823379938
3838875783
2695229160
2589915093
3782728158
2058086995
2622250564
2452440961
1920757146
404771551
847869280
3426261997
658423574
2811354667
1396297788
2564612377
3228682834
3732887607
2803223256
4196320005
14306126
1607355651
2509078836
2547494321
2609561098
3168209039
442814288
3231829277
1205821062
3778057947
2265927980
3817082185
2000300226
893174759
197944008
2925402677
3900627134
2205424563
2760056868
3172229089
357493370
1819404863
3311297856
2239498829
889559542
4123016075
3811102236
3959883129
1366549298
2137250711
3009984184
2905603429
2841412142
740841059
3225172756
2275827217
1555034858
2292971503
2884974384
3543815037
512258406
4247505979
1081427724
4035496361
1759902114
1443864391
642369192
3177671829
1848264606
1865809171
3750220292
4195395649
3293894490
3456119199
1651000608
1259317421
2248074454
3055438059
1873001468
1139562969
1696033810
85659383
2156827288
2794940357
3948882190
3769110467
3908363508
3281403505
3835992010
61445967
2293665552
2800683485
2931815494
906146203
690171116
2111092233
3947838082
992029351
1645615752
1628630773
3476170366
1128894067
2731701220
1882857633
197538874
2879596799
3130987776
3918231309
232955830
2567177803
4246903260
2862931513
244606194
3111973463
3732889208
1173160485
832192494
950368547
2737798868
2562674385
2912988330
2997348015
2141247216
2388127805
3124619046
2987214587
1133576908
2071974505
3215846242
71919111
1831427688
1056481621
72250718
4043755475
1071318468
313051393
3554345242
540201055
989517024
3112662381
3697855126
3133764523
203253692
1984467609
1025691090
308381111
3644004952
4140354693
2193999566
3682112131
2120485044
540643121
2380018058
3330205199
464260816
1745684125
515525126
61049947
238471340
631381705
2201619522
4250947943
830181960
145785781
2721526846
1439023411
68781988
2691998049
1623932410
4068943807
208897216
2677777357
491349366
2747699467
2567710108
1223653113
3153766066
2980104471
3097609784
818071269
2174336430
1551457251
101352084
1058865041
3079612010
470193519
2748331696
2661698813
3589086438
689799611
2207022732
72588073
2938871074
2654858439
3573855784
2077398549
3651429150
987652755
956692868
2763368897
1389292250
2507681567
335619232
207618605
406614102
1213423211
476500860
280071001
844361618
1695726711
12804632
2004021573
1825449102
989844803
3248155764
2793512945
3102837578
1008137423
453332624
683393885
4119748550
2362648347
436872300
3953936265
2562366978
2327459879
3116157448
1643567221
2001601022
1437119475
605576036
1988354593
2786985914
668853887
4070290560
4234973325
821685046
147315659
2326098268
128372665
593930354
646930391
1905257976
1517374373
521861998
3798204067
881673812
3548344401
2084266026
1535640623
1078154864
2296736189
2941653670
85752955
3290937932
4223935465
1897860834
2460824455
2107362792
2427800277
3823898846
1199355219
113814852
955730561
3002111130
1955614175
87766112
4166602477
3879327254
2977696043
1413480252
3018277913
3999977810
468628279
117402072
1968559621
255345230
2851985411
3730411572
254701745
1201972490
1529987983
2390904400
3451600925
1358706054
3562111451
4032643116
2696097865
1167126466
2985221863
4204380616
3919965493
607555518
2645714611
512683812
3676824289
763269498
4066862399
1691853888
348011853
3602133238
2059921035
1705934108
3884640377
3466095154
2533930647
4178171320
1874366565
1339947310
3575996771
980929044
1856413969
3177535978
3354145519
1018836528
2446673533
1144572006
2831824699
2300753420
2459004073
4282925218
274152007
1185850792
1516289941
3638918814
3517040659
2766348548
405646145
637533786
3292212383
3865642016
4063452077
3072392150
151221227
661187324
3232349401
3676795666
364210679
3148296600
4247878341
2411995150
2469567171
3227513844
3539992945
3686104778
3666825807
1038290448
4224416989
247712582
2631834779
4109376492
3581335817
1669136770
29246887
3016915336
3699229173
1051778430
1218632051
3476898532
1998627745
145546042
3101926399
451367936
3176180237
1547187894
1820766539
2112309468
2841362745
122678258
1103940951
4275010936
3713570085
430094062
4286415907
3817475540
3914502609
4241298346
2012422575
1089787376
3191202621
1381318182
921088507
373125580
3111875945
325530210
100401415
3489480040
1972696149
777038942
1410177747
3474281668
1259916289
2646419482
1262013279
1330287584
783165549
3048333718
564764331
3382810300
1471739289
575263954
4045856951
2927278424
3687178117
3560029646
559816067
325982132
716591665
3605272714
821010703
2967965136
397179293
3433373958
1765439323
1266857900
3669443017
2352927554
3370675303
1697050952
926832309
477948734
825887795
3521336996
3006145633
157869306
2719130303
2357904320
2330187469
3477470326
281295883
3876574364
3453573625
3612159410
630957079
4070630712
3490798053
1109996718
3962332899
3145994644
3695395473
2083687786
1113378927
3031643568
3536273405
1466659814
2452745403
1865936268
557989417
658236450
576423879
2034734376
1058138389
435001886
159395219
18827396
2591599809
3420983770
2420714015
2543838112
2726933805
3500967766
2385414507
782893692
1507126873
2912024210
218306423
792330520
2647852101
2185304974
1061183555
1128528756
252797681
1525707338
2501029839
793759120
1176385117
3898619590
2082804251
3621065580
3241437833
429286658
372069159
1314334984
3064441717
3545938174
4063756019
2185308772
3088082209
3245518522
2494849407
4051825536
3526869901
4254958134
1514178251
1961369692
2512630457
139472754
20265687
71175416
883089061
1328640622
3857844643
237360468
2688070481
1029031722
3186179887
3216332144
1414094013
2436589990
1567352699
1473390924
983942889
1954960866
3560296071
1649257704
3549928917
2440841182
3971579987
1992358980
2400013697
574667674
3660335327
3609785184
42336749
3050368278
2706519083
172109372
1740482329
650106962
2282360375
1302661336
2417551621
4289870158
2543411971
2074189620
953234353
1234865162
4256726671
3235630416
1809888029
2142571654
3630066907
1034366764
1504596809
625194690
3092052455
1864573128
3615080501
956974782
3864834483
4229348900
1854367201
2190096506
931717183
1099752256
2819387469
1962854390
4223373707
3140496412
31116153
605614386
1398378903
593949880
3083674469
2256236590
4153306211
3878639892
1307763729
32948458
1096314351
1237005616
2273065341
4253359974
4216627771
1405887756
912658345
4110845858
1246418247
1791984808
266736277
1253881246
3094975251
733638660
1905700417
3532072282
799156127
3852845856
3278048941
3537834710
1842650859
3492420092
3795001305
4153637394
1090241783
3648770200
3210186181
1917130510
2502501827
2823226100
548783217
1151493578
564202831
759926032
766767069
1885577798
1084655515
3770223340
887421961
2298923138
1040670887
2269829256
3597964533
3813381246
677913715
455348708
2136155809
1584366138
4048559871
879465216
3777092877
2200554934
1744133195
229111772
3537806393
1952936690
1523099735
4292582520
3327141925
3989253614
3955330851
308321492
3190936785
1272281770
3815398575
4203009264
1897911869
1510511910
2393644283
2800083148
88283241
1652324706
1935318023
848108648
2428323669
3144606558
3883951571
3687556036
1255460609
3464187674
1466615391
1523995360
434166637
1435957398
3329608107
3022112188
3925170329
1238162386
3600300983
1652447320
4165923461
3216618702
1655679107
1962157748
4286518577
2915565450
2005687311
4234087632
4032294045
1479276550
935158363
3838486188
2744673481
3735001666
4129064807
378425416
2958567861
668901950
2467977011
2066294180
1395894113
652381178
3905559999
1105068736
305662413
903779190
3517835019
2148500380
2307865849
50050226
373456663
157025336
2364271845
1255451566
1296789987
460955796
2310374801
1555166314
2061437807
970077360
3589550845
612748006
4197603259
1423924364
1476190505
916990754
4263846599
424047656
3000843285
424857886
3029203091
45389700
3817320385
3353163994
3628475679
2390401696
4206848045
733519446
1039512683
2850632060
1606701401
120323474
2812244599
946642968
3351189317
2379223694
3941395267
1298729588
3454871025
2798344522
909798095
1976978576
3633097053
2496531910
6487323
765198956
3062402441
2144218114
4014763559
1554876424
568622709
478375934
3241363955
2011560292
317253665
1839420858
79092863
2711892608
2416899725
1524439350
732246475
3861303132
1722586553
2576725618
1149703639
1873292280
4167070117
593750382
1726747811
1312449620
155055697
910962218
2658564655
795038832
985223101
2596061350
3769062011
561551436
2673043945
2873728226
1500146055
1052478440
2466640085
1512603358
442649427
3694480196
3295629441
812442266
4176757727
2555556448
448705773
50594838
655646507
1698716988
3831499289
3648053074
3536939319
1795598296
2053635077
1112027214
3634425347
1566944820
1153431217
292320010
1416313231
2708556880
3406964253
1141498758
2639747035
1592598060
1047885385
2253553090
4166456551
1500020680
2816054069
2532965822
225639603
756714788
2805131489
2222055290
3956693823
1266557504
1868997453
2145738486
681262219
3551386396
1794551417
3254089778
1683385495
578819000
3043866213
3174360878
1130592099
3059935252
1435182865
2590255082
2767235311
3271046192
3828296829
3127735910
2764770619
2423362572
201765545
3122712226
3018485831
2192335784
234317205
867167390
3552402963
1678622468
910930241
971656282
3224707743
1344176672
4003381677
1228483030
2492582379
1508329724
3632825049
710639890
921575415
3389812632
487170245
48369166
2525737155
2427064820
3703015281
2406173898
2296301647
1190136848
1822974685
1134524742
3512365723
3699243500
3424591625
3421278082
2684124071
3430889352
2130143221
755125118
2459529075
1988550884
3100748193
2098080058
82352639
4146844160
2231308301
4072105142
995100491
2623842012
1462601529
3319462386
3027272535
3517168504
819182373
503817454
2909903395
531835860
1197283281
179954090
2769131439
2622542832
3608529213
1096281126
1767737339
3851046860
2396437353
485343330
4234491655
2228812648
3228670549
464067166
1532965075
1442706116
1104990721
3591730714
4106797407
1302204896
2870972013
739774358
1496183979
3147691196
1560132505
598467282
1924503223
3846043480
2086929797
3042814926
1332556675
2465609140
3465795633
2189944458
1247090447
3994192848
571432861
827248390
522997083
3389953452
2957346761
3931922754
888971879
900837192
2751331509
878467390
728146483
4025152676
2961517153
691548922
1991088319
476922304
1704475853
3239258742
2525205003
1410019996
2886803449
2936421298
865425943
3973260088
2538766309
194781870
802585827
367734676
2004076689
3373095786
1972192879
590164912
3626837501
2906399206
287228603
612551564
3632497705
1299214882
3785014727
2768327464
120885013
1205078046
3959931795
767944324
2950869697
3064881114
493821983
3901841824
1157700397
2573251926
128507755
2116313212
1384100953
2938242194
3840396663
207306520
624372293
4286253454
3993335363
3490322804
320137457
209862730
3482199503
3734555536
268901469
1792533702
3381454875
190771564
4222136457
996274946
3323431207
3569346312
3551351157
3267897086
1922733299
4110862436
3071109921
447741114
669341567
4077023616
1710369165
3099111478
754310347
3462495836
2858514617
1194802546
2693066967
2748205816
3584689317
196239470
357703587
3838505812
1049573713
3609105706
2905584943
2135774064
1815429821
1004148646
1053736315
286984012
1506610409
2238243810
3528131719
48589544
4278207445
2918233566
2155288147
656775748
152916865
1299515802
2162704095
951611744
1896048621
1054022422
4072835627
1429900348
1506700569
1987962450
2890187831
1327777496
1682116357
1190799182
487880963
1940241716
1660598705
253385226
256504975
541248336
458201373
234535558
3543941851
1143934252
2131269961
3636282562
571289575
2842287816
2328192565
2919609534
3270854579
2711247908
3039456225
2738194042
3209680447
1923834176
2597115469
1734866422
2976311179
2670168604
1390317945
405667634
2046773143
3864343224
2560248165
1678401070
1755611747
2551346964
3043977745
4138569450
2729763823
2557555504
3622707069
3941715302
1429043259
789775116
1131632041
3197572514
4248177479
2118468264
2224339093
62858142
3547146515
1037897220
2521609281
3425268570
636755359
366166304
2749789357
2318352598
758838507
3030415356
3551127001
3816785938
2811001591
2102988440
1179104197
2979726606
1197095875
1770594548
923093617
739259338
3225977679
2060487440
3903378909
4168568902
4277820827
3628001516
3408216585
2620282498
3617429159
1936692872
101071605
2345992830
926333555
3513102308
1402743969
3565735994
2746029311
1395134720
3639100173
450952118
2526458443
438130140
1716021817
1806336242
4274282071
1680333432
1289965093
442768366
4102923555
4219583188
3033815761
2843363498
1826411183
374919920
538426429
2017674022
1996157691
3257581260
2251710057
2998601570
1360777735
3068189288
884075861
3204403550
1604975571
766263748
1613812993
613129498
3545414751
396480736
308953453
2838832790
2312249259
3491111868
3771866777
535226834
1971253687
649696856
2550470789
622699214
2543238787
1567900852
3354696497
3307457930
1498010127
1979845328
3704803997
3356337670
3481745499
3947791532
817801929
527771714
898153831
2995850824
1110429621
2985693246
2854153523
539542436
4213353825
2154420730
4223472575
205029568
3036966861
3773022582
256195851
1392697756
1700725497
1265418930
764687639
2365997624
524620517
4102003118
1137543139
2597895828
3581807505
826589802
3798434159
1623470768
158472445
1636727014
2264346043
3458349708
3537250089
3683957026
2092718279
209203752
1813504533
359743262
1609404051
1918055812
797554113
140216026
264510239
2514755744
2974731821
2309278806
2605189739
2606468988
1644631897
359926674
1960585335
2600853016
3862641989
1195507854
4169793859
3139905652
243837937
4229244746
286122191
1503087248
479039325
3665673158
2275595035
1629347948
3230978953
3159472642
1250862119
2794341896
4227998837
908647934
3060654067
3919812452
3565022753
949527482
2923418239
3583815808
2212584589
2268088118
238192587
496512348
2430753721
2167719026
3308178391
2427480568
4236220325
2015156078
2703501987
3252126292
1881963601
2412575786
2585063471
2675135088
415053245
3834867366
669132923
381253196
2584915945
1927555810
4007108487
2664122856
1200002773
4241812702
3472351571
1200744772
2367116929
3914936474
570964447
2824482912
894704365
3644731926
3025974571
3392191292
4161327129
1843850578
3294895927
3925730776
2108301829
2110266958
351536131
2925644852
3280043185
2997109002
3730091919
760236624
2358840349
1300730246
705506779
3714907180
1265089609
2357464002
3849276135
1327971784
2956802357
3995954110
3068367539
1234578212
3362647777
1322593658
1643467071
2803146816
1514080589
2609286390
1176408715
228407580
3918689401
2529330738
1146364567
1592152504
2438126693
3942372654
391220579
2084439572
2644487441
2261972458
3936689903
3123065392
2461602429
4279379046
3162235707
531657228
212596905
1919507618
3593315911
1301946792
2747141013
720001694
1737028627
2837994756
3248076609
4182022746
283056287
650379296
322578349
96557014
3889176555
3495274236
60246233
2466221842
1121375735
3814829464
1796327109
4000316430
1469368003
585379828
1604259185
2324765386
2011053647
3102542352
3518318813
4276823878
2038843547
3288061932
1643603209
1774984578
2498408871
1813771656
2611023349
1875097982
3326084467
465600228
2142416801
3571414842
2107478015
945836032
215840269
1806078646
701062475
1993475292
808406329
3587573746
3921951063
2808609144
1249829157
1390187246
1897246755
2513193428
915906001
2551623594
3940027823
1486672368
2082844477
1858771494
1736728059
751250892
459407721
2481213026
561933575
3097803112
494813269
359762014
2757805779
1389793476
3587233793
702399514
2735257439
2833354720
2143351917
1022246294
140659371
3783938748
2775744921
2927489234
2398375095
384906584
2066885509
2130287054
3945548163
3295564724
463560241
3852186762
1416269071
2217576912
1352811933
2355657990
4174259035
948597676
1426312649
3991531330
2814433383
2100063560
3136135861
279693118
3208853555
4225929892
1661743201
2625077498
670600895
20955072
813474509
89151606
3958564875
1828098204
3849905657
1211058610
3024031767
3656737080
1422108133
1971261614
959484643
2588036500
3553906321
89663850
1903017071
3801559472
2579696637
2977746918
196843707
1102948748
1995754025
1360330786
2139747271
1068175656
294073621
4062869022
3225377171
3227288708
2457647297
753184218
1598363167
2255675296
1873314093
1820648278
2832414059
4052663932
3193600601
2854359698
125600631
3563879704
986402885
3575969678
3128593475
4274009972
4031278833
3850636874
2864290767
3604072848
773849693
1405063878
3936665115
517525356
894236297
1922924802
749846311
3256395016
3403872117
3869611262
1017981683
1169974884
2604298529
928860858
1204178303
963833728
433885069
910417462
2136683211
3284851804
1244610233
3079555954
1652860631
642681080
2632002213
3634581102
3126998435
3579842900
3457531729
3495387946
354822959
2144686448
1884367037
82363814
1273074555
575923532
2418299625
3820712418
1594899079
40708328
2627267029
3067421662
3051662419
762984516
2153601409
1947817882
2354328799
3610767200
2544946669
1111836950
467853355
3022187068
4010750745
799798354
3408886327
731088088
4137497861
1454511438
1883213571
4254718772
2522103729
1812604938
1904962191
3097086288
1324252957
1924163718
1372199131
447146796
3549617993
296145602
4068304359
983604424
1212222517
3346080446
2570968499
353237540
285045217
4149269626
2210843711
3636059968
3720166477
2353079286
2529312139
252635164
1595037561
2914192690
1934949783
2083745976
3482808165
3255389230
4285175907
1390777620
1042018321
3134479594
750868975
404173104
1150289277
1724808038
2327203387
1380573452
2544933801
1167565730
4006691143
3769303208
2608029333
422678942
1074839315
2515512324
3895638593
825999706
821433247
1928380192
1822022317
737111766
1951484651
2634470908
2555423705
2832963090
3100455159
3961932952
3144145349
694219534
2000376259
2897952500
2256851057
451805642
1604319567
4047866128
1473100765
3338337862
