1728004947
2197676868
19859585
2709076634
967097311
3910716000
2052975853
3328826390
3209713451
1025242428
823575065
2215130962
1636884791
2895101912
3320722437
174655566
811329027
2293515828
2689445553
653183754
4078547343
3961349200
2136956445
2823142278
2758889435
1276032556
2210016841
1679807938
2765393127
3516372936
3721251637
447796670
2949379251
376382756
219062497
870987642
1610797887
2710583872
1541528397
309802742
3457365131
1066758940
71919225
2021183538
2517755031
315960248
693104229
973193006
1339715427
4148002836
2436161297
961708010
1176183023
2515553328
3428344957
1758809702
4162913595
1151282188
887581353
1322919586
2992891975
2359786408
4081556885
1192412318
1238521363
4126037764
4081281345
2110694490
3319634591
1903991328
1979054509
1626800598
2235941355
2145050876
2893495001
46848274
698718199
4012738456
2269632709
2858083854
1438558403
3440421364
2793226097
2378540234
176504911
3895731216
380476125
1915965766
787245723
4256666092
1184618249
2912020354
2389832615
1850101640
1638113269
3323011966
1516922739
385054948
4209336737
2875097402
4195160575
2849368576
3039971341
1168194742
3040870219
2724478684
1404583737
3593884146
2250505047
2979058552
1601041189
1714191598
492868131
1034273748
1295962065
1048590762
3845132207
1373694960
3505848637
639091750
2401992699
433055692
3371135849
3783202914
2027335431
3295417192
4000961109
811856478
4075563219
1794542276
923568641
1154600474
929642847
1469327840
2452538989
1882056598
2589584555
3349777596
1881437081
2180201170
1097141943
100077400
1029324165
338592718
1847077763
2020920756
3197210673
3250208394
653496079
4260275152
4190934941
37398278
3409331547
3076533676
402276297
668580162
3714718311
420529992
1801598133
3133354302
279943731
3748629668
2261836385
778078970
1690964159
1135565248
293827789
2891252342
3706423819
2351090332
3285440505
1899598770
490787351
3562552120
3097802725
4145609390
4215108835
2834679700
4287463569
3920343914
3433545327
3545582512
465985021
2689858022
23378619
1893753740
3688119337
2581187106
1409562055
841771816
3052717845
904323102
2634857363
1574338180
2504682177
2822944730
352819231
4078926240
3284685613
3788410198
2437732203
138934396
1558080601
3946929298
126829943
1085036312
1961189957
3986940302
1680371267
4137726324
3779764465
3834419274
2133106127
1963778960
1299993693
3055271110
3155091483
1556646252
144009353
750209794
2692546855
297205512
3083438453
243728126
1834716403
3416481892
3650167585
1320178874
2264518527
2799470976
3314901389
340953142
936760523
3499169372
2505846969
323130738
438855895
2867553016
565460133
1921464430
875632547
2230160212
14741841
1016393002
2470587695
1108175728
830896829
357167014
4052530555
227581772
3730162921
2980723682
2997648519
4121461480
1719172053
1297845726
1123290707
172896836
2528971649
434200986
2776151775
1541310816
3213008877
1670968086
3168698923
4118160444
325395737
3899997778
2598648887
2936889048
2057914117
2625306446
3803148547
1934906676
3345510833
3623662090
165178511
1431233360
4135375133
2878771846
70662875
2444272940
3912061257
3588922562
2792007655
1475933896
3281624629
2535230654
3408805811
4149146660
3689292769
1577967226
123489855
3407706432
3861384781
190434806
2025774987
57614876
3373353337
1175541554
4221222807
621431480
1197244773
506934830
3539696227
3712814868
1777934865
4177258218
2411682799
2244561712
1459050365
2193204582
3261296699
1939905292
20188585
581987746
3280962375
4003486376
3703894165
746716062
2674008339
1813882372
2216979521
3412970330
4017919391
1771133216
4196248749
1665997014
802090219
49549308
4101545433
3813597202
3659789047
551167640
1533406149
1181998350
1416442819
3662657780
3920298609
1036684234
2110716751
1718919952
2576223709
3228248134
1718375835
3117973740
1250032137
4248022658
2113080999
2878779016
3415372533
3930315390
1156035187
1043482596
915399841
1849239610
1286704383
1748117760
1207663373
3744125878
308718155
2021453276
531833401
1399183602
5756503
4067750520
2522711589
4293456878
2723978531
2111066836
328602321
2694881450
3638512303
1179183856
2430137405
2791512870
2527652603
3872413388
892278377
2796314466
1970096647
3168006760
3046778197
1226451294
756478931
1057282500
1715506433
2930242842
3117626463
3019368672
2824436077
246087318
3168671659
1686223804
551081625
93209042
1678666167
634564184
3822801029
3511581390
3827414659
3612531892
2161267505
2008425866
1372080655
809378512
2607811229
2455338502
1701916763
4177534124
2102616777
1012039746
1976972647
2354062920
3430156213
1572661310
3041387827
1007508388
1380869473
1358049786
2109311935
4124743872
2144315341
2642778486
932001035
1132099996
436321017
1157634738
656387351
2196462136
997673701
3713823150
756318179
4064499348
2524431249
1967331946
1164048751
3947645616
2750107901
4261826790
1360864699
1793053324
721870633
3076395298
1996869831
3221441064
1303910933
3638826782
651331219
4274244996
97611201
1968168666
2336002847
2463250592
3203794477
1400022102
4140565099
232728444
2034618201
955474834
2539888759
230094360
2697557317
3804944526
2089613635
3592274036
2241750001
2810150730
3162790095
4201341584
551733085
2132906950
1141164827
854030444
2455866249
3976663554
2631146535
971333128
2197707893
122140158
3071203315
1285566308
1474405921
2549676986
2167687807
2882979968
3798242445
338304822
3673325515
942130524
4173140921
3835698290
783434711
103645688
594136997
1011986286
3185779363
2254051924
1264464977
2023969834
1812424751
2626906736
351169981
3345172134
2491424891
3280932428
1400596457
2391114466
924391303
401498600
3252604629
3516908766
2270484819
3877273924
3952545409
2435156122
2860036575
501237856
4071838445
3747875350
811117867
2999735100
2659158041
658392402
2464388919
3896966616
3740293637
3769169486
3362716675
40920116
2966369457
2934348042
3032688527
3434898000
245777437
2760075654
82257371
189699116
1517057097
689005506
3249324775
3021362632
1810985269
3164881854
2768014003
2343224100
805938913
2500691322
4259432767
2179381312
2222604621
3503842550
2941684363
3930378524
3164941433
3154501170
2513410711
1811638712
4210365541
1653124398
1602782563
1171824148
1258906897
1820413418
2744096495
1105087024
681724541
3800166
3281115963
1956514316
3746345129
635614370
3831963207
2757048744
4006495125
3909956254
157150227
4090033412
1615949633
870904410
508006559
753014816
3092340653
541011926
2084837355
3339271932
4047896793
976152338
894324215
2235745688
2869952197
4037596174
847756995
1208666100
2066007409
799765194
4047812175
1861296656
159023325
3762224966
1792557211
3858067436
1714691337
3392238978
1931487655
3131248008
3289204213
328372606
2580610419
3572307684
2206623649
1508888378
1518471167
801794048
986754573
558918326
662263115
2912001244
645530937
351363058
2604118359
1679102328
785979685
1438739182
3703875619
4236173780
1849251281
3533506474
45778351
2196564464
3821463357
1716154918
17978875
3251422668
3208296809
926262882
1840243975
83349864
1900443733
2498519134
665698003
3767478468
1824559105
1331305498
2909351775
1469556704
1150299245
1136924054
2907587243
2119559868
2455320985
2609203410
493077687
1953123672
3521667973
4169822670
3851895171
1387064244
492770865
2341342346
3905488143
1758044624
1981775261
3490993414
4170718043
3868986284
108561865
1780959042
4293808231
3444278600
2282871477
1641193278
1884041267
3290901156
3138906209
3093289210
3184854719
759289792
2586303181
324153462
1981472779
2513315996
3069943289
4179796402
1034586135
1580890424
3956661733
3686525102
3226962659
906814868
1303250577
3971383658
1615344751
3347007920
186401789
2002036710
801214651
2933604748
2751824425
1010718754
2176019399
2576754984
2785504533
184372766
486822291
690822276
3651432641
2503542234
3734867487
4123064224
2351937837
934460246
1446456683
3430045308
1652109913
889285266
2850290551
92116248
3761866821
2651705230
3428680771
2383859572
2419992305
3830343242
3524269007
33939856
2035628637
3519244998
4041651739
4043466604
1274654345
1655888130
1993815847
735034632
1958686581
3173281022
3274580723
3038314084
4286458145
1109238458
245024127
2987198336
4148152205
1956492854
2382047947
1991930972
2934568633
844735346
1005067991
2318115064
514548389
2050500206
1426140579
1044556116
1109882705
3163405098
1392026415
928344432
593649853
1897438630
4066347899
4287200588
4268559081
1857866210
2402398855
2180006120
2849055189
1090517982
3827410003
157470788
800919937
2001055642
4171541727
522061664
1139803629
2848661782
3384727595
1696498236
40233753
2959297618
4186894903
1211931864
583232773
1190325582
2442823427
638087988
2357327793
464289802
2748965519
1113973072
4158371613
51134598
1451495643
2833810220
125278025
3449039554
2795167207
3589256392
114639925
4215798462
3979793843
3280114212
964241889
1223240826
4086514751
3052140352
1725461581
3539139574
567948683
3826679836
251989881
1247175986
347108759
3618146488
1947838309
1995842606
2776731747
551562516
1684383761
65189098
831246831
3123661104
1901673853
1364611942
2880194107
932673804
4281422761
3362847650
3303717191
2647005352
1499698837
3971246494
935704339
2096120836
3083498049
658512218
37653407
2876167968
3767603885
130893526
447038187
3155848700
3537855449
2003496466
3945048311
208102552
2789609925
419023630
2685290947
104978164
2330626161
3546831306
350646607
4054425872
2524115933
1101977158
3962579867
1913544428
3383902217
2223717506
502875303
2339073160
2064914677
2986166398
153503859
3408127460
298379937
3733091898
3548283647
4036929280
3182551309
2081554870
2759327819
832719836
2550982713
2329470706
113478743
4134613112
1491119141
3619021294
2090382115
2846191828
2368248017
1148546730
314687663
4157401328
4190165565
3587033382
2120728827
2596615372
2534562921
52096354
295600135
2362945640
1367264085
2212140894
2461043155
1066760132
2056033025
2531803930
3257608799
846423776
2530402157
2138647702
464154027
86383036
4104494233
3017297874
493166519
3787320408
931231365
4192364750
578342019
3666016948
3291994417
1833038730
2616573967
2542870736
3118133405
728443910
883623515
1882454700
3815352521
559418946
733113191
3422741576
3460017589
923031102
4055661363
1740437924
4046285665
3567878138
3575415231
3655669440
2425097677
2109392758
1217694475
1931335580
3401679097
4255197362
283206423
1447401528
4190138597
1647796142
1694930403
1683125396
1429227921
3221612650
3445256047
1475233968
2170107645
2084503270
1297218491
752005260
1993352489
2558172962
604833479
2934245416
4007837717
1009943838
799153299
3440536452
1086550977
2013146330
3207235871
199997088
1534422061
4270772822
1603164267
872514940
1215862105
1332441490
4010825335
402666520
1664457541
2406270606
60428099
244047476
824830449
184110410
1875365583
2078040208
2262019421
503398854
1924440347
2266584684
1700647305
4256866306
3733344807
3614841864
3171680885
2686264318
1102671347
4111322468
6728737
3172878778
3744284799
2843690624
874969741
2779598134
