4078528397
2490029622
103140043
748983388
1418565305
1835582322
1651293911
4138189048
901317285
3014215278
1920978339
3513829716
1010767697
2038487850
3926999855
1398114672
3156476093
4172135846
1605512059
410754380
3682118377
3927173602
2841531015
1039425768
4207329749
3677952990
2613593171
1620635716
1312600449
2105593754
4167388383
2074486624
1402578413
2871542038
372865067
3273171516
2430176025
2650958930
2439221815
1439218904
3349220613
2482244942
224995075
1665569588
2305398705
3710885898
3594683023
561381712
3631044381
271671430
