1812424751
2626906736
351169981
3345172134
2491424891
3280932428
1400596457
2391114466
924391303
401498600
3252604629
3516908766
2270484819
3877273924
3952545409
2435156122
2860036575
501237856
4071838445
3747875350
811117867
2999735100
2659158041
658392402
2464388919
3896966616
3740293637
3769169486
3362716675
40920116
2966369457
2934348042
3032688527
3434898000
245777437
2760075654
82257371
189699116
1517057097
689005506
3249324775
3021362632
1810985269
3164881854
2768014003
2343224100
805938913
2500691322
4259432767
2179381312
2222604621
3503842550
2941684363
3930378524
3164941433
3154501170
2513410711
1811638712
4210365541
1653124398
1602782563
1171824148
1258906897
1820413418
2744096495
1105087024
681724541
3800166
3281115963
1956514316
3746345129
635614370
3831963207
2757048744
4006495125
3909956254
157150227
4090033412
1615949633
870904410
508006559
753014816
3092340653
541011926
2084837355
3339271932
4047896793
976152338
894324215
2235745688
2869952197
4037596174
847756995
1208666100
2066007409
799765194
4047812175
1861296656
159023325
3762224966
1792557211
3858067436
1714691337
3392238978
1931487655
3131248008
3289204213
328372606
2580610419
3572307684
2206623649
1508888378
1518471167
801794048
986754573
558918326
662263115
2912001244
645530937
351363058
2604118359
1679102328
785979685
1438739182
3703875619
4236173780
1849251281
3533506474
45778351
2196564464
3821463357
1716154918
17978875
3251422668
3208296809
926262882
1840243975
83349864
1900443733
2498519134
665698003
3767478468
1824559105
1331305498
2909351775
1469556704
1150299245
1136924054
2907587243
2119559868
2455320985
2609203410
493077687
1953123672
3521667973
4169822670
3851895171
1387064244
492770865
2341342346
3905488143
1758044624
1981775261
3490993414
4170718043
3868986284
108561865
1780959042
4293808231
3444278600
2282871477
1641193278
1884041267
3290901156
3138906209
3093289210
3184854719
759289792
2586303181
324153462
1981472779
2513315996
3069943289
4179796402
1034586135
1580890424
3956661733
3686525102
3226962659
906814868
1303250577
3971383658
1615344751
3347007920
186401789
2002036710
801214651
2933604748
2751824425
1010718754
2176019399
2576754984
2785504533
184372766
486822291
690822276
3651432641
2503542234
3734867487
4123064224
2351937837
934460246
1446456683
3430045308
1652109913
889285266
2850290551
92116248
3761866821
2651705230
3428680771
2383859572
2419992305
3830343242
3524269007
33939856
2035628637
3519244998
4041651739
4043466604
1274654345
1655888130
1993815847
735034632
1958686581
3173281022
3274580723
3038314084
4286458145
1109238458
245024127
2987198336
4148152205
1956492854
2382047947
1991930972
2934568633
844735346
1005067991
2318115064
514548389
2050500206
1426140579
1044556116
1109882705
3163405098
1392026415
928344432
593649853
1897438630
4066347899
4287200588
4268559081
1857866210
2402398855
2180006120
2849055189
1090517982
3827410003
157470788
800919937
2001055642
4171541727
522061664
1139803629
2848661782
3384727595
1696498236
40233753
2959297618
4186894903
1211931864
583232773
1190325582
2442823427
638087988
2357327793
464289802
2748965519
1113973072
4158371613
51134598
1451495643
2833810220
125278025
3449039554
2795167207
3589256392
114639925
4215798462
3979793843
3280114212
964241889
1223240826
4086514751
3052140352
1725461581
3539139574
567948683
3826679836
251989881
1247175986
347108759
3618146488
1947838309
1995842606
2776731747
551562516
1684383761
65189098
831246831
3123661104
1901673853
1364611942
2880194107
932673804
4281422761
3362847650
3303717191
2647005352
1499698837
3971246494
935704339
2096120836
3083498049
658512218
37653407
2876167968
3767603885
130893526
447038187
3155848700
3537855449
2003496466
3945048311
208102552
2789609925
419023630
2685290947
104978164
2330626161
3546831306
350646607
4054425872
2524115933
1101977158
3962579867
1913544428
3383902217
2223717506
502875303
2339073160
2064914677
2986166398
153503859
3408127460
298379937
3733091898
3548283647
4036929280
3182551309
2081554870
2759327819
832719836
2550982713
2329470706
113478743
4134613112
1491119141
3619021294
2090382115
2846191828
2368248017
1148546730
314687663
4157401328
4190165565
3587033382
2120728827
2596615372
2534562921
52096354
295600135
2362945640
1367264085
2212140894
2461043155
1066760132
2056033025
2531803930
3257608799
846423776
2530402157
2138647702
464154027
86383036
4104494233
3017297874
493166519
3787320408
931231365
4192364750
578342019
3666016948
3291994417
1833038730
2616573967
2542870736
3118133405
728443910
883623515
1882454700
3815352521
559418946
733113191
3422741576
3460017589
923031102
4055661363
1740437924
4046285665
3567878138
3575415231
3655669440
2425097677
2109392758
1217694475
1931335580
3401679097
4255197362
283206423
1447401528
4190138597
1647796142
1694930403
1683125396
1429227921
3221612650
3445256047
1475233968
2170107645
2084503270
1297218491
752005260
1993352489
2558172962
604833479
2934245416
4007837717
1009943838
799153299
3440536452
1086550977
2013146330
3207235871
199997088
1534422061
4270772822
1603164267
872514940
1215862105
1332441490
4010825335
402666520
1664457541
2406270606
60428099
244047476
824830449
184110410
1875365583
2078040208
2262019421
503398854
1924440347
2266584684
1700647305
4256866306
3733344807
3614841864
3171680885
2686264318
1102671347
4111322468
6728737
3172878778
3744284799
2843690624
874969741
2779598134
