51600275
3488390788
1361709761
3965573082
2032678943
2827458976
2530341677
252423510
1478981483
3709999228
884083801
3535830162
2411980151
3273160472
1227031109
3800367502
2790723139
2260652404
1402093809
3689920586
2918006223
1694303120
1231942749
1730206918
3826352155
279619948
1674643593
813591298
1213833511
531308296
3522111861
3153662
900869363
466190436
1010877217
3948639418
3395972991
2471799168
3295609229
1528801334
2868933835
1165702748
3992965305
1699853682
1806502103
1181188856
2613173413
3002620014
2897196963
3072043860
234393937
4035448106
3042626863
1829604208
2370312893
2212433830
434066811
2776809292
778134761
67197922
3084459143
2695668456
3664649173
2928979422
362458707
3229897284
2285677441
3608969626
4030289631
2271652192
1378631661
200676118
2220433963
2456831036
3570976025
1830051410
3719879735
1805221592
42395397
1887182670
964563203
3482481972
1464865201
276812298
1195445391
3277783888
437154077
532394630
3570981595
2511521068
369684809
1053932738
820463591
2819430088
4183768629
2951064766
1344593843
2610238500
1144374241
64552570
2171399743
1035311424
1956752973
1564929526
1015644043
1350124060
3679775097
3309336370
1472159639
178678456
1158291813
3452458542
2954500707
3952815892
1689305617
2114914026
276298735
1055484720
2857957245
1148110182
3814068283
1806875404
4074745257
1780977058
4217119559
3955522216
1012568213
1155210142
2124988691
2255734276
1262750785
566815578
3235722655
725186848
3966192813
2798270678
2548665579
2282631164
1066155481
621674514
2006487799
931546776
920882117
429194510
1608242115
581818612
926065265
3614288842
1775737679
1923400464
2227154397
397428806
2142172571
771399916
3908934153
3946499714
2333060775
1573572232
3170374389
1244461694
645812851
1452828644
1149207713
1025787962
2640456959
2162837760
102046477
1547170742
3335604811
3181841884
2341913145
531953906
119305815
1110512248
3081446949
1050285038
2216377635
2286056148
2616046289
382976170
1480059567
2911439600
2077922365
3677895462
1346079483
1593997004
1752872553
54755170
2144987655
739775080
2697971029
949176670
3103626195
3715824068
2734697729
3189970202
2983449695
734005472
2588088685
222830230
1704507307
4055620540
2509010585
611148242
4230154679
3063860824
3002658949
3280968398
1144018563
735116468
737801009
2457421194
2356210191
4203627216
3997280925
3971915270
1733546075
4248976556
762249929
3480854594
2777863527
3231991368
427403189
616958014
2474542387
3901979556
2782791009
1761432058
1158294463
3568482496
227100621
1706211702
2090325259
2697238940
2139446009
2121218738
2021936407
1556576824
543484645
3408761262
3010666467
416380564
1282368401
4237703786
1666881903
548170416
3331125501
3321589990
1129301435
2201088652
1072856873
1226125602
4094849223
3244780072
1687009813
3212654366
4284032659
1096412548
1479609793
1575681754
1239233311
3770308768
1350542893
758105174
2150015595
3275310972
3080286041
1425179538
3390586999
950212120
59184453
338425998
3510344003
1455153268
778437617
1667407690
3855415503
2732294800
2069129053
4238783430
3464981275
3880360044
4095552393
1162752514
2402335783
274300424
3416521845
1433458174
837122035
2907066212
2433828385
421796794
1596254847
1892608128
3753784461
1198997302
1352474571
3448890716
4158698425
2871999602
1790370775
2317984248
1811378085
4181905262
2296496803
3909630548
3472217169
823555114
3365931055
3222506096
254807485
1115186854
1599258747
2617323084
3926329321
1969005282
3334846343
3413279208
2756996821
3478709470
1283160403
3989872964
4086738561
1927325850
3485028831
1642621024
3286037229
3024169494
978537771
2957407036
1181952025
1616733522
3684151
3444776408
1968044549
1898583630
2981993475
3475932212
4147565745
736737546
1823197071
1934393936
280486941
1697155462
3087648219
2412819500
231216201
1719174082
380199655
1286239688
1345786165
2985124798
1551051443
3228623652
4007216865
2673386874
2456971583
1291769920
2440290637
2403697910
4120980107
3620663580
4117286009
800390706
1551121047
3122104760
1193456741
244960558
254223715
78036500
1010894097
1981050346
3737663215
1937664560
2592336509
1315904614
117734203
758131212
2541244585
2178536610
649313863
704207272
1021567893
501633694
1529121811
3734967556
3186691905
784601690
1244147871
2265593888
1763377069
272388054
2799613931
748904188
2732171481
2960000786
2101538295
1148118424
353214149
4846606
1349934787
2162747380
4281099633
2379125450
3620558415
866206224
1395400925
67379014
3868909723
1519882220
187677961
213423490
3401370023
894905736
3824346613
3489378686
770153843
4258477796
1744177057
224063290
1169336319
553814016
4150939149
2329774774
3731092811
322682076
954049849
1438679026
2356957527
2622566776
514242853
284330734
285427747
929890772
1829828049
1297098666
3163760047
3802991088
1833469757
2812252710
1562703355
2055136716
956717417
676120162
43812103
2092691816
3405518933
551911518
2786352851
3481618628
3221237761
2203401242
2146029407
3890202592
1962527853
1860253078
2559107755
1812990652
3985430937
1860462802
3757597879
766930264
2944795525
2806747598
3626361219
397085620
2131146289
3939576970
2649859343
1805238736
2809208221
1996059910
3707419483
1801333676
1024730569
3519964994
4197118055
1243587912
2207742645
89898814
2164445235
19745444
1697089633
887814394
2678433471
1687812032
2791406285
1207914614
1034256395
2476230812
1124023801
655475122
4186908695
2694224184
524516837
3322742958
422980323
219874708
4196771473
4169769322
952161391
1969187248
1279124477
3418998758
1148465339
2276286860
2138120745
3799349282
155192263
595216680
2875002133
236351006
1745547667
1011039364
3263434945
575940058
4156435999
3693680544
3694745901
3186613078
2719075691
1649178236
122475097
2239793810
2266536823
3639194904
3514247237
200208270
864822339
4281659252
1871038193
1689355850
4124619727
1660289424
843504221
466127558
3723056667
2783217516
3023392393
259651842
3014907687
3401833736
3957641077
1741524222
4035232499
641670756
254658849
2814952122
2265671039
1334126464
4078528397
2490029622
103140043
748983388
1418565305
1835582322
1651293911
4138189048
901317285
3014215278
1920978339
3513829716
1010767697
2038487850
3926999855
1398114672
3156476093
4172135846
1605512059
410754380
3682118377
3927173602
2841531015
1039425768
4207329749
3677952990
2613593171
1620635716
1312600449
2105593754
4167388383
2074486624
1402578413
2871542038
372865067
3273171516
2430176025
2650958930
2439221815
1439218904
3349220613
2482244942
224995075
1665569588
2305398705
3710885898
3594683023
561381712
3631044381
271671430
3961958619
2917835564
1095972681
3749399234
3323428327
3070481608
2577065013
3440450238
3610080691
2294854180
1321781729
3082046586
2728649791
3649312576
4065465421
4259322870
3936671115
1914740764
1850257273
2995094834
1171592599
2386864312
247940965
528958510
664809571
2418953492
1276987409
2448807146
658797039
1682925872
29023613
738947942
295626299
2963904780
2111632297
954735522
297228615
2884253864
2516137621
1041074590
4228667155
944137220
2884244033
3332061530
2292132767
2652305184
1339732653
2756339414
130015979
36998652
3941794777
573181458
3717810423
1947436184
2663625157
1696262926
3497847235
799012596
1165109361
4127947210
4126085455
1859764496
1050973149
838071878
3396520859
3878715116
1965940745
462576770
3222660263
3466562696
3380197621
3404097662
1337780339
76154340
3434646177
1986893370
1496261375
3126249216
2026602765
3525255606
1575133259
3083627484
1357940793
1076365042
3800575063
388845688
388910117
258408942
56054563
353603796
41957585
3282603690
119169199
1343031536
566393405
597879078
2096783611
2482459852
1465777257
2293370210
822812679
219926632
431254357
2891167582
60238291
2131466180
3830199041
4016268058
1865140831
3678111456
96239469
3608562838
1231359403
1398815164
911817881
1001877458
175751095
3280604248
597628549
1696827598
2810670211
268507828
3697244465
285545354
3416154127
3537977552
3383529629
516967430
4220364379
1970674348
2693089481
1568616002
4033809255
2438399048
2017545653
3071112766
888347443
893589924
4055698273
3048513530
3513590207
1774008000
457551309
518514550
2459904779
292026268
2101682425
537938098
927335191
18987064
2075005157
1225293742
2422552035
3957363860
4163365265
1348012138
1616056175
2119067824
3774535421
1563696870
2223283131
3324301452
414958889
1395769122
3055134407
3242797096
3803734037
1540072734
3978869907
2963835780
3223524289
2845396186
852175135
2329138848
1778322477
827060822
1843984491
2858132860
1405891929
3563753874
1992619639
2481738776
3807591237
969795214
2101915459
1881800308
1190234609
1339845962
2383441615
2504818832
2655341917
881222086
3258401051
1014724204
3558437257
4278304770
1709371943
1055538184
1655808629
2806399998
563088883
1991503204
3868609569
122251706
4062044287
527918720
780180109
2985979190
2073720267
1387479900
872839609
469650034
47094231
2078400504
688297381
1378598254
428464291
1616205908
2245286481
969359914
3383655983
382961776
3290690493
377427110
3405616763
183635020
850808297
3525783778
262335879
3895607272
231019733
1110790878
3011579731
148717380
3358504065
1727854234
440223711
3298813536
828528877
1621841942
3356205867
3135689020
3825987097
2516808530
1094380855
4110048216
696262661
1222247502
4236292611
2077925940
1038637745
2488370954
872758671
3185279056
2704198173
2429958022
556768219
3758133804
3769260617
433721794
4013005031
3608753096
92976949
1901121982
1884537011
3835461924
2483309793
3169579898
1644257087
3544536640
3342616397
420918006
3415507083
258887452
1978962553
3182562354
3286364311
1999488952
3422018149
1888533294
2844080995
2117196820
3292891921
1102265322
2582424815
22833200
268292221
1296288358
3005567291
3860793356
3591214761
4283589282
1818686535
1637291944
2006616469
357613726
291512851
2204742404
1160713537
1498308698
742532767
1616885280
3500565933
3539238358
1787629035
4173446396
1205364441
3930199314
1218159607
3061064600
67486917
3087524366
2414834883
517146100
973335409
2149867722
1950141519
340672528
1999177437
293588294
3677795995
3284495852
1459094281
2278040450
454754215
430173064
2643233781
2867666814
1006515059
1522324708
2730954145
3898359098
2279054847
1021773312
3124278285
2717694134
4115483467
2606308060
63925049
1324060146
3107981143
2730848120
3510755109
2851567854
186080803
288759764
2352708561
3923572138
3889011631
3853060080
3376966973
3208790054
1606142971
2607530956
4085358441
2490586210
3139812103
3442978664
3170418261
1256058462
2173039827
3691898564
1071920641
1917684250
798606687
4124263904
2089497197
3051840406
674052267
2544658620
2683412377
4209407698
732371639
1746512728
1061431685
1830256590
1649735555
80947636
1946434609
1964309130
3312917263
543473616
2230584221
1413686022
1930203483
193595820
2277665737
3800823106
945759847
2253022024
662118581
2849713470
1599039027
1960110244
2073988705
1532643066
2321587391
3558634944
2620776653
1517059702
