2173180483
1594125684
1195584753
3321082954
3263760847
1882087312
2174197853
2814810310
2439253019
1839449452
429880457
922871554
477031719
3439852296
458118517
4052572926
2035693811
333847652
2010951457
508457146
3442031487
2823619968
3316886925
2485412918
3475374283
3173732956
3910745273
3533975922
4064629975
913006328
3516663973
2828309614
1099350947
550455124
943684945
1680476458
3137116463
428664688
174573245
1224919974
3046629755
3249134412
3984969961
3353532386
2645846151
420970216
126044117
3023038942
342145619
1569648196
4159608705
1932361114
1031676639
3375170912
2917592045
3774402326
3362041387
1288593468
2261266713
1732565586
4288096311
573266648
3784774405
2178308942
3942325507
3518239028
321715633
2898251274
1357437071
137125712
1730419997
2019389062
569861851
1476911404
2575523145
1058093250
2609419239
3263558344
4113197621
3099519166
756345779
2760749092
50180065
1745353338
3963075135
1665791296
1976719949
2638719478
595266443
4102381084
3206174073
2337207090
1206102935
516310712
2018528613
2850066990
1631397475
220908308
2367925777
1642922730
2972043247
2466563888
3529810813
3213787494
618306619
993384204
1974475177
2781153698
3720572743
4283127464
1910226069
3220330398
3703491859
1113219588
4095866945
756410202
2620260767
1805374752
1577973933
2697524438
616634603
1019759612
1344776665
1979350034
3909279479
3224642200
3915364293
4016781582
1940185027
1789621492
658214513
2716444618
3029034831
3440254736
314661341
3293447238
2023326107
4054564076
639895049
3778431618
1480391335
1096788616
388972277
646067838
683302515
2355954660
4067651745
1318011962
3157850367
2467996928
858900237
3744772022
2089735755
705636828
1141386809
981431538
751616599
3597463160
2489143845
3173928942
3716827427
2108559060
780967633
3874340010
3757160111
2235590384
2060599357
1213462310
1133254395
2111935180
2599887465
2996632418
718091783
918220392
2327638357
3844506974
39821267
3560805828
4043970817
3031175450
1731240031
1186882784
1305855341
1749211798
1195131819
1020393404
4040417945
3356876242
2300138935
1835575896
3839958149
434230990
1178952323
3584727220
3157188401
120668554
1680913935
1184079568
3912193693
693656070
403332187
1582258348
272723657
3073449026
2706121063
3377799752
2115818421
2425832510
1191612723
1732515748
2935877985
2745454074
1676474303
2944341184
2459038669
1739289974
220291339
1904784796
4171417337
3925194418
2680199447
3441382968
1384322789
2822622638
1093544931
4263056020
3040497553
887895658
505439599
1476380336
3362823421
1628646630
4100739515
2372734604
236645161
1747627298
865189063
522602024
2934367765
1502376734
3221697171
2398652804
3076979137
3148872410
625344287
2991895712
1912492589
623280214
3264622187
1084973948
1233967961
1196883858
1050315895
2039018008
1624981829
2801415310
1302111555
2121366644
3402035185
4267088714
2526594255
3162300048
254677853
87846854
1124726555
2175972460
1755027337
448900610
2239105063
2586204680
3870500981
213783038
582583283
2429741924
1633497633
4177991610
3390289535
4030153856
3904037005
74185526
3354569675
2662465884
497688505
1668397170
1602170839
849182200
2676071333
4040100718
3605581475
3660306004
2045558865
1302884394
41014319
855828080
1073723837
1200366246
3661319291
764955212
1071346665
3022562
1724973959
3628948968
4212759253
316940510
276137299
2924166468
3489176193
3017909402
489561567
3323905120
2135400173
2234770966
3918453035
4229205820
4212298777
2642272594
675709751
4099209688
2853053957
4235481678
879405059
2428510260
197378225
1763292426
1115919247
915005008
1769836573
1975141766
4233646555
4288008236
4294082633
631766978
3548032743
3012776392
3451010357
1891016638
378746547
618233636
4065407713
2692194682
2506962239
1292055616
1247055181
1127629046
1606596235
1162546460
3017685113
817068594
3939010199
4138165688
672718949
3701606702
2843357539
497441300
2506354961
4074924522
3819307759
4262053424
641701501
4185839718
1471743803
3793962508
1626913961
1952927906
4081781319
1106261416
1276448661
3337457310
2926221331
771076356
2206137153
3472952922
1437138079
1507628064
3933318061
4130016214
3471197163
3805117180
1713704153
877298450
618478071
2911682968
3443116741
1074802702
1701800643
4166419444
4159000945
3912928970
514925135
2088410640
2631781597
1485953862
112553115
1001958380
1728456969
2980319618
437917095
3579578760
1876562421
1379986814
1028893043
4279751396
177861537
2880826170
750351359
2107827200
2352413197
1909081782
1196523851
3105085660
2080313657
2608528370
2153553239
3372027256
1493755173
1903609582
2208453667
2487786964
3764380113
2790925226
3632066991
1624532464
2146448189
883641894
2409988603
4006478284
1647494505
2123776610
3351236871
4224634216
1050231893
3949509726
346450643
3384272068
3669629953
4274927642
2507578207
89007072
3896277101
2781606294
1163685547
680928956
2877572505
897377490
3542003895
888162648
2535337861
1468911054
191556995
1626646452
3354108465
3766036618
2715906319
370089424
235850141
1266888966
3839969115
1507542956
4002845129
1484120898
2819898471
2134933832
3387598517
119339838
1908071475
3142444708
318207073
3967939834
3065541311
4191572928
1125787341
2649230454
2975796235
231498908
4140607993
2911387058
519795735
425620792
1594993125
1963803822
4028708579
3386024340
4087386769
2848955754
3082199151
3273835952
298946557
1993442278
1690352827
1465417100
4098461225
2558194722
2465159111
1705583912
795228437
3054873118
2112421267
4249999492
2657746113
4111016410
1666644511
540242848
1835533613
2178324310
3752941931
3241054844
2884648537
2329216658
2445993847
3661599000
2491110469
3903662990
287125571
911903604
1956033265
1888846410
47480783
1258773904
3788539485
2890811078
3650871835
1035838316
2808330889
1943893250
2351506215
4043356424
2560883573
2768947454
1317588723
3040590436
875148577
4103847610
438972799
4183655296
3284013965
2505019958
2427147979
389328988
1694958265
815480690
2237991639
395025656
653471397
1831174766
968284579
168060244
669385553
4278376234
403902255
1286923632
1621339325
4256266662
2043328379
3749886284
2281510633
4225066466
3281624711
2671721704
993783253
481581022
3841085523
75729988
1464769921
594660250
101325023
3259794272
783569389
940244246
4037346347
1616297532
136902425
3725781074
2141314615
2906298584
303118597
1496205646
558248707
2756194100
3064366001
2068814858
944393871
589520208
4242735901
2561875078
3886365915
2334113580
1647158089
496682690
2501429735
710717640
1489375285
30037694
779977139
144789028
1458615777
365119610
4258181183
1945662272
585285709
3854620662
2549506443
1762442268
3345881977
2926838066
844718487
3007612088
1567454053
2675933230
1797471331
1620961556
2515547153
1739837674
1347567087
3846882608
2972092797
3339399014
830698043
185382156
1309499305
2724566946
2290001223
2287015080
1054499477
3573859742
75653907
3675062276
1311243841
3150460250
2219833247
3277411104
2699124397
908665558
2331471595
2043587068
552497113
2566294034
2070123767
2107728024
480239045
3469813518
2795894211
2524812020
115020913
2724689354
4177714511
1713577232
67518429
4000428614
3518846875
2780928748
2947828745
795728002
1369649319
3943983240
1192289525
3004933246
744027251
2436800996
604796577
1639486010
3362123519
560407296
893922573
3707493814
973089867
1460963292
3737252921
1892844274
1687713879
2622041208
1866496037
299580910
1327914787
2573151444
377431249
1705151146
1999908015
883188976
135931453
2426316070
2930437371
498495692
926574697
1173064034
3495848967
3231624296
3607205717
1422324574
1465464275
1018049476
2343968513
2949406490
2766706271
3139035872
4172229485
2851145878
2171115947
1096177084
385919129
3846171602
600837047
3677612120
2162639493
794150094
3422320771
3099244212
2650039601
1201475466
3149802511
2613484752
1543126173
1263142918
446968411
2976069292
3770135753
1125558850
277370727
3001540680
1615100341
247378494
584787763
3939743140
71104353
2856033274
2695884223
2036961984
2410568141
2294326134
2844309259
4111209372
734170361
2172044466
451038999
1113166904
2301377765
2314779566
1887453667
1074278548
1112724881
982451306
1668864879
2726413488
708739837
3626752742
3556845499
457174156
4098109737
1613183778
1241051847
2817000488
1618054165
3518685470
406243475
2770806660
3636002753
2973649114
4002673951
21901984
719173677
2166533718
1723368555
2863513980
3407847769
2897153426
3618062967
363999256
3416745797
545006222
2081012547
1992268404
1957852657
2360371530
3074177743
198040720
696187229
217849286
85576987
2445578860
100130185
2991930370
3767025191
3247904776
1629539957
712212478
2898532851
1897957732
541210657
2165073338
1835838591
3015688832
2262124173
3067029814
3645899211
380854108
4012893625
2854274674
334947799
3577068536
2549137829
2375547246
435217571
2690184276
1915438673
3896065578
2883602991
1453515888
2622726077
3681734822
1145447035
3345557580
4125800937
718843106
1678653831
1575820264
4159324373
1101041374
1104878419
1345837892
3186663553
836629146
2819757023
2914402912
3962373357
1769870358
2376544043
1771367740
3725285913
2567171922
3047766327
1021065176
1235241989
134496334
1636679171
4232855092
1138050737
1398899466
3795650959
3187203152
1364489757
1363669894
2480809947
3936726572
4029990473
2531888578
2422400231
383913928
3328566069
3690597822
617860275
1071979812
1625045217
938143610
3579587391
3358175808
796717901
4108807926
2081819787
1338665756
701103737
1955629106
3465952407
1151181752
1213072997
1652094766
1446528867
3323033620
3200808721
811677674
2804578543
952615984
2736356477
2553513574
1647959355
2784109580
1827537577
2680151714
1298022471
3261985704
2049684885
1513618590
2399546899
966807300
2216493377
1667980378
3626168991
2551321120
2975666605
3502455254
150247915
4056668412
2961429209
335450386
2627071991
544341912
127004869
195960334
3880288451
891331060
2216482673
1030773962
4085291087
2047319056
2017112797
4125985094
2310095515
533105132
808349449
3398672258
2933410727
1921566600
3436427253
3104988030
2781495155
853635300
1858795937
3768006970
1061054975
1852269056
1583702029
2429121718
77256523
4094768860
2622543673
713427442
2306888535
1079069560
117705509
240891118
4028000803
2096217044
15362001
2496065962
1813473199
4038091760
1129322813
3425565734
1352423419
4204453836
1242434409
2023542882
4104718087
1965722472
2213931605
2436967006
2054684883
488669892
872292865
933660186
1166446943
1478599136
2939018861
3836878742
2875245739
1997702332
1665731481
1197404882
724395703
1345554264
3527169413
288996302
939131779
3439117748
1850288177
2895967882
1640425231
3350862800
49393565
2561466118
1767054683
1424434604
379901897
3876811074
2326295143
1414217544
1898597557
394029374
174551603
3855975588
2999876193
1288782586
3520293055
507040192
2823720141
2553625206
2778620427
390578844
3347345401
3586214834
1131751959
940618552
13815781
1459630766
1917537507
1354350484
3511752849
1462397802
3513194095
3860644784
1102542333
4112658918
4063072955
3374537612
1040897065
791642658
145657287
3588416296
1913184021
477894686
1055953811
1987606148
2522088129
1615818714
1996288031
1168437664
3663686445
2466956630
128692075
3978883196
3608872025
484775058
3224345975
467717912
912226885
3194427790
1046627907
799058292
4212799729
3265744970
1674573263
4006632336
372862045
2537944262
1971566619
1841791340
3025666185
1177092866
848517415
4226381576
1881776501
217593598
3983238387
3028375652
1436990241
240716986
1943742335
257819008
1643673997
3639263286
1373678795
2368605788
3961833657
1073892722
3140796631
1536940792
578442405
3257299054
664203171
2368308052
2294057297
2035000618
1842971951
1087169392
588223165
1355818918
3920465275
3578500940
3114556649
4248302562
4163818631
72809192
1629787093
4054369758
3610240595
2171087428
870228865
1327896986
3007712991
2019295584
3887183853
2307730198
1888836139
131013692
2897853721
1045493330
2052887607
2470041304
2159763205
2029401934
2772519171
2295090484
3813673393
1632594442
4032545935
4144651088
2530339101
259574406
2969768667
237477164
3657951561
26498242
1968766951
1763929800
1183954485
1866843326
2845185971
3131370532
1075035105
1995347578
3423970879
966193472
2686658125
3769239030
3156326283
3917748764
183624057
4077457202
1870600087
2595406520
414882149
2509139502
448352867
1040254740
1072478737
3169492714
2553197551
3900752688
739798909
3707231590
2581350459
2731774732
3986335145
3698730402
4058635079
3762737832
772343957
3330749342
4260755731
967810564
1432224833
904561498
19000735
3355889952
1273283757
905531606
4175283435
985991164
1155872217
358782994
947145463
2248056472
3188720581
1722225934
3612806083
3292508404
2678758001
710230986
3190444879
2821200656
695936477
3741671494
3734056347
2579986668
410292745
4078265986
3787024039
1538860680
824347381
3559199358
1504152179
3556786148
450198689
2555502650
1094903039
1420009728
932090637
4247980982
1461813835
2148132316
3836459577
949326066
2668899927
2769644152
1347657253
3606588398
376599843
788548308
3483478737
2747750570
1730585263
2230870768
1636961341
1465471782
628736763
1971015372
3400380009
2259294050
3835666951
158493288
1970683221
282550622
771935187
1527697860
59909377
106736922
659590239
3429196000
1001951597
3322885782
1933897643
3117069244
3227348633
3420060114
2570502583
2213488216
3139266693
1832497870
4284714627
2377831604
1760160561
2138627466
1140564495
2313788112
854925981
2745939462
2163083355
879170732
3227384521
3026991170
3329527143
1399496264
748429237
2438340670
3630153011
2622706596
1319894369
1145235962
4196590527
3628339392
3170549709
1011208566
1436552459
1686073756
4195504889
443011762
1219757335
3934507576
4127548133
1277405614
2776782819
3957804692
3499842449
1872876138
2978042223
2113127088
2285660413
1035241702
1866857915
1359137420
27096873
1972619554
2131765447
3751395880
2485924373
106516254
2719374995
1631962500
121308609
1916573402
2895244063
3711414432
2884443693
663673942
1921702507
2023759740
4293027673
1266097042
4217632887
3704319512
77827397
846073998
136761667
1358805108
936246257
2189047626
3096424655
3826178704
3623870301
3140209606
3671696155
3251007596
3800310665
2673396226
843740199
2415384072
4122899573
3164139006
3229528051
1868441444
72826401
209826746
3715474047
4231544960
2233969805
1805801270
2858244043
1789181276
2347084729
1648350322
723426263
2596141560
4136626085
2060511086
313064099
3228963412
2610547793
574229546
234799151
4214415984
618104253
3452534438
436271227
4180280908
53084137
3807591138
805007239
2189220328
2800412373
2630679774
1425060179
2283043140
3910706817
3947511962
3617982943
306036832
1363307245
137904662
1232045355
721767228
2754879513
1039793490
2109468471
2689824216
3881988613
470036046
2623591427
969432116
3306605745
353980682
312901519
3193428560
4250623005
1128636806
4011064795
3852831788
1336347721
3449494466
4093319911
287362504
155814197
732789694
1824809651
1759558436
613891809
1120812410
2449154367
3091214400
2765445453
419994870
135881355
641321244
2598749305
2581435954
3306418839
2776883640
4273155173
2831148334
1755733347
3094124052
1230830865
2102396394
3546214127
3832922672
2082693757
89666662
2288694075
4054909452
1263785
3364383906
639727175
3520836008
2322750357
2314365598
22135827
3409636612
4058711873
2739251802
2941053087
1127714848
2692249517
3586877398
179498987
1153054460
236099801
220372754
4278101495
2655468952
1880757957
1337723918
651269827
869974004
2307153265
3642108618
150998607
3766786576
1204263133
431568710
2153584795
63203308
2558965001
418590082
2588311975
2527430024
2751290869
1951648126
4159755635
1687883492
1479278497
4175988538
2121490431
3290161152
4039362061
2453185206
3784584523
3942552796
3889339705
184621042
1431570775
3130362232
2066690341
3685786350
1916436515
2676677076
2997153233
44285866
409066927
3783025136
2464153405
2720049702
3712167419
2119679436
3910750569
3759365730
1346518279
1836468584
3682766933
1133090910
570005203
3866697924
712124417
2347684890
4198926175
132456416
3461301357
3188215190
2299861675
4185842364
1581109657
3803250898
502013111
1718011224
1804237701
3008735694
3526957443
3941917620
3184963121
808502410
308043023
3528792528
470062493
3695611142
292877147
1071842220
232988105
455147330
1944889447
2688941384
3264869045
3964393278
1019480115
4266468004
131432545
9474298
3382599359
2542489536
4256363213
3841091702
1770895371
3434291356
4083955193
3211418034
