3446803671
553694968
3561062565
1892396142
3085106083
1506680660
3208672593
3657867562
1941983535
1858944880
2579250877
4028425126
4017822075
2994975564
212191465
1364357090
3874431111
778229480
3110518741
378339806
2192503379
27510340
3004010369
2190480794
638573279
2682477920
3560530925
1727588118
4160087595
192821308
1573267737
3136975442
1918885943
3886854872
171477765
2681828174
78861571
4267632948
2179593649
3475531274
2496172175
2514007888
3690239261
784565894
1790353115
2987243820
2547995977
109891778
3546237927
498944712
1007280693
333971646
2243634099
3612248100
2228791265
1995870842
2531619391
1030507840
3500200525
898875894
2296923019
392246812
877940089
3490745138
3225969559
1429446328
1693304165
598714926
1817271907
595698452
1637656081
2531367658
2921431023
2937921328
2326862717
1262524774
2322977851
3026693900
2437419433
3511460258
4063635271
3060706984
1807168661
2582081438
3988849939
2043099652
985198657
563117914
3069688223
522857760
3411570861
2439056598
1309298923
4191167484
563978713
1372066834
3573782263
4253907608
939077573
3406188814
3189053379
1622035700
3748693617
1332363210
2560827215
3448928016
1820971485
3947633734
152091035
1074369772
2633498121
2529813122
927707815
1785660040
3792090869
88297086
3222836851
1048959972
4224084129
244702266
4112429311
4128570624
2432188173
1847117750
4155772491
3074621916
800728633
1398344946
4201216599
2964473464
3807562277
9791470
3042345251
1230825172
1216190161
1929008298
3643109039
3224420080
3558258749
3500019494
215961339
1466657484
2869369449
406623074
3262639623
3887482472
1150314837
1320394078
3994671059
1996647876
3138982145
641640730
1815238751
790936800
2048408941
3681743510
2721938347
3492925372
3032603289
3288036818
2790395319
2056913496
3513947269
3407146702
4184709763
1829073076
3051083569
3620329866
2692771343
300938960
2683293341
3639505414
674862171
2030383276
4153239241
4074550338
3750943079
406616648
1156336565
183524414
1427949875
1890906020
935913825
2898454010
3809128383
4082199744
1800432589
86478198
3590232331
1091866012
1389149945
1860652722
2056605975
2738662968
2064682725
3443320238
498230243
1461709460
212027281
2953891434
3414957423
164110000
984421629
4260709606
1501006267
2672748172
178447145
2682406178
108295367
570007080
2696044053
1790020382
3195628179
1964335492
4243452353
1113232090
3430922015
663948448
3577268781
854497366
2270127723
2187541372
4159886169
4216625042
1158366327
2928822808
1667545413
1170558094
2709314883
2401522804
4260095985
2315727690
3810557135
2863740560
2598800221
1433044934
183578395
1086360684
3093270409
1954891266
3673473063
1726329352
561684597
984558078
3750214643
3382428516
1637886497
3812470714
1198091903
1826724992
3026802829
3363836726
378004427
2291521884
3729528761
3967504498
4287358935
1553126904
436671397
258351982
4028958371
2559225428
114145361
1340409898
471174191
3013820016
1127494077
285620902
318669947
1339171404
551250921
2717759202
753646471
2230892008
2631733973
3818993886
1503640915
2948601156
2297926273
3886300314
513791455
540351584
2440697581
1167326742
1342181675
3290720060
2347797529
2710796626
3488561975
2838909400
982490629
2698472014
1627578371
4073388084
1885386929
1206013194
1464028047
2677421648
1110312989
2122341766
3019344347
989571116
2955835465
897816514
4163987175
1445636552
4101092661
1782560702
3122228915
1694127908
1644964577
63322490
3371887935
1518701632
2164458829
1172461814
1812983435
562488604
3539480697
1440027186
135085719
3430202808
1821792357
215032110
929982819
425538068
1337780497
339149290
562150127
2776768048
845942397
126939238
2620669755
3971292684
510702761
407824546
1688060487
4034104744
365987733
1866639006
2051854355
583174404
2817913665
1205577306
1767027871
4039830560
597435309
2166563798
252673003
154489596
3514500313
544742162
633205239
977672600
1672692421
34293774
2730468035
2209962996
2247772529
3004901066
3014187599
3093231120
981877981
837808966
3859588251
3413541868
1874469129
261597570
3322465703
2781569416
4203842037
794953086
4287750515
512797412
3788303265
538739514
3464440831
1945975808
2782753293
3406716598
1230420299
1604825308
4052814137
4105475058
3537458519
2728551800
3749600549
3409829614
3192818723
2773972436
3224426961
2126953386
4069566895
2267332080
219458365
2673174054
400079355
3115833804
4095917417
3163937378
2622130439
69870952
2823601237
2203440222
2604704467
2312944836
1655247873
1421922330
1935168351
823426016
3227447405
324798870
2537399979
2237005500
3914481049
2713877714
3845613751
4051804504
2878318469
1327556046
2440242563
3987701684
2004392497
762429578
1863395599
2093708752
3903799709
226052358
602963803
368123820
1203931593
2625731394
2470114407
3582449992
815406773
3755348798
2326860851
2451488420
1235381345
167808250
2125867711
822651840
3082329805
1707353206
3776726027
1454914716
3134628345
3537491378
1588603927
1323027768
2675909093
275537070
260402915
3359209876
4041837201
3511956842
1711429743
3226148272
2548959229
1444125670
1756099771
3130676620
1387365929
143821858
2192707527
534543656
2970726677
1436205598
4147852691
1624158340
2177955009
3222518234
3278942751
953273248
1552055597
3925782358
2068484459
742812284
3023451737
254975634
1830526839
514386200
2665794629
769147790
400386115
2624414580
1033612017
3634764362
3225171919
882619792
1902706269
1859935942
2959284763
4264262508
1225241225
906038530
1854397223
622858504
1397453685
2438717694
4130801395
459575908
3259804961
1395807930
3227511167
3379026816
190090125
3821251126
639667915
3665332316
1871248057
3120879474
1783743191
14742776
2572723877
1646041710
1976766883
3452124500
984021841
228552490
311871279
2025143664
1471685821
1770754470
829288315
3004993868
2866613993
906296802
2257868423
1665832168
1289709013
3687935966
2298251347
3814220868
2385352065
4220806042
2690371807
532863840
2898708973
2999653654
234241067
2982581820
3538349849
310935634
3693778487
3514560728
2322772229
66150734
3770575619
3149072180
2435021745
2524460042
2649360015
3884954960
3111353117
1943614598
2384753883
669357868
1145674569
4124466882
649036263
2488535240
3747973173
431189694
2632169907
3592562212
881569249
1299308666
977037375
886754112
3044096077
3536646134
3408107915
2124977180
275256185
871733554
1954421143
2826034360
2043341669
101619758
4227298403
3249848596
3056151569
4117260522
1326314991
2552438064
2436039037
3615311718
3571362363
654216460
761616297
1051537314
3601947975
2922671272
1484118677
3417955742
189045523
221894660
3497981505
956484954
282701727
3181882144
636212909
3682679510
1644209899
2308342268
2787403737
360981010
287591671
3652892824
2063160773
4146872078
1456876995
926968564
3939503217
145231306
3201996111
1567061264
1703851997
4197435974
2146733979
4141839084
3393733641
3049353346
1248979111
3806576776
296246517
245152894
2574724211
2652338660
1226796705
176106042
1393272575
723614464
2328798477
2157966774
1122329675
2533908444
1580461113
2322340594
3153408087
4115563640
2912284709
33707502
1823643427
1875772628
1009786065
175055530
841475247
3327442160
1226743357
1571339558
1975395579
1509968076
3406454889
3695911266
1640571911
2690253928
1888816981
2601782110
4174605779
2587036612
1367676673
1780414234
3685371487
2856336096
4239500141
2447450262
1244254635
3883281852
1320067225
1105560530
2865284023
3341107288
1027127941
3980975310
2766450819
3134557876
2204196145
2432018314
2580407311
501413072
3665474717
2678071302
143878747
2396589740
734244041
260194882
680464231
2425305160
3872649653
3319253566
3333513011
251956644
1757933409
1545221114
831366591
603712192
539808205
4210867062
3223711499
928508828
3651962105
3341311154
1064765207
1463217208
1635366117
465032110
1388607971
1674512532
1702612369
2389941354
2460259183
1795824816
1144716029
2043540198
4140588987
1340195980
881600809
2292110114
3600526023
2574998568
4059890709
2141190430
2355691667
100925316
3657430977
1084809434
2274209055
1028426400
634925101
3282749014
1496431723
3206912380
2907019609
2171381138
131594871
3917187096
1576066885
2349283982
3047813955
2989650548
1402433009
1361117514
1703146191
1891775632
1022849373
3253351878
1791034651
3549588076
2038158729
1557713922
3485922855
3709235208
464012917
1428461566
3209843187
2225693028
3158650913
3556965818
3162662015
1462377088
3393961613
262357302
900020683
861353820
3281116601
3018481266
3183713751
4260041720
2184591781
3639546222
4176288931
3916942420
2328641105
2201343530
121897519
2919447664
122165181
1772939430
4207499899
3429040204
3668619753
2103985378
2749952391
3109581800
4184717525
1864214238
3234157395
2355934020
4071594113
778078874
1531169759
2391579232
1444904173
513682454
3789055787
3294938428
1655263769
2111407954
1192358199
1350406104
702661637
958879822
870708739
1226249780
338837169
719985418
415023503
1573205072
1908731421
2127432582
2839371739
1758168620
2217786953
3078956482
249142503
3359205320
753228597
2453874110
3726247091
449180964
743911649
3287910266
2594825023
3161197120
2649451341
1280542454
1445151883
516309788
480507513
3664912434
3046831255
3643472824
3163258469
2137526062
1777106787
210259988
3303108369
2859847658
3871748335
1996495920
3607491709
721788518
3832878395
1396964364
3995466409
3026679458
4168153159
3752938408
1671900565
525145246
1353213459
690824964
3830708545
1694889050
1569499807
1975544352
38242733
276517334
4141732331
1794355452
3482962649
2699831570
1194764279
3421198232
2915788997
443102734
2321070275
1799584244
1039257457
3222336714
1782075471
2896950288
497232605
3020661062
2261285531
2990825964
3701630729
4182194050
1955005351
297279368
1464545269
317944702
1036547955
2904180964
1639838113
1035850042
851714559
193051136
1875630093
4274883766
2489323339
1298468572
2778910521
2222957042
1706888023
2562106232
2100921125
350407918
1887609379
2562757588
3967508433
2247330218
1206591407
1841347568
3090452797
2073564198
3599732731
675592140
1606288233
3881592930
3270754055
2890261352
3446235733
99500638
3067230419
2550487748
3081574913
3596164634
1428703583
2326264288
1594906221
3338811286
1795292331
3868351676
349635481
342133458
2802196151
3951353688
3060649349
361550798
3821157251
3296173492
160833585
1918209674
3501629199
3845551056
2773624733
4284675846
2250397019
3552378284
3549482953
3151956290
1334782567
961713992
2543436981
754286910
3105729075
3613809828
3308876385
319806202
2878415039
3156945344
3568108749
886133366
589011467
3539180188
3746457593
3151160242
3437879831
2890795832
4043327461
1595886254
2540668131
434149268
2589593745
1466893162
24301167
4194638768
1871965693
3643034086
3017329339
1327838092
3761425449
2416384546
2989573575
2127969064
2473875221
1489055774
771935123
1421168260
897252033
874121178
3369510943
620972448
1631183661
804445526
3506759531
721471612
320928857
3254955154
3309327735
4278855448
3498635845
3495047566
719486531
3228795252
1876898033
1668802634
2197269967
1327805328
764535901
3197373638
3926585371
2968869228
2042361993
1493998338
2930905383
2127089416
2861635957
4127805182
3940130035
4117377124
2139730721
3585057978
3956334463
103307648
558821773
3156138038
4111852747
2201085532
174506169
1244390770
2850126039
1135686392
77581477
3822946414
695412643
3685243732
658342225
547896618
2854042927
1133329264
2179205821
2171223974
521192827
2342874956
3762574569
3894905826
887721095
1998738152
3532131285
226876894
2969181779
2600272452
3866991489
4027101594
4283942623
1553095008
3179556845
4178395926
2074513963
3959354428
1798812953
1401327186
3232058423
372977368
1222432517
2960740174
175735043
2331452724
697106865
1966604810
2008775823
4063671120
2602721565
257876614
3041020635
3987567916
2682511689
3935300802
1622128615
3789211336
217132597
1139727550
767315891
585483300
2037298145
3613208186
2588106303
3778627904
1785830989
578166262
3171872651
4057985564
665573753
3108677426
2070138775
1319115448
1691881829
3906831918
827165283
3923238676
2883957265
2740926186
2561305583
840506160
870639485
1915352422
2063040571
1636133644
2427624873
3917331874
2044498759
1961503400
1734639765
3657190302
4202180883
1721529860
326433857
1004870490
4285244831
152381728
3903798445
2417060054
2108095723
2639060988
2111516121
850407442
2012545783
14153368
740916165
3686935822
3980870595
264407284
2942276209
1230363594
1707215695
2519495440
2462293469
3481499718
2861065627
3987034348
3603466761
1244200578
4098367143
575176328
4219077365
2892376702
2626011763
999888868
1537766561
702052410
497589503
85850368
2228554509
3046581174
3989224011
1925037532
4158501433
1391405298
2150688343
2094711416
2120816165
1944011758
2042539299
271524564
17998545
1632891050
3822738095
1835580144
2320925757
1763928870
3930913531
344270540
3795691113
1305063266
1875532295
401457768
4006196565
870611294
2235368403
1934862788
3307281665
158287130
2412921951
3259742432
393939309
582962838
2848335787
1923779516
1808492185
2302644690
2314172855
1319140952
1194254469
938265294
4262184579
4204113076
974578481
1100051850
3284883983
3267752656
2033556125
2629946886
1285374043
3567053996
1865020105
295161922
3090892135
3218208328
1928042421
2234464318
301331763
3678677924
2398549345
2665579002
2629868479
3918948544
87635917
2202134902
3120383243
428558748
4223421177
551119538
3070803223
1042360888
2115164901
1252180398
2374406115
3664651924
3213120401
2621860458
1651313007
1564220080
1241047293
3826688230
1339110843
2825167500
2242211625
2395693346
3312640199
3219986984
3312953877
1358849822
2349373075
1021484420
3292659137
174534362
927703839
3757443232
1051170349
2664887382
2462323307
1607989116
365453145
1089778578
1431613559
1330955800
648873285
1790519438
663161155
3073413236
3262313457
2141900618
3365365967
3217240720
1933072221
3571049414
3728792347
2253670508
2043157385
2593939970
3142134823
4197920264
805694581
3825862142
684517363
1571225444
1008350753
3359132602
4266351231
3328350336
1079911565
1496739638
343052235
3121124700
1946657721
3972623474
3735770071
3258143224
1351966629
4075290478
3076862627
2488592980
1073398865
1442227242
2871162927
693320304
4153146813
549688998
1313091707
3773029964
3953784809
3863139042
3918931847
2359833064
137256661
654972126
161147219
4278800708
2576850561
2962020506
1016578527
2043943008
318038765
2987940374
2338372907
412427068
479336473
59741522
4175734583
313839064
392423941
3655812686
343477251
1901278260
20169905
3848399114
1793472399
2497983056
1703662621
2508962182
1647523291
2794153004
3345155145
4277580738
3425817319
3510117832
2944991541
2662765502
1003133619
3733033764
1272067809
4154250618
3909671231
2470611008
1258541389
3308565750
2951125643
3891634460
1635761273
1082076722
1977133719
4174461368
2729485413
2993618222
35296611
1235447316
2604004625
1344577002
347776751
3111000624
3620723325
485117030
1214638907
1103288844
1158365353
1307575458
183774791
1574898088
2477642645
1808237214
3098803219
3045573892
2380398401
765477466
2792792223
1738926112
153284525
3393421270
2791057387
279056124
3773337817
986724114
1398758903
1753257368
638815941
2872517646
799133379
347969524
1863931249
343327434
1635239503
166261264
4109373661
3164032838
2603896987
2567061484
3904548105
409388418
2041919911
76864904
775214581
1257562494
1705971059
965994212
1725888417
1053761338
3283687423
133576704
4192878093
352107190
4279854411
4145179868
2229572921
1706733554
3142631767
2444943736
3777276197
2398599918
946255907
3323572692
2851464657
210786218
3052770735
3041704432
4018435901
2521481766
1626760699
247567820
2190035305
2140337762
407696647
3545342312
79038549
2499194974
336842451
471726276
2850103297
1935764506
1000882015
1093367776
1441905773
353920406
3061207723
2076097212
2206976409
276207826
59036855
3765968216
528216965
3295199694
2747355523
1294973876
1155769905
1856593034
587994383
2794549712
2250575261
3887899910
201599835
2172181420
781129161
2158794562
311648359
336418120
2831772341
1048899390
2168078387
178125476
4127225953
1871653114
3038516927
2621286336
3788597965
1447985270
885714955
4213110940
1593191929
1715204530
2916325399
4239411512
951152101
1312962734
3842611939
2507650452
83531409
3438924138
1704150127
2226067888
57267197
178583526
2058723515
1268781452
1424233001
4109084706
3227548615
1287649576
3087465749
3629620766
1450860947
2928405636
3059024065
865097178
2196545055
1579468704
3995158829
2153188182
