923184181
1161446078
1060404659
1716787748
1112347105
3525047418
2933353535
1213333312
1161223245
3811460086
2609700235
2836989980
1515583353
31599922
2692324759
4275015864
3326414693
379218990
1032403043
1312011540
1104384017
3035069674
2658793967
238506288
2968626557
1837341542
749268539
3613131020
2992389033
2718876578
933093703
3134136488
873004693
378188190
3226951443
3712338948
4166146625
1016521050
861320095
2979585824
3085138605
4100755158
2641095403
4011914748
1281641433
1067103762
2806108407
533884056
266697157
562172686
1672081859
1645829876
1561096305
2844860874
3165165903
3128273168
3690945501
3812630086
188797851
282519276
135342089
667747458
637562023
3048764552
439189749
230133886
4065063027
184380900
1141166753
4059905594
1147841279
2894900992
3891808525
3608496566
2589108299
883741660
969265209
363638514
4248089687
2015377528
1945375781
455223790
365452067
3590387924
2382266577
834811562
1062725807
4150063344
524370493
247664934
629958907
445758668
3668264041
2717955426
955885575
3328751720
3473683285
1668865886
107622867
2163408836
1484552961
445057818
1022055007
3861212896
1846364013
3672142998
4003009963
976527804
3096609945
3008370642
1479165879
1404105816
2651381381
1244836046
993817731
2036499124
767672625
1672657802
2539644943
2414160080
2572114077
230978566
1306766939
3003417260
2788200649
3991000642
4234253159
383249480
1144853941
3968245310
436871987
3432939940
886133601
980174842
598780351
3344637632
1857713613
1803947894
1654076171
1009803164
2866964729
599584946
2583333655
981246008
1169938661
2439751598
2807971299
397802644
1634611601
2979704938
3784873839
184963248
4106329853
435963622
3265176507
346503308
852167977
3299370786
672149191
217976872
2002266133
429444382
914605203
2004349828
2753256385
837088474
2878517535
1965407904
2593641517
280894038
715456619
4078439804
1053654361
1311455634
3497885303
4034608152
782566213
1870990990
428193603
2020828788
438030833
3920762186
3873044175
2880989328
1747981661
2300742086
773146907
4126269036
2492250505
3146541058
2682092071
1255351304
1911908981
4150750206
1362040307
116872548
1030919201
1026101690
862546047
3497873024
775774861
1849726262
3877273035
2472782684
4000039353
4124242546
898310615
1973733368
677141925
4281787758
1024123043
1595064404
350397009
909175338
469501487
1895002224
3056778173
3438230694
2795478651
2304537676
730699241
1137039586
1939961223
2924423144
1236065493
782924510
1264850771
4237600580
1676606593
4101021338
3322728415
1985597024
4064485613
1137016854
2756684587
3448453436
2144679449
3119258450
788231479
99697624
242870277
4147719246
2839919107
2332822068
3671761585
491728650
2715207055
363817040
761369117
1931108230
