1005959027
3706095844
1889350049
848564538
1059414527
2884762112
2399082509
1072155830
2553630539
3065597660
3496611641
1411244530
1044794199
2267997048
3268723493
3108310254
788521507
1822217172
2955583441
2304362922
1906073519
1799420912
4046967101
3963769894
2763313147
3081304012
3646243689
2542446690
1657601799
2580423528
1725211221
3420488286
2308929747
1408342724
2754370049
3427753498
808028511
1765292512
1709413997
2335995798
3614915755
1611046076
3510518681
153275090
573529783
3692896088
3618180485
2702119886
517962627
2893274548
2464505905
1054592650
4043824911
685159376
771057565
992818950
1692898651
4215356844
3335000009
1496140098
3121113703
821745480
1956971701
570933566
2961893939
796040356
1599648353
2586188538
2771542207
3906693568
2468365517
204182134
1211161099
1820842652
4250249209
1706107826
984818199
2936425272
3185280997
1640073902
2670511331
637327252
3108589713
2098545514
1751387759
2479184816
399977981
1880000998
4080929467
516518796
487197737
2859817506
927630791
2426305320
2216662805
217280542
2584742803
1491177092
1295661761
3696248794
823650335
2949876128
2806850349
2859277654
4273612651
4105504892
1657289817
2969627794
1974048119
602040088
419705413
3658772878
1329577539
11518324
4100878577
1916676170
2156457423
1325724560
3312788573
1084116166
3658493979
951687532
3493017737
2157632258
2657833255
3132165896
2128370037
4183527166
461823219
3048632420
3840471841
788915386
313663359
4279802240
3204592013
1773738038
2070619339
2365990492
1538130105
239740274
3974805719
2594796280
2562395301
2227161198
3127928739
1610914644
3782000977
2827910442
2387508527
3113057136
3647425213
2123661222
263587195
3683233612
542872809
2899692514
3745696903
3978990312
1517505493
4026015198
4131872339
661209668
1769790337
2323575194
886638303
3550648672
2195156973
1774682902
2862338603
1173566524
2384393497
2093272658
3863907383
2941480664
4170716933
2021363534
1477886211
1668506932
3915137457
104743434
2458696847
3998675792
2185601309
396960390
4136078043
363967788
2577080649
3697159362
363395047
2718107336
410807861
2508266686
3618213811
2339505188
3926782945
1123249786
778346047
3865676096
660921933
3864026614
3835965323
2884907548
3962771833
3618170674
3551334295
970480312
3363173
1744815662
2341128803
645144340
1096086033
3448076010
974892015
3294190384
2057840509
362034534
1557971003
1906944780
336190889
2557214114
2306200391
2402445992
3331309717
716082078
1493528851
3142104580
1102330945
144399194
1110238623
2892327200
1833073837
923510998
3990633707
3347128316
3020058073
3593367570
1390297847
1311782552
2200222661
2718199054
2753856451
3229534452
3933131377
2627476426
3721612111
3465327376
153542109
2651699270
2098046363
4125724908
3015690761
1178025602
2927713959
2796600968
2118468341
2352507518
4289921651
2355451876
394769569
3886987322
1594481919
1452161280
2701675277
3484509110
4137417291
487718364
1873080889
193816818
767174231
1012073080
1627674149
289506286
3711692067
1158374100
2982273745
1840918698
2190187183
1541995248
5882941
4073564966
4252121851
619275980
3906266729
653782882
614701575
376832616
1697969493
852932958
1024082899
3493849540
3735051521
1214612762
533955679
3520854240
2605599085
1073319574
2604361643
2904476604
4113737369
3875394002
1511569847
2419637848
2238324869
1013910222
1579746947
3281120436
812000049
2534913418
3642530319
2003186384
3201882781
1905004038
4032987227
4246809772
1868640969
1474695234
3082061159
1215968840
2901858229
859928638
1851995443
1414556580
3591779681
4009214458
3412188095
3343296704
3232528333
865872246
3826418955
4095707548
1724091129
3015158450
4191288599
299461176
3891141349
1178927534
977522659
1200252564
3413349265
3404507754
1046366575
3892075184
792469757
2483085542
3560338875
4178109068
1333571369
3526992162
1603018951
3803535912
2468538901
1043375902
3709195923
3792625028
151076289
4221398746
1418519327
2613463200
29021741
1917924438
1165578859
3935057788
846176089
2566058898
1522397303
3308062232
2351449413
3984287886
1894009155
3631009908
3020043249
393285450
3140004047
816018064
3357251421
4024705990
2470845211
253266028
3711916937
1797956098
1073900583
3340725768
1632709749
2690401790
3195676659
1056128868
1316582945
3935210426
1512872575
1884477568
3675350157
3754995510
2680672203
81581404
307159993
2582097010
4139029463
3928723960
2175836069
2362064750
3982652067
2041653844
3878290513
3873236010
72595503
2421389936
2349809085
921556646
2213113979
2982682188
3099670505
3555791586
2834261895
330330600
1830395605
1115444446
870852947
745902404
1234624129
2483230874
655950303
568612960
1430790893
2077399574
1062599979
864641852
209279001
2513294674
1938679607
4241296856
3827247621
451511886
2266385411
718238772
771949745
4285016330
2058844047
33845840
162468893
919992710
1752724955
3482297388
3457827913
2579821506
371921639
576742856
403980597
2840122302
1253563059
1745736484
1769043681
741545338
2989103423
1232259136
83300685
1645147382
3699104395
3809075484
1929837689
1205694002
2736908951
3037297080
3674989669
714161454
22533475
3879710228
497366289
2202721770
724297455
1018059312
1536367229
3646196838
1867197243
3538360844
1432518825
635323554
797797959
2301053352
3487110037
4118397598
4232133651
2872313092
3911270209
1129742938
2654462111
1005987872
179711917
3393044438
2609997803
4225126140
3826241753
1196324626
2202574327
114873752
2584661701
3933824014
192876227
2793002996
388535665
4038918858
