2629811691
3883183356
579770073
1285719314
2753647607
3495826328
4203148485
1706512910
947397827
1407448564
461380465
512938186
1886944335
3681955856
3989845725
1696415046
3302319771
183786988
402273033
3825505154
3469520807
902421384
2568600565
1647873918
2306007923
4157195492
873414049
3156651322
3787410943
1305146880
3614172173
850798774
559414091
1241778908
1847434041
2349071858
2149431127
1076322168
1155206949
1105127662
3900182051
88018900
4031753169
3120784810
3126938543
2672359408
1611111741
1142403110
422738939
2157097932
2317078377
1499972706
271543047
718643048
3684560469
1516330590
2580718803
3591558852
1506043393
3318741530
1440314719
1999582688
534143597
2782450582
2047862955
1112496316
2782384025
2931222226
1239206583
2230557528
4227160453
1261891534
546154371
1943280052
3870321713
2465426058
3663907599
1216131024
2278241181
3864040198
677069147
3400071596
4294220745
2889377090
448845415
559960904
892620981
1838587198
4000585267
2278676644
2853617249
1251260154
3908586687
1106273728
295243981
2241195638
3477046795
3972961948
198521849
2683518898
1127648791
112903992
929944549
1148675758
336654563
1260065684
2210028689
4221230954
1297414767
1040799664
1874000381
1702880742
2426910395
61812620
2711394345
1974367778
106492359
1600255784
57991957
3968879646
4038014867
1988020868
1344161473
179102682
2918437919
3003549088
3175870253
967145814
3040793451
3791242364
774752345
653330578
3657630071
1769267992
450657861
2354597262
3797543491
848035188
411401457
2721170506
1007671759
2733043600
2924933213
4150110406
1550834715
3256702316
3811296393
721549058
382713127
1725074184
2952242549
3288754942
4124838131
126987364
1123221281
575701178
1671695231
2338952576
3213294989
1170175030
744870091
910746204
3875114169
3873980786
2820285655
2367287032
3587791013
496084078
2529203107
3449739092
3257519441
2431654186
2070636847
1443723120
1716459197
3986807718
34320763
409693004
2226790633
493545442
3153934471
4121562856
2958333909
2091973086
1062373971
2625797700
1168959361
163024282
1960899295
1209111904
1088568301
1234951958
2701950507
2050224188
1548779801
1594944082
1934882871
2376198872
2751226629
2396744526
681372931
3150684468
1774144945
772660746
2352982159
4067749712
1177775389
3053747846
1674786523
2500948268
2455743817
2049001666
2444846055
98599624
2250488373
994572478
4201298867
2462662692
3882090465
2501511802
4169304639
569804096
4126517837
15907318
3951745931
3123899932
4892025
3936551730
763919255
3271874232
3437075813
317563438
2068248163
2559204116
3294494225
1002640106
2607060975
3474282288
2291921789
3661468006
3491654715
1116169996
1681156521
1247615394
1608269639
3446531752
3204254869
3229837214
1081908499
1138618884
2200979521
4105172826
2975912351
235955488
525945005
1132201174
1345906923
2126371836
2432694745
3235286034
4103057143
3241849496
2752841669
2021673230
1578545091
4216521972
1394466417
3628578762
2175940431
4276530960
4095781341
332870
21320091
2806336748
2656065033
1935039106
440257191
3192535688
4101541621
1763395198
383790707
87593956
1076478113
3031520314
240371967
3176609024
2309297933
82821046
2137957963
3427580380
411598393
4108551410
306287191
1480294008
2302321189
709582830
2355370275
2006818516
1662447313
2111032490
3288368815
1356920560
3680079933
3910338342
497018619
3317899980
818639465
3057978210
3770025479
2255322728
3425583445
768054622
1861054419
676406724
292055297
3176538394
708014175
2630022368
2372998509
1426451094
2508460971
592938940
3975951001
1979837906
4235601335
2482977368
3890637957
788981454
2911318659
2632067252
224472881
43995530
2468840975
1341927120
484353693
1931438598
3079023707
477685932
1472052937
2959158338
4280086887
265269832
4155909045
2738902078
637296947
4204767140
3053732193
1389780474
3419916223
3578504384
257246157
1601602934
449917195
2153137564
2960332537
258590386
1426417943
3162367544
934307557
694869422
1423440867
4137198228
924098449
2564965994
3422500207
1127241392
591916285
2548186342
3444580795
2782830220
2604612393
3672292642
3981085895
2154354216
883439125
4198335262
90505875
3315341700
3105180097
359271130
1712901919
1273578656
2146017837
1811517526
61734507
1539371900
1359293273
1750273938
3922156663
1437565464
4231041349
1479492750
28210499
205065332
2437496817
3470043978
4150236367
762670736
3844957021
1829994438
3377841947
3630974060
3479693193
2332147202
1326897191
976284168
1285322869
4285997566
3263124467
3468589924
1907589665
21571514
399410815
2710819968
3687198861
3729197878
2960292811
2853146972
147484601
66439282
3029598167
529272312
3305040805
2517375854
526556835
1631282772
2568425553
2393800746
1243653167
3452139120
3844540861
611005094
2179931259
2795100748
340771817
4059442914
4099527559
3676302824
355134165
463810782
4272117075
1467927876
49736321
1856746650
2882596319
860050528
2877484781
907474454
3983976747
3686407996
1574626329
1099559250
3678622519
369854936
766735877
1505321550
88897539
1964486708
2543194289
514311434
2769970063
2668785232
835510301
195122566
963912155
2128568364
3591295049
486019010
3639312103
1026417096
1877708085
1400876990
1193871027
2639597348
1542947553
298430842
2566391103
435143744
62381389
253841654
4078077579
3711474972
575572089
1548192306
2947372695
1898313144
3722850405
3052345646
4140040547
3276139028
2715697425
553155050
2502218479
3629798960
1706485373
2356013158
2654787387
1270142476
3434941609
4114571426
614718023
1985136040
1249271701
1203674782
359163923
3652796676
936201025
4208664154
35376287
714155040
2231172013
555621334
1704858603
386075388
1950178521
1801884434
2947156471
2765312408
2301565637
1499807758
589380291
3275625460
2567414129
2480447178
1394078287
1821584912
2809994461
747170630
3399564443
1938963436
4235360521
1074012546
727377319
3632699784
2657313269
890895742
3468261747
1109615332
495993761
2518154042
3054781439
4129256448
1542081037
1069897398
1433489739
1838246108
3183436089
1646201842
2232511831
1628151160
4012258597
2396247790
2780570659
3900190164
707408337
3514839978
3284910511
179631600
2847376189
2376752678
1157190139
3639579084
3041334633
2659078754
1827184903
4055981416
1900713045
4098477150
3295951571
134968516
1616407553
2880981018
800680799
3381834720
1092077677
1523515798
1055145643
1096529596
3035403673
262730962
96174263
2445728088
3680731013
1022549454
2246884739
2725001140
3462263345
2418489482
2014855439
498576848
2868779421
1837777158
4288485211
3661944748
2471682505
2380657474
2502233191
2348486984
3569612469
4194700094
871410739
1491695268
524141665
1609827578
2514698943
2917327808
2031974093
2113084534
172940299
1859777692
1541208569
524045746
864044055
1593640248
629078501
3866776750
3070953187
1553084820
3401245329
3792022890
2899669103
3432207792
1978195965
2782958566
1491373243
1376390540
2125323817
1735590946
2078812103
2905322792
3865544981
1460058654
1183239571
1580558468
1163414721
855847386
3144272415
1745355680
3566425389
3504973654
201927019
1317282428
11046489
403773074
1010284407
749084952
2970657861
2854370190
409927747
2120358772
811139825
894669386
1255886799
4198493584
1628427869
744838854
455586331
2528588652
2876246665
1616741634
621409063
2538293512
3486337909
3087259902
294559475
1030179428
2311062817
18730682
522518911
2029654912
2953929613
2540347958
74131147
3033677916
1030181561
1566527346
2042223319
2595892472
1840283301
1117950574
1970317731
1800664404
3696251729
1414063914
3875659567
1169519984
1326120125
315656614
2092861307
2059684172
2578540265
2312992226
3227676295
3360804072
3331145173
1706387422
2522882131
402070596
1871506817
41671578
3958171871
498144096
4096762349
825101590
533517355
4064038460
4163979033
777975890
1910418999
2234591448
1458997509
112417102
2238186243
2195701556
2008601521
1696443402
3256950415
166456656
2926727965
2262445190
536939739
1286164268
361362249
3509245634
2848561639
4197925064
205479989
1154705086
3260240307
190635556
1171719649
3411368058
4170809407
1327825728
361107533
434890742
4135989643
3543813148
1662937977
2789740850
3598594455
67310776
1954202469
3909914670
3953986659
545093908
2007663633
3926515946
3373338095
1574655280
2044582269
3527032678
323437115
3604890892
923905961
4286424994
1763145031
586392744
4001084053
3591755166
1858089747
823169028
666259009
1273120090
3355625375
3259884320
346861229
3915133654
2364489451
2688825852
4232495065
3159530002
2238735607
1797779608
3654626757
2019964686
932693443
2611290868
490562673
3242558922
2494147919
343649552
937791453
1521009222
3504940955
1608198892
1650498569
3121473666
2988703911
1954478216
3336189173
909423742
1627309171
2659856868
4232234657
3495600698
2298527487
3894653696
2117827853
1396108726
1398799435
500307932
2378318905
1136038642
2290960471
1251458168
2795358245
3749203438
3833605923
1204731092
1971942609
621320874
1774386351
3167024368
4213274173
2715661606
1061076219
2853699788
1200535657
2182322530
1690778631
1557216360
4210222933
501744478
1248265683
1698808772
1989439233
16150298
376137311
3986584288
1791654765
657725590
640706987
2354832828
766048409
3953916882
363649975
1850374232
107778693
3841643726
1505642627
1953646260
1504097585
2878021514
959773711
2712612048
1646890141
1167136774
2963276379
4094477996
3803448521
3032922690
2363041639
2246209608
4234004917
3790062142
3360749363
2460960164
365119329
3790449658
4145724863
3149275840
2129766861
1359721334
1303938827
2824446876
1041423609
1063965874
2393317143
3728221240
819563749
3953511342
3937014243
1829224596
1856841105
1191515242
2681711471
3392296112
2543178493
4286245606
3815045051
4163992716
2078834985
2338278178
1647428295
3584726056
1219681301
1928065310
1679071379
810203012
619139009
3547879642
1575404831
4150444704
3947431981
3631595094
2119193707
2856538492
1830285657
2787843474
2169770615
3730358296
1769781061
4063310478
3600517955
2030512756
632604145
1169062218
3867347663
4182142096
1375619421
2773691846
31825179
3976077932
2806263177
454380546
1219038759
1847699464
1770659445
1571590142
2466900467
1133255012
3138947105
2446226874
698842239
27021952
1818793613
3777640758
3629109707
1183903580
3033544121
1663358578
2810951127
4003744760
4293792165
2471823726
1223341219
3689448532
3151337041
1371491882
34544175
2917364848
3556437949
684843174
2725900923
2229975116
1155467753
1428208866
3491170695
2906631144
4101738709
3403783902
3062426451
3454757700
3144609921
891814554
3845448671
4149924448
1256740077
2866881558
3893296939
2914680124
1532209689
2509242194
3878029623
3407005656
1338350597
97079374
1492094467
3575893556
975673009
1903137546
2471745935
587295824
3961767453
2544829318
3346659291
4000267820
2161186377
112827842
3025384679
754753480
2334077749
2135104958
468294835
3437276452
3573713121
834469754
3345414975
2979414592
1533035341
2438102774
2783304843
2352479004
4072296057
950310962
1375407255
1805398968
3231405669
474351406
167909219
2687567892
1975699217
116869098
3878242543
1335383088
4111518845
463640166
3745361211
3557012492
3543290537
3642224290
3711373383
3276833704
3675063701
3683191966
4236508691
971235076
2196459841
1472556122
3004547743
3309740576
4268253613
204884438
1982622187
176253180
1495016153
597336338
635617271
70815640
3322364101
1166224910
1266307267
1955082740
264185713
3498994890
4133972047
3869256720
3579445981
4200896838
3290239643
1545607660
1752841
1366536066
1587092391
2184402824
2648508405
3698027390
2108690291
174915812
205605281
3547941178
924400127
2204365312
546877453
2940503222
691709771
3440297692
3096520505
162142706
3434423127
81779576
3751893797
2352530670
4172298787
2241940436
1966389201
3899457962
1709586351
1460728816
4288112957
2511146022
3161466875
691826636
396516201
3506757730
2018629383
3080526696
2569484885
446839390
2965754067
804524740
2216456705
756061722
2387173727
4175835616
982068845
708128662
4217935019
4099413180
2268158873
2047541970
3695851191
428480344
2567021957
2535377870
3640382339
49567156
3745216561
3301639818
2256385807
3420629968
1918959517
1798565638
2056187227
1506850220
1977690057
2500034882
2520334951
3984969544
2659425461
3404036414
2468168243
2549159076
3381971553
1220760314
2675849407
4005913024
1355930829
1220561526
2500735499
483742364
2266284025
3757398962
377092631
707740472
2311069669
2834121390
2679446755
402214804
1391159441
937458538
1426450031
739070896
3092170237
347161062
483484347
2287266700
3270452265
3064435234
1344757191
3924128552
2341089045
3186436126
235824019
735839876
2277659329
1724481498
4254056479
3925442976
4094343981
4070430038
176389995
1593737340
3327349849
2191598738
1763470711
1523015448
1433717317
2690394510
3962836547
3962059124
2707196145
1877303370
2052507087
445180816
3891838045
1205667014
764381211
3410039148
4075049097
724112130
1777608999
2931033864
1238561141
1618036478
4143002867
3509381220
901581601
593173690
3881170815
729452928
1087097229
730189878
3693116619
1330355804
2667911353
2235981170
3993604311
189426424
2880939173
4163076206
1238417315
2734232404
1738987857
4145132842
1263031599
4132270960
2750866109
3597612966
2736872827
3037538124
1171827945
3284141026
3547833479
2045348584
3472221141
3140081118
253605459
1767619140
379384705
1991256474
1202249439
2957021536
3752658925
321927958
4131203627
4264864828
3074559257
3877439058
3944309815
3618662104
1210101509
3338356558
803412227
1541659956
249715121
3013442058
3367146639
3662867280
450967837
2921323142
3755926235
1412508972
1206139209
765748418
2827603943
3313368776
478873141
1926157502
65791923
3521149988
964299745
3036718714
3042997823
826507584
88503885
3847558646
2972813195
4164004380
19018105
2203918130
3525568407
2549174968
4064799077
3214638638
29565539
845190932
3425110545
3888164586
2674754543
2643546928
122666877
3634818406
2988447803
858071820
3508467113
4061017506
822258503
1198088872
1076517013
3357033374
1857276179
3828559364
2037142593
2391053146
1934933407
595288352
1915753645
4188823766
3512046827
1169856508
3132982745
289318930
1090591479
1610952344
2110084037
817636622
248044483
1038565620
2693589617
833835978
676406095
3540036368
2950329821
2075947078
1413283227
1482754284
94429705
1983215234
3770300071
4054038152
1399577333
2545820286
3570227827
1976291300
2106313889
259256378
1885189375
3084923136
1929503501
3287161782
2265010763
1799845340
1848379961
603562226
25755223
2145647224
3392204325
85277678
2454471971
2448415444
1496054481
2343397546
1748333231
3382244080
3877198909
3642254118
1821217531
1180491468
1434582633
4216465250
1468559879
4062509672
2078772565
1517842782
2811272147
1478648260
3102766337
2684796186
1196645471
3681153248
3763593581
3553773206
1854717867
1766867900
4052074137
717621714
160666039
2206578264
3273832581
3277767374
3013959299
1039295668
2400992049
1273425290
267547151
2354195152
195326621
1316144646
225040475
4220560556
2094680777
2661042242
1631935847
3001364040
3946147765
620703806
1146457395
1487856548
1790070113
74775034
1057862591
923836608
515772365
3574653302
2421153035
3159163292
1726128889
1893458610
2063127831
853697080
1613935333
2387655086
2251040739
1298587284
2809506705
613933674
2086674799
3794031280
135510269
1434687718
3039415739
4067711628
2210514729
1498143010
4123588807
3655094824
3740107285
2819251998
4101254803
1089033604
2649314753
1559668442
1248115487
801915040
517500461
2405559382
1621273195
1555410812
1012578137
494087058
2744174711
2448555544
2767772997
614670478
154706243
3351595124
3545254897
603473738
3059122383
1309108880
1392455517
2214779846
1311077147
562036844
3192943497
10017282
954942503
1224893960
2695349365
810679806
3980689395
3595155300
699239969
633586618
137392767
3868512384
1564146829
3866978102
3218941899
3204599132
738589625
868476018
4248005591
3769403896
2701997989
3775788910
673368739
2961547860
264510545
3024100394
1923977263
250835568
4009678269
2343079590
783599739
4213937740
3432927209
1169902306
2055487367
508520936
2247898837
2794327262
1344176467
3662154052
2971072129
924078234
3276331487
945967200
3799890669
3659223574
4200027435
3551189820
1006399513
2466647378
767082295
2601125336
1879556613
3125362254
3124929539
119532596
636034225
2611437834
306007951
534800976
1789570077
976007558
422563291
1844386860
2596494409
3052088258
913042151
3015400904
4035107125
2406910910
710554291
173820708
2738720481
3307228538
1921380671
3190603840
1127786829
2247339254
3362337419
120019228
3193312377
4134643250
116966039
2030203320
964721765
1124922670
2196778339
3339462164
2866236689
4234548714
2715664111
935744048
3768234621
2034713702
1005486907
3829568012
1624742057
3126885538
343557703
2671657384
1305717653
197360286
1968149523
536771844
993613633
1612692058
3099572383
3438026784
2684602285
566130646
1315618795
1106233084
1361766617
4114525970
2261480951
1854786968
823092933
2853248014
830695107
3888271348
4289113457
1421097674
3664174671
3382520336
4150716637
1320175430
826861723
1151203308
2733835529
2555592066
3901182375
2999981448
394702325
3626817918
374777203
3500580580
2149732257
4098529082
3838717951
1972924416
2776045069
20165302
481557835
3900450012
3734170937
44378098
3607681367
2879658360
2521596197
3121459950
1632915491
1555720660
1366244817
2127155114
548449711
73200112
3785838397
3693066790
4288085499
4051258828
825074025
1895525986
2993360135
4234729832
3543392341
1298835550
3737609939
3452743876
1158707201
3386434586
4052309855
2234101728
2351600749
2483772822
798812843
3678696124
2628133273
1843204306
1300819127
2621265240
3033516933
3652893134
2579163523
359429044
2571697713
2967393418
2241015055
3539839440
1576265117
1598921990
422626139
3377238956
664759753
1100025666
2650634343
3321924936
309543605
1614079806
2348406835
3303584420
689688673
2231542010
2244554431
2224545728
414597837
1711110262
4017981451
1992339612
226264569
1646160306
1814278167
3897655608
3828434405
198193326
1309618915
4249906580
2622221969
2099988842
3320208495
3698807216
3068439549
837939174
1550727355
646957452
3999296041
3813416994
51811271
2509189416
1927075093
2705561118
3343251859
1601348740
2539411649
637521370
4100306463
3101360032
2612142381
516031318
816698731
2473123452
4281211481
3869323922
3769705335
1943575832
2282287173
4010153870
3718851651
4225652596
3952086769
3521588810
1250048975
2210523536
3272712797
3385111238
329735707
3753570156
965252745
191144194
1703829287
755811592
2651363189
1028568318
637782771
1122141796
3337228577
151546554
1010232703
585830272
4055248781
2182151734
864408267
2243230812
2345852601
3734858610
2231977687
1590339832
267307685
3189010030
2480985507
4102959444
3828178769
4182410026
675203887
3889525104
3843213501
3095258534
4113838971
1195771212
154137321
1259508194
1966922375
2322680040
1234078165
4245570526
696994899
279992388
3135043969
3864295322
135582943
2143293280
2203741677
1872914710
2757591083
505219644
428004121
155915346
1594104375
85959896
4152022277
1337144654
2819501827
3336043316
2939936689
2576173066
536087183
3819563344
192945949
2882898054
594327771
732498732
2842591049
260960962
234489319
3887381704
923184181
1161446078
1060404659
1716787748
1112347105
3525047418
2933353535
1213333312
1161223245
3811460086
2609700235
2836989980
1515583353
31599922
2692324759
4275015864
3326414693
379218990
1032403043
1312011540
1104384017
3035069674
2658793967
238506288
2968626557
1837341542
749268539
3613131020
2992389033
2718876578
933093703
3134136488
873004693
378188190
3226951443
3712338948
4166146625
1016521050
861320095
2979585824
3085138605
4100755158
2641095403
4011914748
1281641433
1067103762
2806108407
533884056
266697157
562172686
1672081859
1645829876
1561096305
2844860874
3165165903
3128273168
3690945501
3812630086
188797851
282519276
135342089
667747458
637562023
3048764552
439189749
230133886
4065063027
184380900
1141166753
4059905594
1147841279
2894900992
3891808525
3608496566
2589108299
883741660
969265209
363638514
4248089687
2015377528
1945375781
455223790
365452067
3590387924
2382266577
834811562
1062725807
4150063344
524370493
247664934
629958907
445758668
3668264041
2717955426
955885575
3328751720
3473683285
1668865886
107622867
2163408836
1484552961
445057818
1022055007
3861212896
1846364013
3672142998
4003009963
976527804
3096609945
3008370642
1479165879
1404105816
2651381381
1244836046
993817731
2036499124
767672625
1672657802
2539644943
2414160080
2572114077
230978566
1306766939
3003417260
2788200649
3991000642
4234253159
383249480
1144853941
3968245310
436871987
3432939940
886133601
980174842
598780351
3344637632
1857713613
1803947894
1654076171
1009803164
2866964729
599584946
2583333655
981246008
1169938661
2439751598
2807971299
397802644
1634611601
2979704938
3784873839
184963248
4106329853
435963622
3265176507
346503308
852167977
3299370786
672149191
217976872
2002266133
429444382
914605203
2004349828
2753256385
837088474
2878517535
1965407904
2593641517
280894038
715456619
4078439804
1053654361
1311455634
3497885303
4034608152
782566213
1870990990
428193603
2020828788
438030833
3920762186
3873044175
2880989328
1747981661
2300742086
773146907
4126269036
2492250505
3146541058
2682092071
1255351304
1911908981
4150750206
1362040307
116872548
1030919201
1026101690
862546047
3497873024
775774861
1849726262
3877273035
2472782684
4000039353
4124242546
898310615
1973733368
677141925
4281787758
1024123043
1595064404
350397009
909175338
469501487
1895002224
3056778173
3438230694
2795478651
2304537676
730699241
1137039586
1939961223
2924423144
1236065493
782924510
1264850771
4237600580
1676606593
4101021338
3322728415
1985597024
4064485613
1137016854
2756684587
3448453436
2144679449
3119258450
788231479
99697624
242870277
4147719246
2839919107
2332822068
3671761585
491728650
2715207055
363817040
761369117
1931108230
2929042395
2103376428
2749735497
2861349314
3744735463
1365908424
538345269
68811198
4068133043
3586648356
1185453281
1274256250
441771839
3216195136
994119501
1829034742
3667691659
3456546588
86104697
363770930
1319532695
425242552
3365249637
2856575790
3784196963
3084338196
3239826193
2168775658
1161966831
283398192
2824116349
626782822
877615419
4235292684
4121747113
421071522
1248689223
2317090728
583684501
1483597982
4291504659
201923332
3770113345
2481588314
2467933855
3246497312
3922668973
3786843606
1851332075
1028531452
3697913561
1616035090
1382296567
1674775448
1246203077
118426126
1430027459
2632740340
3904779121
2689206474
2132169807
2508859408
2376322781
2842424646
2451881627
2903234028
1694190345
2493696898
1227196327
3931952008
2338345973
2824750974
414006131
349191396
4180891041
2022434106
1060316671
1287450112
1787132941
3046301878
2950517579
1071219420
2948903737
3440391666
604802903
3579336568
2468849445
2555551982
1604871715
3989014484
1054458833
345415082
1948984239
2459496432
3488036157
3775031334
2389562363
2980457420
2179524457
4267834466
2603893511
1076139880
2674951765
212014686
3464035539
1637174980
590642689
34681370
3648605535
3999084000
3053189741
407997334
1535197355
1981862076
1967843225
1797201618
3648496311
2581631832
2932732293
2227611598
1210711939
1507103156
2089190449
3563233930
4116226831
3003688912
3988179869
3386329862
1535285595
2830660012
680375241
328113474
745647719
2506836808
2962417845
972313918
2659610163
1607487652
3184711265
2494689018
3368297663
4015676864
1355458765
1437247094
2577194507
4238085788
1863601145
632780722
3028117015
425967416
3033689061
2401443502
1108953315
2358741908
651981969
837162858
2138493551
1573998512
4054487549
2107809254
2545618619
2897913740
2164371497
1835052578
347457991
807989032
476019477
2164917278
4063072147
2029601412
4096155329
4037417946
535538719
1420590496
1267304237
3579195734
4270336875
1807957116
725147737
3289464978
586537335
4158249752
3368883781
371197326
1825456707
763655540
2398328049
3680042058
995996111
3052070800
1918535773
840720582
1299133467
1411698028
4284275849
2165321474
2547553575
2455077640
1282293109
3466339070
516317427
310912100
3175552801
841332922
2647122815
3746270592
1120966029
453782582
2325424331
3624819292
2211488953
3915676018
3199794391
356181752
441839781
343235694
3550538659
3759361876
3521373521
3673379114
4259660079
2588766064
2455678653
956076966
4076276091
2976834380
1672952041
2681544674
632426631
2045314792
3059167189
2875371998
1705566803
2381641284
3696033665
3513304474
2905656031
204442976
1597494253
3330578198
2855130667
3522521148
2666764569
350822994
1302253623
2373903064
3842308869
551232334
1844004099
1136400692
3636815281
2532120074
1206222991
2784028496
5178653
4294653574
1789562587
1393617196
3123234121
4142366914
1511668711
3772480200
3685896757
1008054462
4096594867
1219999780
3763345377
2728870522
1694392895
340819264
1431781965
2474078710
899167115
1710253596
4005150073
2715237170
3246347159
3097349816
1886532965
1846106670
520048227
4093039380
1487934993
3514714858
1177972719
801984304
4140010365
282085734
48350267
1132650252
1523155369
2407485858
4243134279
4247051944
1243063445
1097670558
3819631891
2621991428
610820161
3591974746
2282269087
3970325792
1707532461
1503444182
1899118827
477582332
825954777
3345400850
942835447
714058392
271949765
3401056526
3057321923
2285599988
3535533681
2833182666
3517976399
1255843600
1012154845
288607302
1978968475
154977516
3920719369
1322553986
32940711
1086141064
2602510069
404815486
964331123
3726576612
3484276897
4160130106
2233966847
1177103616
1562291981
212629430
223608395
4194447836
1888458297
2563751154
4220545623
3008132728
602356261
2711558126
4008997155
2483164884
2483095249
2538013866
1865047727
3322998512
597239869
3269312294
3929751291
2796985036
1459128937
4129244002
2300239367
1503426152
1952504149
3102297438
3874736083
1605606852
3577250049
4034353434
1999849567
2379279584
2482417005
3160318614
643132331
2131296188
47139481
88745426
2171665847
1590440536
387908741
4185300686
1887668867
2797772980
3046590257
1928235402
1333616143
745023184
2334801565
59122182
4060972123
2590531756
3736524489
580346946
3727542631
834316872
2272574389
3095268414
3379476787
1853759396
4095760737
64198138
620994495
3969227968
4008106957
2490056054
1150191883
2818817436
2316447481
3624795826
1806450967
1963384376
1635057381
1962317230
3460322275
1274354324
479639441
1846378090
1333857647
3302510256
3718219005
3437556966
2344843707
3737785996
151278377
1299510562
2030527687
4010790440
2448608789
1201093406
2856540819
1408668036
3078447553
3527623386
24160031
1198472352
3733404205
3700050006
1549227627
3983174524
4100997977
3092465554
2283418743
2046065176
2256611653
1389821070
2273496387
185697396
2048350193
383509322
4161629391
2455332496
294714205
884094918
565518107
3931356268
2851667849
3421500930
4253003815
4086555144
1567821941
854383102
1053404147
1435824996
1986501153
1476288442
726818431
1062587520
1601161357
4168336182
3456619467
1135937884
2080475065
693239922
3499284439
764216824
366707621
1842336622
128120483
1737481812
1261512785
1469167658
2113567791
1407413872
2845221309
1822812838
2319086715
2944225868
3786202089
3477104354
997108615
3711886824
3213722325
3812026590
676965715
3033613636
1408696961
3980192922
1837155807
826362976
4198008557
1742712342
1710752043
458987324
2799565849
2319591762
