435810583
1931005496
3724422885
554567086
3524330467
3551398548
547022737
4251184746
4152671599
4113055408
2605626621
3958007014
967453115
3449882252
1032749865
3080283426
1367413959
2573057576
3045588501
927640350
1157630611
2376827268
760058305
1895150298
421549855
2876976288
616720941
2997598294
2125071979
3451739004
3561386841
492025746
3317687415
3481168408
1143101765
3710282894
606829891
1707242612
78874609
199906122
443096271
153179792
861416285
4176455622
2205404955
186821740
941305737
1389127170
2605801511
3009008136
1746944117
1859668478
140401651
4318052
2026883617
2858995642
3009023615
1742322816
1875048589
2714579766
4197614539
3019897180
2070919097
3104469106
2307950551
3599693304
3767841701
844579694
3911427747
1362677332
3898955857
3461883946
2259561519
2367905392
2071318973
2988137126
3419481211
1044660812
3580300265
248829666
2325240711
2927416808
2102571733
3344586974
3435552083
2356557124
1861694081
257907866
3521148383
2587704416
547600109
3228638742
3355095339
1470007100
3521391641
3769801042
2336480055
2218947032
1324170757
2539162190
2018607107
361306164
348674225
2330291466
489417615
4230370896
2185209885
1696955782
1427778011
3581790252
2173311049
4176132034
456001255
1690225096
3602339125
1166596030
529534643
1874884388
4275817185
1410423162
3951791423
1537059904
1274848589
2857335030
542805643
2769356060
2847658105
3481547314
481418903
277929400
918812773
518144302
353175907
774590996
2666826001
3821674986
1790597871
2367831600
3796741757
2076577894
3450265403
3142008332
4103885993
4198893730
1961517639
3960974760
1642473365
2317076126
2048094227
3818432772
3818230593
2293679706
590566559
2163412000
2456142765
387990486
2812943339
80704252
554607833
2629253906
3149042167
4017240472
1269883589
2007787534
4004397763
311917556
1744955761
3611182794
2821814863
856626704
3258442973
2075464518
1338983579
1444455404
850772233
3625896322
3953487271
2524938632
410462709
3519751550
1101562227
494324452
2755431329
428319546
1202703359
2603965440
544674317
3667623606
1849776459
1532088540
2717165881
998487026
303953239
3504244088
1296825637
3966697198
546122787
910530004
487094737
3212434346
3127462319
2632244720
3566619453
111838758
1642813947
2288646604
2347654505
866974306
4281805063
4058924392
154709
4115592286
3349627603
1322441924
2481501185
3468423194
3554210655
4150041568
2932379757
3833145750
4034414251
152051388
3800423833
2065800402
4123789495
2697838936
120407941
1675757006
2986460547
145596340
924858929
1387585674
842647823
899388880
1476452765
3663620358
4132642651
2964537260
2623416777
2317916994
1534563431
3361470792
706723509
1767846718
1231533107
2770656932
3518106721
3431705850
4001811135
2657143744
2180136653
1081164918
380036107
3934411932
3839508985
113833394
1754582039
2268589368
1357693413
1623030958
2523139811
4115110292
4217449105
2737263978
1283127407
606813616
386902013
3498621926
1801360571
2842457484
1276978729
885632034
3627986887
532716840
3026669845
1051976222
4030846355
1239732356
1219531969
2469321178
1787908639
1429859232
1787567405
373018454
891629931
1478527612
4144617049
1706147474
2555395959
3893692696
237136965
28926862
2903246915
1670087540
2061716209
520698442
4060403663
1267455376
1750769245
3739320006
2338699803
3373112172
3477295753
1757949186
2036628263
974401800
3362853749
570753278
3515721459
1653256804
2952547617
4275926714
3335555455
2631924608
3308137357
2844838454
206253771
643999836
3006044857
4212389746
3738591959
1667044600
778454693
26065518
3243356579
3069271380
2461965137
2425524010
3081725743
1253399920
779732157
388018598
2361429883
3792613708
2783489769
928783842
1858139783
2504963304
2614429141
1544196062
4003670099
277775428
2326607233
1204781978
773615839
2991258464
2054187501
1512584470
3362839595
2780870204
4284124953
103260242
3254728247
3574075608
2907721989
3069346126
2324499203
1324427060
3960150961
503010314
3729958543
2090849616
3624213277
2801685638
298259675
1122481964
2619685705
2378006210
338436583
3949471944
1881876533
3514601150
886725043
1902659108
668683745
37552250
2001537087
2389896000
4276803661
2746879990
32389515
2729620508
229356409
2720315698
4087527831
1426980024
2457373541
346011694
2887128163
2265112852
4225813521
1232832746
1388746223
4165156144
1603576189
3627181926
684804667
3054546188
3390109609
891572130
4051565895
844663976
2467003029
51576222
2106276627
2660235268
2728302145
509472090
624578463
3863989024
1396012717
503208662
3172681451
1706074620
1547175897
3326296594
1368976631
929487000
4051105221
2840420110
3041185219
3063843572
56077425
4048235978
2917348687
2425853200
1270896605
276097606
1278685083
2181141228
2479088649
3536359554
3129903271
2618810504
1577975029
226876542
2383268979
2910689764
3792637601
3899279930
1723614975
718904064
65553677
2091718070
1783628875
3006431196
3038219321
1169898226
3854159959
202024056
3924004901
2679338478
561067811
826025172
260553937
1336033962
880837807
3566525680
2938125885
3514686758
1649460475
1764911308
2840985705
3890364770
1328923655
2526946408
919252821
2844601182
398069203
2947099588
2571417345
144316186
380300895
2299026144
698041197
2407415958
3856953771
3417329084
778191001
3485770706
3856491447
2666618968
2807454341
3196714190
1475563651
1179889332
4186504497
4206413706
3614868495
255005904
676091037
3104129030
3178629723
2853908140
115297481
3517538882
3142299495
3420674120
2396623285
736160318
