3444859611
3022564652
1148565833
2047337666
2929151975
4113399496
4118054453
4289352894
538011571
2965896228
1211861985
232007290
4246599231
3605201216
2069886541
2376111606
3523676043
873015836
1746121081
1990238002
2442225559
1904267960
2878433637
4049010222
3175653987
1764235028
2437450257
3279171306
3431662575
688968496
1774796669
3251793254
1582667835
3269239564
3127932329
3291592098
2177903431
3268993704
1909708949
1454621598
563693843
3940199940
216912961
622334810
1574059423
2363154720
1493800109
3686260950
1626019051
2706511868
1047463385
4198639634
4214135543
1968483992
3218002885
3560416526
286153667
2356068596
443443825
3139883978
2821628751
306195216
3004429789
245887046
523402651
4158163180
1001546249
2920871554
3695687335
2563978888
1037392629
135897726
2121456243
2217955300
4123872417
3284627514
1570452735
3305091328
714826509
3216612278
3847672395
3332306396
1855818297
3804045554
376864343
2968746616
4110052901
4199594990
995214627
3627506388
3889003217
2732648618
2597515951
2627236592
3943881789
4123255590
3057849083
3583270604
944995945
2029365090
1574302215
2769582696
2131823957
2358505822
2817924051
1313464772
1978791169
1377451290
2538658911
1816752352
3366805869
3378366102
4221714347
2758263740
3468115609
2672396754
3644920247
2958374488
917256325
3931783886
1667948163
1543103668
2457713457
3503975818
1431302671
3541150416
1885205149
3571336710
903829595
1518871724
1819003593
1107281986
3528645991
1368698440
1730080693
4175081534
4219145523
378954660
3430141281
2487777786
1372271551
732963008
2547486669
2757517686
2888129803
3072623004
2161386233
2065654450
1701205271
997319224
2088514277
3339467182
2628888547
590241428
2140613521
4148912746
880648559
2091111088
764229885
632232166
476007867
19651212
3759359785
40851746
831944903
1145819688
865534485
4255506206
3260657299
2794509700
74110401
2861180634
2145532703
1747697824
2293362221
409824342
1798842987
4149030780
4077664089
2641800082
146688119
1447132696
3389152581
1327407246
3867025731
894224500
3761359857
611043146
1093927119
474409616
2570628957
2112773062
1411052315
3220668524
3881956233
2407291394
2675491879
1597105672
772883573
3886906878
837418995
3283171172
4109307425
286737338
3228430975
1119113344
399801485
155772726
422750155
3646541148
3749149625
159868018
1025567703
1086065144
785823653
3712579438
740838051
2513248852
2976226385
3262356522
810225711
4042453616
3052950973
2404650662
862603387
157488716
577753065
2589903586
1808908167
3225348584
2888152789
2678688990
1803813203
795838788
1092122241
2686963866
1581668831
2554450016
1305950957
1990644246
40686891
1304582972
1278079001
2659814738
2825273143
1993967064
3331408389
1749335630
1158161411
1143434292
3159006385
2543509770
1654312847
4120898128
308554781
664285574
2091208155
3420888108
2102713417
2957945794
309947111
3245006280
258758965
2857503678
2088743603
2806237988
1476333281
2348010874
1346597183
30163008
3209832781
2084515062
3745428107
3237927196
2336724089
397747762
476463767
2962354616
3100245093
2194175278
4101352803
1003726356
2516110609
3323565546
3841670895
3779449392
3373544061
812827750
1579418427
1912214028
807999657
981728418
994559559
4172136872
3313314709
677313182
1580536851
3836083460
1958401857
1689467482
960313503
3561725984
2363312045
1372190678
3556786155
461850364
987523289
205664018
2532898295
3789376920
957933253
1535941646
3922257603
1950994420
2676501873
3425155786
1883528783
651995664
2157996253
2946221894
1916692635
3793057772
3204744457
2117516674
3121926567
939496840
1206922741
3599260030
4126942579
2634948324
2657341345
379459386
1745596415
548925440
1662031373
1258238646
1896447307
3251872988
1157918009
4016613362
1106663767
984848760
2266366245
3175690990
3227111459
3774998996
101760465
2214416298
1766731183
4116476400
1805700925
3335207462
3209461243
2125516236
4194247017
2627661410
2394459399
2371377512
475881557
226895966
355264211
2180264132
2819749889
3924583450
3615938399
3020500960
2055476333
3616988566
2998037163
2489053884
3755450777
274763986
1932946615
655152472
3998829445
246823374
4286605699
1903424436
3265953329
600986762
3773869327
935143888
1219323293
3015253254
3081126747
641995692
4247842249
2465500994
3842701415
1118833992
3562848949
3255854910
2032097331
1087386276
819810401
2195071226
780578495
389504960
2546975437
2202597494
22218763
4019728540
2372797945
2590108082
2895196183
1323368760
3329934821
1384886446
445952739
286780820
2590862993
1038010730
2483281007
2499203504
1650338813
3491590118
967030971
860309900
816966185
980394018
350491591
3724456232
226907413
2229212702
3408624019
2199528580
2749225153
3784527322
3219338783
2402975648
193700141
4123886422
826496363
2885705340
467638873
2493821586
2615059319
2519211288
1930588229
662804366
1894689859
2808469364
510758641
3227168330
3948919759
1879140752
2404065885
2444243654
2409422363
2083680108
1218057865
1212686594
2719735591
557597960
1903302517
2192192766
2695449331
3997828708
942379297
1650191034
2322886015
487231360
2991566733
4074536502
2195411659
504134748
2772721337
3798002546
452380375
484059384
1673022117
3360681582
1306940835
399880532
2882461521
4118676266
4225518383
3889492336
839665853
2317968806
1877586811
1400735052
1157722857
1303777762
1015700103
174115048
3048737237
2217329630
2062601299
601348164
4041111937
3177707418
957502687
2107608928
4105432557
1512958230
2725445675
372542012
2410959641
1120834642
800168503
1055859928
335828229
195999054
3906187011
1105165108
1805475761
2206255114
2253490831
3614009680
960077597
1732315270
4242684123
2275445548
1912602441
3086054082
3221718503
3546561736
2616208437
3994403518
3344563635
3241908772
2634977761
116356218
580185151
703692608
3343932493
662291446
2825018763
3773859868
2370271097
1361423666
199695767
2489258168
193892197
1683352622
1695463523
16463124
1391792145
1822096618
4153899503
3585528112
527115645
4071562086
3302911547
1662222604
1739439017
3492955042
879452487
4064190632
4055006869
3240505758
3745308435
1609387012
3620985409
2938790234
1238643615
1459117856
2864511661
1920470742
419523307
1186493948
2618674137
2224961042
225399031
4045532312
3723426245
3774714638
3522130371
748740340
586018929
251961802
1753618767
901064976
3946372061
304848454
3258340251
2890819308
170043401
3148907650
3448630439
417854600
2425815285
2584940670
133263475
2506419684
138826401
2186329658
1571302143
4121702144
2878458125
1860225462
3836225611
2349093852
104288313
812658418
3189912663
1697626232
717067301
744335854
718134051
2554886356
1755316433
620082858
2650106031
106721520
792379965
3345912102
1531046139
2781428940
2306262121
2074359138
3947309063
894974056
1580577621
2979290974
1926214099
4078600132
1635646209
2828700442
3102265951
3003444960
1650902893
1819014294
1739494827
1900814780
1640236185
2211682258
3554133943
1015051352
2643615365
2368614606
1459745923
325714612
2099462449
3299228554
146630671
312781008
168351901
808449030
1650011739
234619564
1640108233
3980744258
426709863
1904700488
1277597109
3697417790
1026532147
109445540
3801273185
2789197818
1651386815
4160396992
4090754509
3604057974
1785508619
856154012
2429806841
2315284658
812124951
4278984760
3993327845
3861325742
702791139
1769831572
2240786833
1615736938
3317045103
3783643312
641408765
2250753766
366224315
526301324
1528597801
3385583394
266186439
862818344
1476503573
2335460638
1885947027
1495233412
1453120449
1534620890
219164959
3917823648
275862573
902404694
557482091
2309983612
3246325081
707705234
3786079863
1892334616
3752756037
3053489806
1657485123
1643832948
1929204209
3324351818
2646046415
3052923024
3127481693
521013702
537577755
2422824556
2308848009
2792351746
2993355303
486712328
2338253429
3401772030
30709235
1885263204
1421087777
75272634
396814463
1755106944
4107723405
755766582
745536971
2847615836
1843216825
664171122
561553879
2444511224
1109777829
393373038
2903531683
3227140180
42213969
543451690
93947439
2398285936
2301377469
1822080166
2538937979
2475947084
1298077161
4100544738
284095879
205432808
4225129685
1137048286
3536426835
3451660100
1072725121
964959898
2366263263
305745504
1771872493
2085683222
2556767019
1134737724
1543943705
560962386
1437136183
2646655960
4043532293
3241454670
2685090307
1142131252
3174834865
4114788106
506742159
661579856
3776647709
4236631942
4262142939
3612768812
1383539273
15743426
1732354279
454663112
3405774645
989166014
2963294387
4004473124
1198134497
4006026106
605185855
1062387264
3277492045
4283456246
3715238027
2212378396
2652068473
2465346610
269744279
216543160
3554615909
100623150
3205743459
2828977172
4164768529
653812714
3026171119
4133736496
2630752381
2022142566
1116002619
2250829836
2432589481
4114385570
490404935
2676719528
645124501
2433312926
1420864019
1286642436
1715002689
1954383962
1066872479
81862176
3802705325
2915182038
3756955115
317039868
2451255001
3545644306
244427767
2468514712
3729853637
3565849102
2038561987
2775838196
3567235953
4089284810
1089721423
784967696
584928989
2790749510
3206168219
1183012332
1292684041
3599125378
3333621671
730616712
1204409333
3266955134
1683143539
1563933924
1668601249
1994351930
4000359935
870084096
874445837
2606653622
4029862731
355533532
3795202873
366196210
989466455
543676280
267462437
3079545070
716039715
3993700308
1065042897
4123663786
3905463215
3214438384
1709225277
1739450406
975393787
987605964
381314921
2248506466
595706631
2366904168
1956251221
3904804446
1893629139
2445070020
3526753793
4263817754
3950431583
1497148896
2958391917
4158458774
3398877355
725110972
2222745497
1772265170
2871337655
3769635672
1951887749
3586271182
435126147
836506036
4058514481
592847498
2092311311
1405626320
3832564637
3124939526
3858241883
28307884
3391042505
3237092674
528428647
3457862472
4269566133
3083851070
4155239987
1471664292
294934113
1854238458
2642519231
3187269056
3689162957
251012726
2540854795
1903398556
3137719289
3120232370
2699748887
1005797176
589032421
4057898670
2057226467
475990932
1895691409
3466172266
2039763567
1381027760
2837713405
3083738598
1626377915
3044157324
2404593705
545533474
3531819463
882405160
1124662037
2158330910
1645416339
413188740
1286069953
2285476826
392768543
1728839072
3345155885
1214361942
3944590187
2153430140
334127193
3457466514
2317572471
3593034520
1071027781
1788577166
1813234243
1426847092
232068337
2781641802
138097103
3727320976
1251215453
2517098694
3043275803
3969666412
3664665737
435400450
2154173735
1116013320
2883042677
804758270
90956019
972006500
2055771937
1735997626
403006335
359337344
258610573
668445750
3320883403
1818614364
1765942457
1227356530
10910935
2404017912
4196364453
984669294
4188433315
2136657748
3850724689
3005665578
4253204783
3595366256
3948424893
2796032934
1504479611
3114689356
1804122345
4269318114
2566885511
3050866408
2927669205
1316893150
588145235
488404548
1582202753
2222736794
170805983
1175391584
3700511725
1292900118
2487440939
3322734652
3777304857
2859246162
3393998903
2202952408
2374925061
4174816078
447661315
985897268
3777422769
1558222346
3661824143
3585107792
973636893
1466349190
807407323
2869455148
1320830281
4215996610
3089611751
2290809544
3432763957
15806654
3897725875
530528292
2266077153
3011166842
79422015
837811520
3815817805
1942155766
778941323
2580014620
3987422585
1293597490
3639399319
170741432
1102820709
3620002350
2995048035
582898452
3050411537
1697762026
3411275759
860671792
1899826045
838584678
2266448955
3409600268
3692757417
430100898
2780206919
4036255400
2478908565
134782878
1854960915
2599414276
1340727361
615296858
3397790111
3456490784
1688232109
1940405462
3636969707
1880019964
1290572249
1751794706
1247807223
3084855960
1782521797
2788393230
2424342467
3468885236
3835524721
3931271114
2844626767
35268368
1468907997
3693038662
417999259
2696168684
3083005449
1052250754
1434722983
1609347720
2642978549
3229384318
3139438195
3834022884
3757004961
1682574394
3395625215
3410537728
750268173
1081604022
1135181387
1297723868
151066169
261307634
1753082455
1549530744
1722858021
3470432238
1878651171
3528038100
3131213521
1719305386
4190625455
286289648
1066575933
394870566
200326907
770579148
3519679081
734184290
3882376711
2223765096
2408208725
587517278
3210299347
1306205636
708444417
1519048986
523290719
2528144608
2488282477
3924435606
2339040171
2988474300
2013317785
835560914
2837347767
60535384
2728952965
1483873998
4165536387
3167363252
1358481201
2950826378
3973766671
3945244368
132365981
3253838342
4068672603
4049592492
1716016841
2113594434
2805680487
1214917192
459160501
3294202942
1486108979
610639780
3991001441
1269241338
2411798463
1496652992
2147507149
2612444534
946080011
2598059420
1006874361
2589032114
2920923415
4120272440
2512289509
3853653422
3167081443
431790740
2360883089
4173397610
1604226415
3612855984
454624509
3574625510
3405314491
3850475148
4250260265
2929227042
215278791
3514781224
4271656469
3576871710
1344854675
2979926404
3053380033
3621176026
2397972255
4157521056
1616951853
2643839062
1055708779
2147609468
1126286169
4032219026
1162327159
3057908248
3280644421
3042081934
1019759939
1889076340
519624689
3478086474
3672829135
3633899152
1875540829
1721612230
4289371931
2160802924
1795850121
315848194
3154980903
2177065480
48009333
575166974
1534012403
989623140
3651738145
4216446906
999284351
326454400
839469197
1396654902
4284306379
1443662172
3346204601
3071639666
1753241559
94143992
3148153765
2718651246
3819468451
1154965076
2228398161
499464234
2476211247
2917330544
2291147197
2823908006
1727001723
3048526412
3481164777
3689146082
2226924423
4147013096
4256629461
340945118
465513811
33080644
2079883905
240151706
1618888159
153144416
2106722029
1013657110
1175290155
2373130044
1326414873
1304799570
1033612087
3751281112
430280197
580164174
146690051
368027700
123578545
710573322
1786624911
3526223440
1946286109
3890449798
1126234587
4072036396
2529781833
385992642
1656346343
196630984
3502482741
2953373630
510713523
1141573412
2349144801
3305793914
1955683647
4056497216
1469248845
4107372790
1263885963
313365788
2886672505
4020191794
376549015
2083417528
2233747557
1235636526
4016167267
1599726100
3148994833
2538025450
3967036143
2087833136
3434610301
2399936614
1117105979
575131148
2030281897
2909083810
2111713863
3579395496
1771730837
2518931102
3705421843
984299780
3303465793
800577114
2594251935
2724633632
1621365677
875189206
3012357099
1312031484
4236899545
3017427730
1893360119
1331153304
2981704389
3321395214
3337294531
2559446004
2196191601
1656968906
1381190223
2678498832
3108648157
595796806
2141590683
2866885612
2051346697
1682299266
704724391
2785612168
3251862005
56309118
3159970163
458316516
2914376609
3130045242
2709887999
2884692992
3311231501
3459092150
2399938891
612262108
2862086457
2377040882
4138583383
151786872
1593593125
3796045550
2863791139
889464276
169200081
3875990442
2163415471
3938741744
3964705597
1191220774
2158635515
1861913036
3936726377
3705408098
3875207431
197121384
3741756501
3496412254
239080147
393571524
2575959041
768409626
68600671
1533029344
1045880941
2995992982
1512773291
4127502012
1817259417
1280617682
2109986999
2504216920
1485150085
2235438542
2718864771
2754883508
3394603569
3662278794
153852175
3368232400
2757964189
3074193670
939126619
3440103340
1715304905
2489297730
1621320807
3497363784
3536588469
1912554302
266896435
1552903844
2809879649
2913254650
3912014527
3115080640
271093453
3977466998
4248941579
2671701148
1137545721
2600732082
133471255
469073208
1978470885
832670894
2690178787
1368795540
146700945
1321493866
668256367
1620757936
2887383037
1307495398
65889467
2676819340
3575936553
3825777698
1859289031
4196543784
3132858645
4175163934
3937052051
337076356
3265389761
3125799386
597631519
2345499552
191524141
2774916950
3433562475
2024086140
2133141081
16043666
3273133943
18520344
2596977733
103117710
2229852227
2762085236
3597179633
2997766730
3318130639
2504222096
1510796893
13602502
2933688859
1022765932
1802674825
17775874
358632231
3401433352
3228394357
297079038
3017701107
1669677668
2719325473
805734074
843471231
1388022656
2360638349
524474934
2293628619
1454323804
3094342329
3781101426
151401175
3836388600
3065419429
3179399790
454459811
13626708
275508049
3493830442
