1704507307
4055620540
2509010585
611148242
4230154679
3063860824
3002658949
3280968398
1144018563
735116468
737801009
2457421194
2356210191
4203627216
3997280925
3971915270
1733546075
4248976556
762249929
3480854594
2777863527
3231991368
427403189
616958014
2474542387
3901979556
2782791009
1761432058
1158294463
3568482496
227100621
1706211702
2090325259
2697238940
2139446009
2121218738
2021936407
1556576824
543484645
3408761262
3010666467
416380564
1282368401
4237703786
1666881903
548170416
3331125501
3321589990
1129301435
2201088652
