3465086543
3007918608
676548829
606179142
851021979
2722529260
3534875913
3178562946
3371071911
436018568
234886645
3821478270
769412467
2875205348
3485349793
3315949370
974804991
174487552
320699917
135723702
216966475
3798379740
1235998009
123269106
1037697367
573776248
1623189797
626653934
1088682019
1542844884
1202005457
569808810
3383154095
2496461296
2726803261
955580966
3105596923
2686834124
371231081
2176923234
3794154759
3805929832
1478576213
3437817950
2967539411
436877508
4032847873
4216826906
2158591839
2176563168
1455750253
2337449366
753636011
1999829692
3656583577
3610564818
682497207
1930452312
2058826629
1105920462
685674883
4146854836
2821908017
1294965898
761091343
3425808848
2294828445
1434903814
1959357275
2868714412
1002853833
1878710082
2802622567
766874952
1070901941
2778148670
1118273587
2762619556
3927947361
2292541690
415061695
720234432
2588191437
3752378486
1675636747
380844188
385707513
3793367474
3315390487
2707982648
1066184165
1122269358
919001827
1670641044
4259960465
77599082
3062137967
7297456
632099837
3549378534
1142612155
491016588
2881180201
1633282082
1870248903
2156411176
1655848213
4270448158
2357698963
4105710724
672415937
1841731034
1429069343
1257572256
775194925
2899397462
2250538347
2573166204
3470983769
792787602
3263056759
2436080920
316168261
3338559374
3388265539
2292572020
3655464689
914355786
3455345615
2491281808
1338903133
684063430
1902642715
3446896492
437747337
186018050
3209004839
2638859528
1783758709
75037950
601453299
2947288676
3780507937
116601530
886248831
3804829568
4012677005
3062122038
3557849803
1404011612
465290937
2715890546
4180307671
1651093752
1681011365
149993070
767589795
1239005524
2570274641
755452714
2290414383
2807396720
1774399677
3873648038
3003702139
235048268
2264062697
4268251618
1179124359
2180141288
206303701
2149354462
2314531923
1996349508
419225985
207830938
1652882655
2942441312
1170527725
3698962710
4194052139
370905660
1671412505
4180859986
1870217783
1896000728
2939305221
3748887886
2575423235
2259125044
1693829041
2389577738
2802725519
334360912
1646561053
3147747462
727015643
2909377324
1046832969
2827467458
3763940839
1752810696
171447349
3593243326
741483955
3894780452
2652961249
2454633594
890999871
699926336
647316557
443124726
272598411
756781084
1487331193
3496867122
1463993751
1425447096
2070968165
3175003182
814800995
445070612
843151377
1558988010
2523406831
1899977008
3012169085
1890640742
1755682363
4129327372
3632735145
1387039650
2505115975
3336054952
833513109
123795870
1676216083
2627425284
198853185
149793114
2943277983
2260920096
305521325
2282477270
2603782891
1629978108
4176032729
2664070674
241105143
3795678360
1552212421
2970245902
38115779
3706775284
3257817201
4139379146
1869267279
306295056
1686881245
3956368966
1699838875
2929684204
963645449
571395202
2567410855
1325759624
1548151029
2960251006
1987156083
701953508
3376462497
1014498874
2153173759
3078272768
356430093
1494782390
2335002699
4139211740
2390669369
3078649586
514186327
684671096
4060576805
1703834094
167248675
2707194068
2715052241
370081450
4142796975
99416304
130132541
783833382
2276528379
425608396
2436377705
400981346
1263849479
4009345128
1872337749
169289566
2502154707
558925764
158098177
1428542234
44792415
1758951136
3360141165
3712466070
1015528875
2923637180
2944363673
1237835730
1039101879
1956904024
3884992133
562231502
788536451
927074996
709601585
3508765578
2647265295
389624016
3150168221
1461566470
2719766107
4107602604
1542944969
292265538
940620647
3500995656
1564376501
3909674558
3713518387
276826532
3413457761
3610185722
1027920319
64038592
1340661197
2152814454
2006571787
3292719004
1040404729
1624815794
1309913879
1303619640
4105650405
3349147566
1152771555
1780057236
2158762385
2586802282
2161557359
3441318064
724174589
2662960870
4075506619
2071707788
1640363305
3352702754
387143367
1511462952
583897109
3187610910
1483041939
2161998724
3664987073
2731261146
3808090399
2908735136
1555708973
3387777622
1891346539
4046361980
1747084633
3823829394
1558881911
2012627992
3709102917
3600635534
175202115
22736500
2517481969
1063968074
1760304847
1788113040
2358017373
1531171270
611709211
1674208876
3065749897
3495833602
3426001447
758131720
3386823285
2511451134
4221877747
4158709092
3447618593
4097038778
1386582143
1182488192
726911629
1574165814
3359974859
1769878364
2817829305
2520169074
2756463063
4083404792
1883227557
1764961646
730499235
3229501524
663259729
3943543338
3403820591
4002642032
2726503357
4269048998
1293174395
3761830988
3136323049
2621153506
1733074311
670052328
1745503445
416858846
2825764691
4144115524
128902273
1671390874
2535258079
1813763680
2219673837
4223453206
2324583211
3718889788
3281133081
385082194
2316344631
4227091416
2312196101
907637838
1062822403
1727762996
3191114417
592443146
3348163983
336818256
3148216861
369338246
4011740123
2671739436
444369481
2024178114
607340775
1682908104
518514485
2351710654
739799219
4223234340
3088874721
3846595450
1731792703
2000242240
3158275917
2137006838
804204683
2049523484
3440558713
3780803634
2685378711
161462200
291572325
2416454446
3375754083
2957691924
2938747665
3395922922
735075567
1376540720
2995585149
1269381734
4176216379
3411408908
3447178921
2396443298
1791009863
944048040
470792597
3496226974
1073533459
2139005700
3655288129
3378565210
634508959
2093721120
3015808429
3765824982
