3085434675
2995432868
1196920673
2200261626
3151906239
3922987712
1759932877
1110039414
2016448267
1805781916
707798265
4019682482
3017516823
4161997880
1634161893
1753805742
2887981539
1096624276
1718840721
3838229610
865940335
1198144688
3789331197
2160268006
469696443
4281590924
4101490985
3377853218
916998855
568294440
3822232597
2235111710
4159676563
3214548868
929011649
3091464410
2301512991
4063537824
4066496557
2624054870
3582745707
3414145404
1452882265
208389522
3716979319
1533519896
1538162501
2624084622
1566085955
1775276660
3344895473
1543774538
2446103247
1077040272
2456359261
4268709318
2823005467
2666826348
104297865
3827299330
623089191
3129643016
3209553525
1112389630
1294529011
3696197988
2155139105
1680743866
1567818879
52574848
2191875725
3253756214
508549579
2680248156
2914352569
1769569906
482885079
1223111672
3854817701
4108333422
2532031651
52816980
1499717201
178845226
3873219119
2021874800
2089400253
599918758
4170971771
1003823180
473321961
322921698
378900871
4091319272
3068352725
2346108638
418116435
170054468
95369345
2669390490
3280235487
966048352
1648958701
4068166678
3738371883
417260860
1973219865
637052754
1466339639
2089398232
1530881029
2829613134
1882494467
1289041460
630841009
4142742282
3550830991
727012432
1859554845
4268960646
257949659
72197676
1653366345
602686914
3335929063
1741522888
1814756149
646727102
2828051635
1183585572
1982255329
3712264058
4063920959
1854155328
1709509453
2311104246
258860171
3813696284
1080530553
1025589298
2671744151
3997637560
599334501
2323197742
3968540515
2186702868
18419473
2198401002
2768163055
1335901232
3286733949
3090857574
1525134651
2731940876
1364302505
3210647202
498964551
3965021096
2361183637
1931883678
896468499
2332247812
1291032897
4007728218
3429714591
921209376
3994102189
4286083542
343437803
663605500
3962399449
2250983698
841697271
3524753304
2999519429
151672334
4215756995
3676412404
2365157233
1832129738
1405153359
2556171280
1649724125
2530263366
3045792411
1038516716
2896037641
1791907714
790864807
2473344904
3526414325
1851560830
3839825779
3439356132
3509424545
2683194
3774136831
3820608000
3882186765
3881479350
3192565579
2316250844
2735107897
3025060338
2046929751
2549269368
2282169125
789834990
2009154083
2326705108
911409105
3483806122
2227421103
1954601968
3166056765
4226626598
1705127931
2012665804
2223612777
2272495714
987782919
2869560168
35586645
2967954014
3359168723
4261116612
367835649
2572434970
1789454687
2179996128
3396990573
4045363094
1228709035
726432956
3674907545
1455663826
211467959
3956342616
789278085
2739794894
693164931
3228941748
910016561
546877066
2296332047
252089296
3517171613
1699223302
495252827
1870601644
892104649
1384524098
2899036775
3173431112
3995034805
1870569790
3704900147
191659172
4199092833
2660956922
1348583615
3666037184
2615583949
3900600950
1571174923
2814229148
1448216569
3636593586
2882437655
3047828280
1064167397
2825939630
3276678371
2817439636
2446438545
843195242
1558933103
1323645872
733318653
1821993446
4220218043
3203879820
1721658409
3846060578
482207175
2411354920
1942615829
2061127710
201943955
3737874052
693803713
1345660890
620185631
1919642016
3963847469
3039821142
266307435
400222332
586456153
2172767378
1165292919
427181848
1556517445
489902478
3843104323
1754374516
438751473
853215306
2847952335
3608466320
3783492701
3348704454
2316144667
2094496108
217553033
886291202
1317974311
616361736
2092349813
1068658430
724581619
1569738852
439964449
1247462586
658603903
2325772672
3626537357
1525413942
3762324683
270272092
2601148601
1950025074
4083554519
1999459064
917335205
2085529710
435275683
634813268
1817518417
2895863082
3291864367
109927280
2510662333
1207918502
3210962299
999788364
1750070505
310291426
840313991
3123081960
4269648853
3334405598
4221615699
1764958788
268254081
2235814298
1108895455
538605920
137220077
4184498966
3139514923
2700678204
1688950041
2955259474
4219071543
1791446744
2293921541
3699011406
3645382915
4281681204
4050952625
2243633674
2904824975
4165391184
1991508253
3682861702
4259637979
162501932
79659337
729222338
3811334119
3387877064
4206284341
3031956670
716369843
3744195620
431903713
1428704890
206831167
3956369728
2968206925
3429055990
4175007627
1458180636
1911519609
276416306
3481825175
3426499256
444969317
4033783342
2255235683
270925588
3734852113
7493354
291703791
2201566000
1061586813
2346653030
334110779
1905756940
3126738345
150265250
2846438215
168708776
2130321557
1247112094
1371459859
2566034948
311729217
1782594394
3368830367
1656572192
2465782957
730761430
1572969707
979828732
15650265
1282363410
225026807
2944669336
3215399877
115559694
1890968515
1881188596
887566961
3136879562
1238018895
979145488
905264605
2127075398
1003160987
2043113708
2906925577
271588994
4184129191
1820106376
2766119669
1682918014
4129055347
1811888100
2711098529
3502479418
1717124351
3050707200
4209945357
2326021046
439441995
3488079324
2613137977
4148054258
2130019927
1687609976
1471591973
177234926
3548204323
849167060
3244966609
2944864426
1530067631
1823005424
760751165
4126706470
467639035
2763474636
1300842089
2187382626
1916205575
523362920
2449429845
2069731678
2300814291
701090244
971029761
4041893146
2144527455
3524516064
3244599661
2036100758
3397437355
400862140
410977945
2149495250
436476343
2003607128
3461120133
2184047310
3592054403
1729350836
490636081
877958538
4134795791
622203600
2215066269
1327951366
3330269275
4041149612
1464177353
2092888130
3757565287
2351306312
2012297141
2755156030
1747752243
2680834980
445027681
2397872634
1544633279
1617856704
1257428941
2741963126
1997006091
2396350876
2571102969
843614898
7167255
2952612408
453016293
2423513518
2347053027
419186324
2910581649
4221143658
2019928431
714881712
614105341
67879142
3120813499
3635856012
3532721961
4169302306
981434567
1498495528
2488093205
2409072414
3700373139
2541272452
1319214529
3405926106
3991683871
3319670944
2284926509
3499365462
2485039723
758257532
2350645081
888394642
2148094071
306243096
1097508165
4095363214
4097157443
1338945652
2738525169
328068938
3923773647
3363472
2242508637
2858353606
3770907419
1387685996
327400329
3403907586
2779106343
1756057096
816548981
2318607870
463702003
3595378532
2907297313
560163770
3560700543
593148032
4122461325
3833827126
35467211
1735570780
2871739321
2337836146
313521111
3727651320
1361248165
131669870
4200845987
251857492
4220675153
3865691178
4290451503
3839056496
2848824765
4091066022
2434191483
3512073804
3124074473
2769941218
1900201863
3626783208
2728656597
2093167838
1187088723
499085636
3650567809
1783101594
1507353055
1440495712
2619245293
3740629526
224091435
772752188
4236621849
346994002
1580812087
2411785688
1707182597
3261621838
1976019971
1443976244
2140890289
979699978
449763215
3547615824
530412573
2922436998
2371212763
1124959276
2998838345
341693378
422474471
30164424
1271832885
3959403454
1799436979
726119204
1117902561
3655857530
1972992319
4133136448
268267853
3684816118
1848720011
3984572700
3527629945
2351844914
880626327
3740096952
2799584357
3061849390
700003683
544312852
3295515921
834125290
1207125743
2198747696
28408445
3273616486
64523067
307558924
892788905
2179409058
1161875015
2072193448
2579723157
4171276958
2189073427
3093161220
595697473
8086106
3394715807
1506674720
1911328685
306225110
1224132587
2386308860
3397136601
2299483922
2471755255
3215766936
1209085637
316163086
3314577091
1704703988
723580273
1251599050
1073768015
1721307664
4137791709
945581894
2398548123
631529452
3317058825
854451586
3377584551
390659464
102397429
1599996286
1908780403
2054817508
2202965921
3392814906
2800334847
2435733504
1854135821
3599358646
772015435
1958513884
3477615929
2122960882
2761253207
1643577720
2297579813
2720586478
3836041251
419942868
3771565521
1598257066
1741567407
2903300592
822482749
799007270
889783803
3748902348
877980009
1219106402
2772014343
3809853800
376154197
2028982366
175795923
588519620
891338753
2136771610
103341919
1769183200
1046174829
2553644438
431026859
2172181180
381643161
3151345874
3189339319
834944344
3038352261
3408519630
240120195
707648436
3733669425
2783739018
3493115151
1096913360
1870048669
3869361414
1751567195
507181996
2636821961
3226711874
80740455
685864264
1548683957
973999934
166780979
1604590244
3624933473
3290056954
2397877951
1804978112
2785741517
3808141430
1951764491
283711644
586796537
1814761906
1639462935
3607914808
606014949
2425575598
3051895523
2223363476
3916576401
2966221162
906749039
3398384048
4236997629
3071940582
124272827
1014116748
1750053417
1931659298
1072503751
1856248104
1969003797
863026718
427884947
3651275908
3610550465
2561373658
2483895839
3700221856
4130007341
1586768726
306830699
4219815548
3255788121
2529286802
1028238199
902268184
966441029
2434613134
986068035
260554612
2459588337
1847383626
36422607
2878198160
2933680733
381737670
1550149147
277960556
1239146121
374294786
3664308007
1985326344
187457397
2446318846
3464680179
914746980
1772509473
1497895610
341996927
3176200064
189986701
3468109366
870701771
2512741468
236463801
517084018
715509463
1844285688
1696895653
125802094
3896630691
2930481492
924559185
672410410
1231835951
55925104
3909193917
2538474918
498482043
3977276748
1105672937
990984674
2216387207
1039020264
3545649621
501443550
2857260115
398966852
2457682305
3190300570
3133431007
3403282272
1310406125
320639254
2239858731
2954981948
1831607065
3281239122
799318583
3681979608
575970565
3396492622
4122162947
1097425716
927665
2229989386
3433403023
2900218192
2576541469
3866734726
1840431323
2691134252
2626275145
1319148226
417107431
4284851400
2406642741
1013148350
440108467
450855460
550590945
3682835578
3725259839
2116020032
3004933197
662465526
527754635
2534502428
2439200633
540988722
2115904919
375027896
4173518693
1286444078
2255634531
2738429204
3800684561
2262377706
4172251631
1059010864
992505213
3455828838
3669161531
1963878668
4057695145
2587192226
2693032263
817105064
219727509
3993491870
2007131923
3645191172
2948244033
563251546
2165193631
203081504
3136045741
596555478
2249716459
319643132
2027262937
2886426130
1944738039
4069610648
2080850373
2632530702
2849438147
2878523124
2678503537
2350303690
3865190735
219255056
3562677213
864831046
1594809243
830295788
636776457
1124576386
1324020903
2211536008
635521269
3481843838
131790963
3899708900
2790333089
1552737850
1386623743
1707251456
1915031821
990605750
2848108619
1754086364
1838880825
3123795698
2598452311
2148737144
1270471717
1709003246
1530487587
770597076
3296512209
1323032234
1519743151
632084720
4156557885
417544486
1629384955
405546188
1760332905
1246715234
2213031943
3870662760
3211000661
429786974
4231870931
3654969284
934068993
3031085850
2913655391
940529376
1901989741
3182075030
