1160566481
1533056170
2748755631
3937468144
1444542525
4131933990
201625339
1674554060
2107529833
1298846562
592522759
2722006632
1190898005
1772477790
300357587
1341042116
546853121
1093986586
674469983
2058681568
166428013
2494378646
2142419883
111546300
170465945
2109322706
578506167
2016559704
2611860613
3952553678
3314211459
2986455220
4163573553
156244362
3788615183
43005648
4052946589
1236840966
3086931035
2643030188
3284444873
2502620226
2332825959
1558493768
183995317
3573718078
495585587
1707159460
3404212577
3638109690
1034678207
218213568
851684301
1367461238
3960723723
396938652
2312371961
1573228210
1767805207
854912568
1894502117
3839829422
913286115
1077684884
1687324561
3132558954
3548208495
3498598064
737170685
1239385318
3386689979
3958580876
2692358953
1062241570
1284355271
12705320
4200439317
1944308510
2072423059
2520883588
2376937921
261149402
364967711
526601376
2756446765
2724780118
637838955
152533884
3768193881
2941441938
4134831223
3765078552
1423964485
3834088590
1457134915
744526964
997926897
4258100042
28425423
1469150864
4224306013
208979910
2885054235
3313814636
3889614729
2702411266
195952679
4023251464
3737510005
318859774
3778345971
652739428
3221187105
3784568762
3477778047
1389485184
1528600717
3944370998
2380080075
3479837020
1217615801
4120481906
3281332183
1082856952
3609351077
3309855598
2451719843
4192661076
4194105425
3167438890
2705771567
1453555312
3820450237
3274734246
883147899
481714764
3119688681
3953915618
2554657671
3355506152
2378715861
454260958
4025285971
1496077636
2230768257
2803530906
891360735
71654496
3754776301
2874031638
4025831723
3675825980
1205324825
2412886354
4137188151
1330549208
2471157253
4258900558
1067458563
675756084
3912235185
1038650634
2467597199
1219917392
4065413149
3150617990
2789001691
1610606636
2196093001
743561154
3995772647
1666378184
3908891957
2429679550
889630387
1787205412
3417008865
341604730
3189517631
1286982720
1190544717
2126289142
2225417867
412820764
2961141881
3107148338
3780542103
1152187832
821139557
2700304686
2729159011
855208468
506210577
593314282
1676868335
1690459696
3257880189
1610297446
2937683771
2044288524
4207408297
1279076514
892797511
3619409320
3724265365
351594142
702156819
2490288388
1328886593
965863002
2366895263
18557984
825189293
488465366
4031036395
4033450748
2694989017
2297846546
27734519
2493405592
1672381125
1565362190
3936150211
2440403956
2047445361
1801545418
1287264847
2646554128
2045347037
897200966
1771168923
3501900780
632381705
279308674
3242331559
1999872392
1717357045
3828630910
868163955
207416036
2527865761
2196947770
1893755903
2993519616
3406869005
1512611510
1126955339
1190916316
2186823993
4065514482
