1593254907
3464444876
89044841
2339212386
1881838343
75933544
986404437
1864345182
2150386899
2844810948
1666469377
1083097626
490315103
3472965088
212912749
3663731606
329158827
1300095164
157595545
2303635154
1698820791
520528728
740082053
2561095630
3555807107
2899550644
3822736433
3364106890
3396137743
1827715024
1692375965
1774836486
808708443
3952705964
3394995145
2615291202
1947205223
475355976
1557510325
3896042814
3647061555
2396217508
3915032161
930578170
3559683263
3817237952
3580328141
3699455606
4293013003
2617319068
1536564217
825165746
4243568151
588369720
487144421
13348526
1091082467
2828966804
4086842513
3159336810
2788369007
759259056
2965070333
878521830
1150574267
3651385228
892829737
1425817122
3808172487
2107309864
227166997
521573406
170975123
3540275844
2132160193
3685985242
2264661023
3764424096
2987284269
1156890966
3874847595
2536524924
1679994969
550555794
1007692151
2316299032
1340859973
2307954062
853905987
1452508532
890725617
3758787658
1203896783
518190992
760436829
597618886
2792391707
789962092
3120213129
737394434
13034791
2857341704
3061910901
7385854
1743892723
3684381796
463398689
1232816314
4102042495
2257034624
1060988301
2540878902
3375397067
1401121372
4246893753
4218161522
3162197207
871954168
4099719333
766372974
3034594211
1512726356
3312432465
1038934314
2213646639
550338416
4248796861
2303140774
3424672123
4268225356
415041769
1912647650
1028153479
1617630952
3444703189
352272862
872165971
168822340
2181877633
4177941914
2274433759
1391697248
2777457645
1941120790
317400619
1634891836
1286433049
1077457490
1141448759
1019540184
1173605125
2212213582
3192952067
1390094644
2377725361
1009690122
3684290703
3455645520
3474445597
3540895366
2549866203
3591502124
1570149705
1415254210
878218215
2581957320
3549766197
2172272830
2611504051
3151677476
1098377185
3196899962
1460056639
2124188992
2576618061
2507014646
2625471371
3447027228
3302722937
1248774962
3297878935
4234927800
2353595749
3201428014
848207459
3692946196
1124853265
2634537706
2073214959
2103271216
3715390333
2326452582
1482363963
3230396172
3768537513
3694846370
2916050759
2360798888
1457681557
110735262
3092137235
1249081860
3036164161
3393634138
632879519
4269436192
1542172845
3562753238
2856292587
537158652
600105433
1363563538
1542248183
115718808
452227013
2907214094
3773978563
2372570356
1719649905
2125496266
1018453839
1106425616
4008514013
1440111686
3348494747
1145951468
1173306889
4007142018
2642735783
2866233992
4040292085
18189950
2403718771
189930468
61188257
2825657402
1652551935
2206547200
3106635533
607324086
3968421451
1570193884
1937860153
1744260338
1408416343
740984440
1368263205
3120015342
2228470051
4198049492
1160566481
1533056170
2748755631
3937468144
1444542525
4131933990
201625339
1674554060
2107529833
1298846562
592522759
2722006632
1190898005
1772477790
300357587
1341042116
546853121
1093986586
674469983
2058681568
166428013
2494378646
2142419883
111546300
170465945
2109322706
578506167
2016559704
2611860613
3952553678
3314211459
2986455220
4163573553
156244362
3788615183
43005648
4052946589
1236840966
3086931035
2643030188
3284444873
2502620226
2332825959
1558493768
183995317
3573718078
495585587
1707159460
3404212577
3638109690
1034678207
218213568
851684301
1367461238
3960723723
396938652
2312371961
1573228210
1767805207
854912568
1894502117
3839829422
913286115
1077684884
1687324561
3132558954
3548208495
3498598064
737170685
1239385318
3386689979
3958580876
2692358953
1062241570
1284355271
12705320
4200439317
1944308510
2072423059
2520883588
2376937921
261149402
364967711
526601376
2756446765
2724780118
637838955
152533884
3768193881
2941441938
4134831223
3765078552
1423964485
3834088590
1457134915
744526964
997926897
4258100042
28425423
1469150864
4224306013
208979910
2885054235
3313814636
3889614729
2702411266
195952679
4023251464
3737510005
318859774
3778345971
652739428
3221187105
3784568762
3477778047
1389485184
1528600717
3944370998
2380080075
3479837020
1217615801
4120481906
3281332183
1082856952
3609351077
3309855598
2451719843
4192661076
4194105425
3167438890
2705771567
1453555312
3820450237
3274734246
883147899
481714764
3119688681
3953915618
2554657671
3355506152
2378715861
454260958
4025285971
1496077636
2230768257
2803530906
891360735
71654496
3754776301
2874031638
4025831723
3675825980
1205324825
2412886354
4137188151
1330549208
2471157253
4258900558
1067458563
675756084
3912235185
1038650634
2467597199
1219917392
4065413149
3150617990
2789001691
1610606636
2196093001
743561154
3995772647
1666378184
3908891957
2429679550
889630387
1787205412
3417008865
341604730
3189517631
1286982720
1190544717
2126289142
2225417867
412820764
2961141881
3107148338
3780542103
1152187832
821139557
2700304686
2729159011
855208468
506210577
593314282
1676868335
1690459696
3257880189
1610297446
2937683771
2044288524
4207408297
1279076514
892797511
3619409320
3724265365
351594142
702156819
2490288388
1328886593
965863002
2366895263
18557984
825189293
488465366
4031036395
4033450748
2694989017
2297846546
27734519
2493405592
1672381125
1565362190
3936150211
2440403956
2047445361
1801545418
1287264847
2646554128
2045347037
897200966
1771168923
3501900780
632381705
279308674
3242331559
1999872392
1717357045
3828630910
868163955
207416036
2527865761
2196947770
1893755903
2993519616
3406869005
1512611510
1126955339
1190916316
2186823993
4065514482
