1699523267
1578288116
1676972401
3112226506
4022493775
970645008
3561032925
4095482694
1111141531
2566712300
2499635465
3400683906
1297307047
2126793096
3550826997
2668834174
696314227
1155797732
930689953
646720314
119190527
2484282368
2842311181
2565113526
4180066635
4167571676
2227589433
2971220978
3873824087
3983887736
1554261285
3151562478
2954859555
4263828948
1108287953
2948621226
1345204655
1414833648
921924413
190156326
2345320955
3560063436
969540969
4106519138
1972965639
2673282408
369394773
3613064286
3581127379
2611225796
3845741569
2059696154
1048042335
1507746784
3977230445
1342583190
1607577259
2013947580
1173063065
1882924242
3695702199
1535674712
1985572741
2299530702
3028823427
3740329908
4013613617
3003082890
271757583
1336892880
347212189
3981275398
4054222683
3613362092
1070453193
3150193474
546143335
753451336
3841320629
573520702
1462246451
693773988
3407262817
4187501818
2119807679
2626065344
4287456973
1531071606
2222214155
2103485596
4073974265
2640739762
449098775
1377219896
3924617701
498042030
1709078243
1810817428
2962215569
3581271402
1822941295
1390609840
940888061
1941685222
3525704891
2096938380
2401291817
2028549154
638097351
762406184
1578203413
2420632094
3623239059
394139780
3559472321
591356378
2576890399
553890720
2977645869
3796948822
3144063339
1625477756
3650584153
3218294418
3493078903
890753304
2599851077
2557438862
2742710339
211209076
2535846641
2237383242
1315291087
1088920976
4155754077
2488829638
4154532379
461497196
1541077641
1634448642
2313315111
3806918920
2867805045
3462203646
1832259315
2340944484
3079206177
3555851962
252408191
1749926784
1601262477
686412342
3305150155
4144558172
2488156857
985235314
1450068695
2760105208
2030988965
3020407406
951327139
610313556
2148877137
2364086058
1245990703
3098879344
908520637
1625012646
2557474683
2238118220
638867177
2256774626
2079514247
3410459880
19344853
623286238
406818899
2800733252
4165852545
1139280794
160127199
2942092128
4060582381
2395290902
3449439275
2420833852
152057625
1297164370
860560951
2085804248
2144106757
3341846862
3705893635
314863412
343262129
307616778
2702937743
356752720
1644577565
117267590
1458207963
153354028
3118785353
3580430018
1477577191
2693066952
2723237941
2036111038
3328885171
2267909668
3851417057
123308154
1609560127
4012421952
3721789517
2409306102
1837867403
4179688476
1777687417
315769138
413311383
3564946616
3066606437
3298934830
861961315
859449620
3378476049
2547650794
1069776367
1837827376
1978255741
3497357158
1097380411
1899033868
795123625
391370658
2786583879
1486443688
3691356821
1270285726
1359979283
1169768452
2590457409
243168602
2500933535
3702100768
594845357
3273876182
2838277867
2047011324
890613721
2188691986
3830240503
16359576
832249285
991127310
3414373827
3711554292
3756676209
4222465482
3205766479
2491637008
4167663581
586936902
3527579547
67492588
3937111049
4051441794
433877159
628926600
131867893
3102598270
2105947251
4161462756
4260083361
2777600570
3620155135
3906429696
1333488909
3709214134
4040518731
3613968348
881407033
1869660914
2686564439
2445372536
266057765
1430093294
547594019
1681616084
1697539281
2013842090
1675979951
421831920
4229785149
2152260902
4023397627
2216341708
2614208617
3843672418
2469899271
1965485160
2339166037
2042180446
4247156179
2946134980
3275054849
1958911770
48879199
1084891872
2055367533
2905294998
551410091
1372231100
2120738969
2298358738
2180598711
1389111384
2099413637
3654812878
2585376899
397866676
843294001
2737000330
521104399
1181146320
530414749
2249476102
3966333531
803698348
1055847625
1332013634
503420775
4052754504
3629103541
3805344318
1833461555
2044720548
1767651169
2152848378
2639343039
3441021632
1226938829
521855862
2174613259
2778747804
1959382265
1515521202
3953889047
1276236856
2970057957
731577262
2336063971
1126461588
3963753873
1865761898
2372541295
591529136
2374091517
3994426086
2254858171
3252956300
471560489
1771404066
4061278919
2159035432
1813826581
3840745758
1464076435
1616078724
997736385
678725850
3654628639
857633440
3958437933
983363158
3345859691
190972284
3318145369
1252871570
1796244087
3247075352
4012025669
1228825230
862387011
771480180
71415281
712419658
4157438671
1924013200
4234295645
2382781894
3894349083
1888014956
3345948041
1222867970
1933671975
1149196296
3496742517
214286334
812734963
1751959908
1352759329
694330810
2538466431
3551527552
529041037
594110774
312820171
931635036
1802970553
2638153330
3120571863
858651640
2265711013
3447339374
3186500771
464860244
3076163153
2132770346
1393658415
3013813360
2933317565
1469911206
2817221243
3998050380
553777641
3733384418
828864903
2599771112
2597683413
2199047902
1512594259
2477005636
2347753601
2605986458
1620267999
3418784352
746603757
423121942
4020006699
1518939452
2884803097
1900162898
3193076023
1559525336
3562769413
4010180686
1110113795
1271430708
245663409
1936179978
1074678159
555293776
1937225245
1485976454
3357763547
1772744236
1424754249
4156018114
3898352871
503992264
1827742517
210521534
566299827
3748748580
2625337569
4068552570
1820158783
4099535424
3882890061
2009181942
1454066827
551463708
424754809
3253651506
2313125015
919987128
1051280997
2157655854
3279259491
4188911636
3744970513
1770485738
194754799
2986869808
2765929597
3130902118
3072269627
2367054860
3678749353
1034821282
2146926663
2746626984
4099339669
166345886
3230887443
1162645252
4250681665
4280392794
2648978079
3798094368
2968539565
3065870806
2888423915
3003128060
2443907801
1719456018
1518284791
4106895256
965554373
4042284558
824557763
1557979636
3391887217
532061386
2928793679
426236944
698217181
3279407430
1328972443
2131413484
2015735561
899800962
202476455
1039206280
3936286709
2011470718
1542946675
3131945188
4121573793
3983374650
2208279039
3872891392
1972936717
1776530614
3228571467
3043325660
1058543417
304368114
2584318807
113871736
1151290149
1253962990
1720953379
2832071636
1016702929
2955751850
3452479407
3325076464
1951619389
3570940966
3603011579
3791593420
1000688489
1087049826
3431089927
984796008
358689365
4013124190
88424659
822919876
2558353921
1167902234
1485295967
246538720
2919308909
1089232790
3486909611
1216791740
2544913305
1411199698
3730220727
416008024
3950482821
884734926
722944899
217646516
1872259121
2435004042
3122145039
3814349776
2207575965
1819746054
1596763
3563808172
2178684873
2623648066
757183079
603160392
1177914549
2760812862
3117724211
2514601124
3303914081
3957818106
57977023
585699776
1589759181
126843510
2192810507
148636316
1569435641
2543815602
3913181719
315159352
3316518885
4053955246
839421155
3033923476
1749047441
2496703338
1884837487
1474102192
3791304189
604795366
3918713531
4039613324
4074902569
1637728802
3318205895
3215663912
1521753877
1756256286
1660801939
3534009988
638796481
545632218
389951519
2826252704
410168109
2776958294
3982552939
249376892
2663531609
602100882
2828590455
414781208
1994046021
1613322638
448759363
3353143668
4155078897
3916271690
2573284815
3333462928
2786896989
2974823622
495515675
1301004652
2194620553
2243379970
1514969383
265402120
1014292853
2823452414
3591939315
3436025956
856029985
2142194874
3535562623
3763224960
4155226509
512032822
2419453131
4009905756
3043756217
471895410
910033111
2324962040
2929038501
4211650670
1888759715
1770373972
3136014673
422700330
2315961647
2395808624
1922224829
3858392998
2454900091
2100287308
1908120809
3655742434
3666351239
1381972712
3775910869
1813710302
3564971603
1708419652
786293633
27023770
549932767
3345760608
2768566253
2454154006
1468701227
3116588092
1201732889
2140091986
3624260663
72488664
678862597
3640162126
2866710787
3108539700
455035313
173386250
1127023759
3408567120
1979001117
2948795014
2856866523
2385239340
1270819145
191009986
1649557479
21737160
1243412021
1490551998
193157043
2066820132
682818529
4203009658
2553734719
382153024
1427531341
1015301622
2612459403
4221065756
1199120761
694636338
4291319703
1575682744
2887113061
2897260078
754356835
3533522708
1297873425
4279295722
1906308079
1388380976
1792782205
409083238
868321339
184013580
3908167081
2741265826
964893511
3532591784
2234796181
2939777950
344144147
3864780292
4221387841
446743386
2078485919
1129779488
3363308717
1962119382
554894571
3170453500
4077680089
3504396306
1264421623
2874597016
218842053
3303625998
1177832387
3439063284
1387911793
2509997002
1849398095
3095943952
2547934685
1167040582
1763077531
4195072236
1835782665
119776898
3555894951
3089196680
2884487925
1274499710
1960102515
2093776868
1320467617
1848123450
3131319551
2115232000
1270993677
2941078454
402047563
2187208156
3564304953
154390770
2224909911
1015917176
720297509
207252462
837793059
3151792852
4166052561
3358431402
1037558447
1266197232
3482668093
2030277414
4036952827
3722415820
1229254249
2010666850
3514360327
3757746792
3823205717
2815009118
2647657427
268112324
2500945153
1565715738
4015115359
3019219168
3079393645
2068412054
481963947
1279194044
3250892441
1100495314
2707423671
2642896472
4049119365
163312334
394317443
2931233972
3610848049
3976142218
2437734927
378133200
1889034909
276166150
3702736987
3035321516
949304009
314210370
4260220263
3021135432
1588027317
3613941822
3972857139
1834980260
231423329
2891524602
1623466943
2381598912
1886257101
2225082742
934628619
2534650268
3709440761
3309703858
3279766807
2520519224
1474339557
3754289582
171939811
2969800340
1418369937
3058176618
3312619887
3769893552
1702865149
2241775846
2880126395
4188473996
1131722537
3506571554
1361668295
3663856168
1507291669
2341179166
2871238291
1584530820
3287958977
2071123674
30616351
1896345760
1728077357
2466847830
3711965803
1532256124
2492049241
3145030546
952973431
715370008
1646185797
1295011982
159650115
3392796788
2707241969
843085642
3810586831
753867408
618864477
1849035718
1205789467
2726998124
3187368841
2280065538
4009997351
887100936
520729717
283848190
237760499
2829739876
2394324513
1188557754
1901519487
2116583552
400223373
2319226678
3987904459
226032988
2720852921
660477042
2066209751
2595633656
531310501
2897422190
10893987
4258419284
3133738065
3407891498
2670723119
976429680
2975516093
2079571622
128333947
571360844
1212235753
3902896866
659861383
3783596520
64366293
1346321630
926806355
226539844
286779009
3871375514
4196878815
2454585440
2341841645
1777500694
3043280171
2650377020
203120665
3895999826
811937591
1651226072
2887627269
4110839374
3338540035
1262787636
1776684209
1193251082
1517797263
58202704
2575211549
2089804166
2908306907
1722403884
3462286409
2154388418
1978948327
977866184
1775552821
3460283326
867279539
1248656164
3124133601
2405727610
2468110655
1181773888
1455987021
1306713334
3970867851
2035157276
611124345
3107706418
710750871
968630712
789474405
3101828398
535010659
2919814676
1137458449
3363194346
567291631
1068892720
4159087229
1505916006
