3865787243
984288380
1507749977
702124178
3993102711
2782309144
2843977285
1288000910
3776139843
694568308
2722833649
3391835210
4159422927
1937880976
2044926045
225161414
3663086619
473996652
2376494217
439123714
1982375207
1388729096
1426640245
3822416638
3633279219
773715044
616736545
3201042618
3592024959
4258684288
1857889677
2809101366
226900171
3059624540
3938333881
3671378290
2437745879
1428141816
3553919141
4249005166
1139669923
3629981524
646149457
3396182314
3002814767
650919792
2343517885
192144294
4242938235
49460044
1548273897
1318678498
227156103
3863074536
3921264597
2630091230
1031402067
1609745988
4145057665
683087258
537582303
1403149664
250373101
3020941078
203482667
866990140
573122841
637629010
2881151031
323728088
2605419269
2412802894
2654885123
745400628
3534550449
2601477642
4186149007
894941008
2405930269
496666246
899784411
2717694252
16930121
1330892994
3480898535
2904312520
1574756917
3718185150
2919637939
3307046948
307996641
3634205306
375419455
3098234176
752079437
908771830
3130213259
3205510684
1916226937
1721207602
790848407
944938680
1199621477
925280814
3546046051
3239093012
1541383697
4266171114
4166811631
4129038128
3215203197
3449264486
3537949755
64401164
3555398057
630432162
2211522375
3712855720
1057633429
1730047902
1133249811
3071687172
3518754881
4273438554
2079504799
568929568
151744685
91753686
1563775211
3774817276
2566955481
3553563666
962500343
1479309976
738996165
3254604046
2996836291
767380724
1127450225
307314634
2287869775
2081519376
3808219613
3240303686
2398861723
2935526636
2031812105
3062948482
510046887
3905815176
651802357
2516209278
56858227
2337594340
1548314785
658299962
3214520575
1079246080
1881882381
363841462
2757693003
2649883100
2694653497
2162167026
340032087
1121011320
2827340325
2601281518
4150362403
99346132
3586168529
1365333162
778071727
2519711472
1275705405
3119845158
2420788987
2782554828
3769244265
3280180066
3205688839
2106934888
3135465813
1659542878
3739539411
2471587268
2770080001
979740954
4230830175
2162408672
3133881709
1988752022
2892528555
1986056124
3743734425
1560442322
900533687
70845016
679842949
3373002446
1224252035
3641995444
748607281
2444286346
456879631
3480155856
3647131293
2512744966
1764004955
1727279276
1185965769
3919819842
2980960615
2241559112
2898217909
1655135294
3009923379
478408612
1800137057
2087314938
4169510847
210791616
3447942093
1404996982
4255750411
1724091804
4138712825
862867122
1064325399
3831213624
597921509
4004767150
985490403
850324116
753289105
91737706
734469487
1858543280
4120909053
1313621222
400722363
3971868300
860218153
2720613666
1846506695
651730472
3120913941
3320351518
1245997715
1885626756
972091841
2374079194
662353695
3360820384
418105901
4110784598
2356831851
3885120380
3579171673
2874906514
4284892279
1731283480
494385477
1253854350
1275583811
2587055220
2276386801
988689226
3906698447
1999648400
2539227997
4181821382
115093275
2913963116
2055376777
1112294914
2551169063
3276059144
2890768501
1499867646
1490205683
3563766628
1747135009
1776594874
2816765567
1428200576
2577160333
3189183286
3107120075
3980712284
3039762361
1208111218
1869014999
1286723064
2778338213
3084723054
3895461539
2467933780
3121657937
474744874
2270202927
2812427888
1093087677
3361553062
208241787
2621514316
1014918121
4215584482
4287019911
4174886376
1496322773
2245540062
2154478931
2316244292
419074689
1774927002
1150997983
267656288
3626833645
782958102
1344999723
3897780028
475237401
1754954066
3041540919
2429899224
1470275077
2899208782
1720573955
2631530548
220444849
4022947082
3892202383
2064987728
27330589
156720518
1793231323
652912684
3847321673
3662321602
2689361639
2710153672
2722411829
1341568958
1315204787
3469301540
999238369
1097677178
1953885503
298093632
3912631629
3799603446
2310729355
3308643612
3705352313
1213993522
585645719
1804844472
3676919909
1011360046
175728995
854340116
2516576529
1469972970
2545728239
679550512
1935609469
635957350
3500097339
941891084
756266153
3365267618
2721628743
3545402792
1965262741
1484367518
1008193555
3692136708
2331571009
16950874
1515041951
797568032
1833903021
2436506582
171604971
3965997820
350094553
4269742866
907604471
1357191576
3821421253
352471054
55222979
3435682804
901597553
1375872714
3479427663
2732455440
3170452701
2747724614
1475847323
912622572
400367881
2338236802
1495518631
3760873864
3412363765
3692627326
2933711219
3881806564
2387602337
348357434
3304729599
4198251520
2433774093
245718710
3791763787
1112977628
779356473
2117833714
2561955159
4039206264
823221541
2176114414
1817807907
3722868180
2574506449
959298474
1942727087
2569256432
2433198909
615278118
2269362683
69654988
4123377001
3286030946
1155893511
1443439976
2862595157
3012351070
4161512147
573291716
2561414145
1156042778
793989983
3201530848
219279469
1249053078
2372445867
663027388
3753196953
2529787090
546465975
924885336
2393024389
1763173838
1291724163
3586031540
976984625
3277373578
365701391
1984591312
773996957
1716537606
1356562267
4292878252
1659210185
4014504770
290845799
4276541768
611131061
1401754430
1425806387
3119365796
3374672993
3047656698
3224447679
2252843968
636198605
1348150390
4106699787
2020031644
716808697
4083209650
3482004503
1274727736
3557958117
1306746030
2559602403
533232020
1563200145
45823338
4064106607
1632247216
1591805949
1114282982
320271547
67720588
1196721705
1725533218
2521632711
3770383656
1449439509
3436298782
4010161555
3625824388
181662913
3879385562
1248571935
361810848
2889186605
1209380694
1819644267
2373282428
1570322009
456760978
3547766647
2470963480
3841444933
1322206094
778594371
595354484
324971249
1703746122
4059510735
1025160592
2044460637
2930990790
2555255323
1729788780
3609899657
1606946050
3617774375
1031737608
1780380533
3423789310
3682731763
2721288804
349154593
3050919610
1289415039
3987135360
4236741517
1968876086
3033239243
992446556
309066425
1904990066
2251080407
2902455544
2968233637
647207534
3655209379
1146240340
971635537
3053874986
2849097519
2830384496
1638606013
3168965030
383315835
4220227916
2457865961
3947625954
86988423
2468975848
2503108053
2584244190
466061395
967271492
1781568897
1505452954
4065775839
1266801504
4286171629
937563414
4196482091
3522532924
793374489
898596946
1837471287
1964699864
864399621
736649550
1380543235
3787589428
2045148081
442446858
1520764559
4279154000
2229697309
2595239046
823096539
265590572
1164745545
4137508546
2060091879
2612201672
423135285
459959998
2637085107
3153143332
1510911457
1729683578
297232447
672779072
698628173
191098870
3570309515
509056028
3863679865
2189203762
995694999
59825336
1952312165
1367709742
990016611
1464058132
1215048721
349137130
4048090607
1461853488
3727032701
2446608230
4115245627
1852673292
134764457
1257516962
3226230087
1293118632
1137236629
3505446302
957324051
1116264452
4286707265
3458846042
768913311
946252576
2074007213
2274900694
1227597547
1757774332
3045550041
1334518290
3447672055
2891561112
2265732549
639844110
593571267
4233063156
3868396657
2207190474
110466383
2212918544
4093753309
134662726
3722416027
1573810924
1047217161
2374529154
2307713191
3645030536
1853578485
3612589182
3032624243
3806755300
1101164193
3676711482
1971758847
3982523136
2181145869
1614214582
3348128843
1974951900
1729555513
1878203122
768618583
4285367416
2334715941
3564721646
2260571939
610075860
1634933969
2698388138
3747800239
341032176
3641810493
2130689318
3509134587
2691647692
2561499241
1066541410
3060016135
2922972264
4276621141
3880455006
3248385491
2927758276
3548911361
910554906
3282390623
1946106592
1432658797
1693982870
743756203
2242194876
286367897
2464973778
2451817399
3368304728
2890644101
591387854
3429871747
518295220
2451856689
48015242
1820910607
1398928592
736998557
2490834950
561932891
1959268012
317107401
3192472130
1386876775
1978546248
1722216885
1435421246
4244397875
3000208804
877326177
3821089786
2668144063
3040537280
2589970893
2173942646
3218140939
1426516892
361727225
1135566002
1548879639
274066488
571258085
1966003118
1204779491
928909460
499043729
2614795370
1256166255
1208556720
388889341
35975910
2369216443
2505098380
4113508649
1122358050
2520165063
375020584
592446485
316078366
4029939859
4182966148
2936207297
1137696986
982035743
1443596960
2173382701
3183593046
912047211
475306364
581474649
3916670354
439548535
437946392
805560133
3372104334
942994243
3040965236
1968860657
3121086794
3275682511
3040949392
1365930333
2646685126
1051460891
948005484
3550401929
3802125314
3840013863
2977263624
3195750005
2883295230
278745587
2272813412
1523068961
313130426
1962763391
3077118592
3346972301
1027227958
2958047691
2416326492
846519737
3346095730
2241764823
1711936504
633944485
3110474094
3371703459
3691433044
3591323217
127718954
3397321263
436354160
490411965
1493428390
3425983099
282198092
2387456489
2393851106
3464753543
2771874792
3451959509
1230284510
3213906771
1589359428
447912065
1753713306
3644771295
4132149856
3033693421
1068837910
3120785195
3767780668
2332840473
4242573138
2221732151
2954661848
1593099269
2099140686
292615683
3945141812
1224031921
2328959754
24625551
2974037072
1228402205
1101335430
942170075
1287292460
1364442697
340534722
250911975
2342021064
4072168245
2952406462
1248134323
2090136868
2648322273
3114305402
2653217599
3953855040
505310029
552240886
1271809163
3128247068
3196515961
2230919218
678818967
4031380408
1126071909
3873378094
351764323
504844308
2737073937
2782711786
3036754159
1912544304
804844669
2170330726
4041217339
2528312332
2496199337
481195682
2383149127
982535080
3673828757
1082397854
3933431315
3665569540
1599535425
3593270362
2793908895
746547744
1677363629
1485984214
3389575659
1176678652
2868693721
921905426
2945558519
1519015832
1172203717
1700804110
3269703875
2891086324
2243219313
385348810
3723710543
254473232
3088460509
1575133510
3501423259
355688940
482699017
755906434
1604453287
3289849736
1075720181
4155143038
3306387315
1844005092
2789274017
3932475706
2168398335
163625472
1929304077
2053409974
84610891
672403164
2055589689
3322323442
2207779671
1591059320
3872162597
56216814
4136477219
3377435604
1572757457
4166683050
556146607
4156537840
1411879229
955192358
502960123
1790162892
4183884649
2795726946
3280912135
1982129000
3887882837
1847935582
3952949459
676616900
2242910721
2122325530
1763920223
2422667744
3284358765
907622294
959249579
2160155836
2738488217
3245050578
979443383
2837700440
2978008453
1736692686
2001550211
2760285620
1683562545
3225194122
3480329999
1454732240
46475165
2419717894
2332906843
3047947692
2259931081
3332770114
631908967
3669071688
2741814453
3635183934
1533585971
4147469476
3703337569
1991695098
1158422719
2305436096
1524630733
1466454646
247896587
3970079388
3878774777
2488918962
2512708119
560794424
1033062373
3566619310
4168778979
1768920980
2661093521
1087767402
3853373039
319036336
1317465597
4252715494
910412475
2425631628
1825950761
2790136354
499926471
3082107688
1355241237
133705758
4258122643
3288616580
1451096769
323028954
2815535135
2042775968
3370967853
3322535254
2586830699
2217724028
1417935961
2248780946
2207995255
3953731352
781972037
692662670
426606147
1065517428
3718394097
2824792138
213036495
3483612048
1308943453
912985286
2851467291
300177772
2682189961
986946306
1875710247
254267144
3647215989
1757433598
2820971763
1949904996
1779217185
4032210106
3494633343
2724682112
713159053
2243287094
1539368139
3688949340
1162461369
3115509106
498890967
1741697784
875744421
3763636334
1702766499
1245141844
3196092753
2165259562
2572696879
3951836016
2748779197
213991334
3699099003
3423891276
1608996073
1433308130
193236103
520180456
853216213
62709214
465903187
3914072644
1518377857
103788954
2840774367
5331296
674705389
3055829782
1070699051
70120508
1603974425
781028946
2852146231
836382424
166713093
275795790
1409581315
2835752244
2857370033
2971599370
2356575375
2176168784
2123718941
1849025158
808274651
3449582892
956752201
2740382914
214611943
1631176392
1589915189
2108021950
101142451
11846692
921809889
2835623546
3384696383
1282951488
4137983565
2467110390
2662985611
2307846684
2509166969
3218188082
2587807639
566172344
2003505509
1817478702
1213762147
2003230484
3592991249
2059810538
2464508911
1763187504
2564286333
1686173030
1935835195
2700372748
55942569
2915351970
3145175879
2345216680
1790410901
389237662
4403475
2481681924
3665296449
2299272026
1952884127
4224985376
1449278637
1948805334
1020394731
1954275324
624831961
615985170
2354053879
1266087576
1346141125
1119431950
2446476227
3436284148
1126339185
2084363210
92080975
883651344
959880669
358250566
3765659035
1284788460
3807087113
3656384130
2338528935
2426896008
1884095221
2904369790
2412823155
2020087780
3962270881
2994698298
2552470783
1063057664
2483555085
3442353078
1248967243
1231863260
2562765369
4034275570
1242293847
4277781112
1945900581
2119582702
1808379171
3166577364
3193283281
2948264106
3910490799
862436080
843678781
3262802726
498596603
1391732428
1205905001
1762701154
476404231
2647442024
2501686613
3088808286
638059475
2141366724
3743685889
2375435546
3486336095
67811552
2284718445
769019542
1676748715
148474812
3324929689
2454098386
3377101239
3359604312
3460423813
2783169230
4254516867
1453632692
3772375857
1803056522
4001782287
1883566800
3802700445
3382234630
1032339547
2995514540
3998020297
2019479618
978732391
489748040
180262837
1290156094
541127987
1997745060
4068078945
3733488122
1648073663
4074072256
2540451789
1104734582
2443724043
792349084
3483323129
1432382130
736345367
1866476088
1453710053
3692675502
1519488995
2784831124
264721297
1638754922
1923615087
2990217904
887873789
2758648038
3191616955
3855852172
3729289001
17981730
3708674247
3033274920
248162837
473261854
3352532627
674340228
826604993
3314429658
1111925535
1890912416
2992281133
3505255510
1206850155
3037132668
590045017
1627108242
3215962231
4159948312
281019717
3752863886
2182220099
2990510196
2083910641
2693910346
2119329999
2084713104
2678806365
3903906758
2318129947
3812837484
1810570121
3630391810
677653543
1184247304
3940084853
1925252606
1377298419
1484128100
1922905633
3202304954
247880319
2661390464
1435575437
3201134390
1729990603
246912348
2062197689
3092278386
4270216151
2723303928
203972517
190775150
1601188515
2128865876
591250513
2455610410
3328014383
223492720
629079485
1209702054
4155453563
491970124
927791081
2945045218
1815160711
4035391976
4102119125
960566494
3764775251
3378008388
1503305345
2729695386
311607775
1502812256
2309481197
187652630
999013675
751051580
3707050009
982947154
2386536247
3931360728
1685514757
1440630350
3389262851
190985268
3455501489
4249413898
2879469455
1617113680
1425986589
2422389126
3374200283
2189059116
746980425
331199426
609014503
211232200
2371617077
4100821950
2148899507
944804644
1431647969
2772686202
1149491519
981567552
3812020557
3519788278
2106694283
2074386716
2606939257
2735091250
1085516439
2280667576
1094952037
1374027054
2233832803
1395813908
293139729
59481578
989177583
745347632
1220729469
2873183334
751889211
2100419084
2209235113
1849099426
4170133063
817760680
587256725
3305013918
712965139
1591133444
2699362113
1455899226
1198629023
2523195424
2195058605
1247444950
1367812075
3822128892
1414238425
2295805714
330980855
1864340888
3592851141
774775822
1076678339
1305253876
1323062641
593347274
758302287
3832017424
2808287453
2658029382
3172946075
4092674028
3235753225
70108546
3167762855
787733896
789042677
1739317630
3304721779
4066567908
1130493857
2742427450
1781798911
2117416960
354237965
3365124790
1204053323
3384896732
4056388921
1598140402
824951127
3487162744
1656203557
3043932910
2524035107
4004032980
3006850513
922179498
3878720943
3075193328
2742515517
2342634022
2153866747
1227920844
3022801257
4141479522
1894249735
355508584
923338837
892186718
551472851
2758604996
266608641
3548933146
2812493663
3203037152
3534011501
3157222806
1554076331
233683644
2850998681
1971165394
4007646391
370613592
848229253
1314898382
256659843
624868276
933668401
1955617930
2043090191
2416996816
4221046173
2962466054
3907988315
1533533100
2041714121
1131648834
1085169767
762074440
3432802997
574353214
4219813939
577567396
2776856673
2335582458
2794919615
3783043008
2147773133
2967830646
4168478731
214825116
4275645945
4139970994
3467548695
3922676024
2638507493
4223219886
504666851
3708204436
2705168017
1851838826
2714649711
363731376
4200387581
1727789030
3575685307
2232357260
2038895145
3274876962
2214296519
4255054120
2371484949
3213794846
4265959827
366668932
1868038337
3401012698
3118964255
719570848
1842628909
1315834710
4019862891
2665096828
3198075481
3930700434
2121272183
788161816
108009541
1546854286
572691523
4252540788
2165683953
312522314
3357418447
2870784400
1985858141
613595846
2404238875
2627614572
1740848777
726608130
3198633767
1203801352
584695669
970833150
3195482867
607047268
2759440673
3997430458
3765228927
2618808192
2024560525
1484850742
2187737803
411714652
56067769
860484466
3623628503
93352184
3718902437
2860873326
1724792227
1779202388
877070161
2877819690
26129199
1867790704
3526553789
2064641446
3452869499
4102901068
1149147881
218175970
2693382791
164172008
1119072725
1507937246
3178411091
4007698500
1208000897
2920546202
3305028831
4061189984
153392621
2933289238
1563551787
1247171132
857439001
2432408658
3777692215
3381226712
2659843333
3177725262
594515715
37372724
3823732657
3746484234
251130511
1028436304
4235478813
405508230
3002802395
1532252972
1540433737
3581967042
91942375
2108720328
2927612981
2219920062
1754260915
325607972
688175585
509574266
3195360319
2781267776
332727373
1294355446
2555725195
2159431708
171897
2660676914
3419702679
316496056
3500685157
127104046
2069799011
2709126420
2232760337
2955740394
1563550191
2885556528
1874447741
3315442534
3442169403
460015884
1171448745
3456453538
4115843399
426698920
869672597
3118840222
421971731
725488644
3802006081
2942200154
3483933599
3962677024
425042605
1260951254
3089650411
2216836604
1747252185
3545447954
4124096759
3045340312
127705541
2545883918
2113100227
524527348
3638696049
2086316490
85229903
241201424
849052637
1763583558
381107099
4215942892
3868971017
466062466
2749977767
2398895240
2890836213
2539034750
344938611
3420042724
3689183905
759744058
2809172735
3058267904
641626381
3700773302
2902659147
2568100828
3046799417
2187933426
3908541527
3245736056
3808377893
413348334
646300451
1326399700
1818765521
4262444714
3413627055
1936439536
3618728509
73734438
4126593275
1030292684
1849945193
3221175650
1897304071
3427827816
4253113173
1432086366
2351012307
2259896260
1206919937
3226899226
2695182943
2969974496
3542577005
1361345686
3544022443
2147346876
2122001561
3675299794
1528901559
2192227416
241698437
3505895630
1550703747
5556916
2562681137
1266959242
557043727
2786586832
2106818717
3039460358
1027741275
2688535212
1491286217
2548325954
3904011111
4217615432
419839413
3366823486
2637531955
3913468324
634977121
3971993594
3256783295
1163912896
1151901133
344856438
4079983371
1969072028
2766082297
3900799154
774206231
2165991480
1097793765
2742333358
4077102563
4270605460
2197805457
3606067306
589332335
761075888
3470378749
3039186662
720440251
1581678732
1855042857
1554968354
3264550599
2184042536
4235546645
1644418334
1361259667
2097167236
1085735873
2461826266
3199506719
2555283104
727317549
2928288342
1093757035
833181052
1457399129
2448671122
1876715127
2159871000
1068247877
248649358
2845777731
288206452
474053105
1854643530
2585124559
1278423184
35405149
1511035334
1767616795
771040876
3278332297
2744578050
3801506343
44493832
2976289397
773223422
2638380531
3345194340
799161377
4001667514
4114567295
2328499840
3285420685
3268451638
1570432459
3914920796
244345273
2594142834
1511918039
2173341688
3635905957
768077166
731400355
4222683220
563890769
1015968298
4209765935
26359920
3656573885
362890406
249169531
1103346764
3078372841
3721683170
1485725063
1522986984
1299317973
3583869662
1659600723
1239740228
1437770881
2555389594
1888925663
3117061728
3601680621
286885910
1422136107
1290043708
2450382361
2713494354
1388469559
3212512216
3895005189
3071161422
273097219
2106479156
472402609
3341858570
1719315855
141701200
2767567389
1972397958
2646871003
1210729004
4142418505
1486832066
1616185575
2760238024
4063209269
2639331774
1870016691
2180788516
3791666401
2220303226
3885158207
2118649408
3095344973
1964827382
2667901067
2294546204
4084105849
579025970
3953221783
2995156920
1436076645
4250725166
3674450787
1379765268
1627224849
4037700586
2845449455
3620411440
1035780221
597031526
74563899
1805694988
2042857129
1026527906
1640129607
903595944
3442964885
1709764766
2084213267
3911279364
3483567425
47288410
3171653279
3980027424
1239504301
3868372438
548765163
1164930300
2429179609
1948992786
3801289719
245683096
345945285
4016837134
4213564611
825669108
288611185
4147351754
1025653839
2727669776
182449885
3848928582
2637899419
1386159596
2217079561
2428326786
4037963687
2696977288
404847605
2887602046
781230963
4107044068
3853712801
3220663610
4292414975
3617175040
4151026701
2033379510
707640139
2808007388
339303225
3387735538
560953175
3285065592
617795365
401844462
3422932515
3455176660
434334673
1963206058
1173031855
1472706544
4277624125
2630119462
779631611
530412492
2787610473
880837730
3438357255
3006029672
411414101
2292588126
399533267
376805060
3074958849
3288381978
1792226655
3395155424
3115721325
1555403670
2009442475
1326061756
1943244697
855615186
3188624055
4261043032
2446137733
2645274574
2499504003
3622230452
874785841
1616128650
2496432911
2723901392
2560291741
1197298438
3934323035
1897118124
3152042953
3853591874
3798111847
1998000968
536613045
2956680510
3042039347
3147077796
2742713953
1931835130
1691487423
243213760
358142157
3704794742
836060683
1491687068
4054905849
2593914802
4199042583
622954296
1931842533
1129064110
2304684259
4203598740
3842907281
190553962
2795420271
3913815984
3798120957
4276921830
1873639099
1635381132
3983038505
1032271394
1222291911
846772008
2350686997
1939147806
1886189459
1302432388
3579971265
2375918554
11375647
2834646432
451653421
1631730006
3971257195
1567917180
468289625
3355035794
1140113783
3711673112
3967041093
1737297294
3364334147
3713973620
2109291761
609387594
2755238351
1334161296
1927721053
4180306118
3361053723
2269648236
2933359753
2973415170
1144093991
1732856584
3330237813
3211471614
2658781427
840199268
1142341409
799097018
4248685439
1522029952
1728494989
1841050678
2830864587
1898160732
3432336569
1582367090
887874775
104902392
760289445
86402158
1573802915
600938324
457018705
3044071722
1651845423
3020699504
1824446141
2278464422
1792110971
4109773644
3225805033
2449713122
1144977543
3548434152
1153193941
477477342
2161134163
3395632708
2997921665
3513273754
3311055583
2696959328
574749677
2717425430
3527556651
611233852
701251865
3705252434
2466625591
3156781784
1901339397
2999987022
1082830083
1834901812
2796752305
619617802
1646880911
2983440208
2122525981
412171910
964228827
956051756
768306505
219809986
3839566823
1897349832
2288745013
2943137982
1153989555
1946943524
2957492193
1193986682
1876707903
3020244288
20277837
3115284982
1101044619
2211294748
2779145593
2664153906
1343896471
1458280120
1400165
2739036718
1410643555
1434262292
3576806929
889443050
3492698095
2681476912
3805000573
891965798
2191797307
1574053644
1333799337
733338018
3990748999
1980016296
522505365
956835742
62545171
2290135556
2549352513
3240146778
3214578079
2306811168
1148782765
2358822102
992913643
397974524
4265327065
3680455698
2315349751
1786868376
757909445
2771716366
1740926915
1940243700
668049009
65566666
2237396815
2433052432
1613785565
2203178054
11211163
3924823276
3380352521
3540982402
1394576039
1413544584
2726317813
369100414
3271421555
1564169188
2429386913
3414299706
594381055
3525702912
3097810701
241991606
1866753611
3836180956
1034174009
2781627634
2324910679
3336715896
1479696933
593502190
921819427
1531993812
3953831633
198479018
109725359
1415558896
1229541437
3300902694
3655706363
3754812108
2346136169
3294481250
880264711
3116645992
3088449877
1057772894
1944793043
1135863236
2381064449
1317462298
3056414815
4210144480
3058750829
1323477654
4198093739
1796360124
3120034457
3981094354
3349669303
2013657688
3971886213
612083406
1760883331
2616518836
970256177
587207050
2224113167
1960505040
2091804317
3609995782
2695621723
3185813676
3534323401
2631527490
3720261991
2424730184
293462965
1222972478
4091158835
2304927652
1315438945
2389122554
1051822015
752510144
571802573
2041791862
1684467979
2809202076
357488377
2098366130
3809945879
3320096312
1650992869
1262460334
2435169251
3238748820
4150812561
2074281578
3695768943
963581616
1693953277
3025075430
1398137275
2125029004
638253865
3585834274
3335277767
4269774376
1817179669
1682064158
203604627
2008996228
1566116289
727370458
802328351
1289225376
1820942893
3600175190
2720251499
305902460
1036053337
4233875346
2864258167
880165400
1019760965
3596878990
786183491
1376504948
3581738993
2750769994
2525582543
2769563280
4173144925
1910521798
1547405083
2560033900
1511237513
3292167682
2474154023
1705486856
2451847285
1574691326
1914508275
1413561188
299319841
563734458
2825406079
4225930368
2454057101
3376663350
331889611
2682933596
1835413433
3999172722
409321431
2209533432
192326565
2694896494
2909822627
3530434132
1361760337
2251243562
3895092271
1992439408
3130444221
1100477094
2444549243
4263811660
2396750825
2576281314
328962951
1677110760
1486006997
2657743070
3340834131
1617005892
2398792321
3378279578
1934274015
2532447328
467840749
3514021398
2242668843
3237273404
710321177
2991763794
1375015735
2945599960
1779119621
548282958
1681537027
3249172532
3012153521
1753777418
2986615695
695283280
3105660957
1898845574
907665883
499785772
813338697
1659948994
1124941543
3546587592
2704493877
715419582
2558969523
3650604836
3285926625
3604640122
122799423
922649664
502766925
2329809142
807945867
1641241884
1185564793
2205174322
2839484055
4027364792
1962085
1766054190
2526134627
2604182036
296878353
3979950570
2163118831
4095284784
2397480573
1784326246
4156725051
3791623692
4144549033
160964770
1235589703
3387524520
1503534997
2739101342
1604724755
4183556356
1804667713
1514921562
2270530719
2969560096
958184365
2906315734
3079918571
3942501116
3766033625
2028950290
2619066871
3105493400
2168904389
689569806
1942944451
3599815668
1287348593
309944010
2378281551
3383881232
1653398749
3000347462
4043766939
2973563884
3869128969
1388110210
2067572135
2575128968
2070618613
1157545342
2178365811
4112917220
221512609
3219700538
3257795583
2515416064
2582252045
205657782
742854987
1089218780
1641750841
2248657906
3563269463
3132251512
2904421669
2867369710
390718499
3878350292
297660881
847311786
3176497583
1496561136
3869721405
3965132326
2822705659
1845121484
1330828649
3751219810
1470783751
3491241320
204624981
3901656158
1349647059
4268635332
4225510401
3488155674
850602847
851538912
4176971885
2544615830
177864363
3289806524
2162709913
2045883602
669860023
3771570520
1329282949
3580337614
2287631747
1014953908
3654398513
59242634
2692874511
227962320
1506662813
3566665990
264427355
1991219116
3443433929
761180994
2328284263
934400328
495695541
44747582
147745843
1118582436
1453425761
2927936762
4290577087
2423366592
2598188749
1529863286
988060683
1358214300
1069070841
4293201330
2559706135
1399047480
1060551141
726602926
3126380259
1107620244
3926827665
2546363754
1948201071
231871920
2258149373
1162695654
2246724795
2782186892
1215929897
2504770594
3966363591
3594679592
3440331029
2752215582
3561262483
3948423300
144444609
3690197466
4230187551
1945551776
1345525037
2122737494
293529963
1073668732
3965996633
2669270674
1412003703
1986847000
1621648453
3411475342
2359083075
1597299572
1401733873
1567904330
553979855
1021226384
3282015837
875697862
3574428187
1373762412
4112239241
1284916482
2154541863
3988916488
1146424181
2036898046
3358351091
501877348
3370370337
879660730
2797519231
1581831040
1972446093
1164403254
1321264843
1705836636
553849529
3133673330
3029048023
3923832056
2737323685
1882673774
3397282211
4152800596
4083422033
516532010
1007394607
968111472
4084907197
3002943910
864307067
1297025356
1396516585
1685468642
1990471303
4230515944
3103063509
3413780446
3856523347
4225358916
445689217
4029455258
711370975
2355090272
4086260205
260754710
520262699
309792316
3282896665
2452076626
1066430007
2310531288
38684933
1890064718
727040771
1785888564
1923912625
33451018
101375631
1598729552
2227311389
4016499846
1135004891
3868462892
787854153
3391329986
720067047
3144548552
1820794933
2130192062
447812019
2728369700
1287308769
2741377146
1576222783
4147364672
1053151309
1487448054
446427531
315952156
108669817
1081135410
2802839959
1844040888
2243068773
3210825774
1383779427
326121748
1182680081
2303369450
1809501679
3298432304
1913493885
858193766
332202555
3895002380
2690477993
1188456354
622409031
562717864
2896392853
345675166
1073607443
733171716
2054819393
1045628250
3292301215
1404871456
1473015469
3094934230
1172635371
2940140028
1736605657
3168492050
3370263799
3933122712
1089269189
3944412942
3477439939
1240982260
2951816305
2464564682
106130767
1016753424
1106595805
3824517702
508487579
2558913260
193747977
2143725698
419807399
1618327688
3538023669
2837017726
454853747
2894918116
2330363553
220947002
2350546687
317879040
3409657101
3803426230
288734283
2888619996
2967340089
3667874546
2933852247
2403236984
1402308645
512560622
487452451
1635876052
3156030673
1493785258
441236655
1447277808
118568509
2206889254
1233419515
3122839756
546994281
4130101602
3867737095
3861380200
1155180373
4113351518
1566885331
916751300
823668481
3089575706
2422548063
1640837856
2980723565
2802899094
1491478955
1242998204
4171544729
1223998418
2396953527
676411480
3913568901
544183502
2737571971
2844067508
1142584625
1911283594
2560539663
1552805072
1610173597
2946357254
3888497243
2339866284
3684680905
121600578
2574968679
1553543240
1948617141
1301054014
2754524979
3614573988
3961980769
1132358650
1475640767
692380352
2947639757
4048057206
1699628811
1165255580
2699992313
2467534002
3401113367
3181306936
965823717
1400540078
3036140003
1836744852
3976258961
3485848682
505506671
1450251440
2001048317
568830694
3077224379
3338419340
2226405673
3963095842
1773372103
2848019496
3730480149
2733682974
2027051155
2557310852
120262593
258545882
362841375
240222880
4125673517
3373432406
3938849899
3602780540
1473491289
540269970
4031107703
2468315160
2283042629
3060134542
2445888323
4107922036
669550065
3234806090
4088187599
115682448
59640157
2954882502
3804978459
2737365612
2951736713
3125677058
3138047527
4019742728
219274869
2182172670
1353165299
2131679588
2570864673
3625924026
2822847615
1911231104
1088968333
1378285878
161845707
2993401692
392951225
864917106
3109909975
684395512
610652581
3823749486
1694004387
2199602260
837375569
4013952554
236509743
3974247536
1198174141
1274978470
4174459
3530913868
1030408681
1656323298
492358023
2350279656
2514702549
329670366
2366024531
2362321732
2238886017
3050881690
2595136479
1896452704
3645379821
3426608150
1313128235
150289724
634350105
3965239122
198691127
983140312
1780308997
314445902
1172131331
1471581748
337335985
1632654090
238918031
1130376272
292783645
54248326
304068571
2203713068
1497159241
2998033858
1282766055
422797256
442954549
476569022
2068274355
3206769956
2061912289
483245946
599833407
3836019264
2476737357
2467249910
2969279627
2261957404
353767033
1171085362
4186754199
3229807544
3235059301
362465070
936367971
2921580564
2744551185
2033715178
1089669359
22484016
3158346877
4287583846
2260954427
1615754252
2071859881
1399893666
809029703
1827095464
1211418005
4245539998
1421983251
260480772
4105113921
3711315034
642744991
1639277088
3498582445
508758486
2518821355
1417423100
3277316825
388194578
3226763255
4001320856
2619277509
1530392078
707268803
3185242612
2171791217
4113509578
2668701775
3653168144
778683101
2259769670
948097691
2412435948
1749450505
3391909762
3699039143
2569672584
3638872053
2991598462
1053675379
1936703716
971311521
592054586
825424383
959623680
2090364941
29443254
3457181515
376014556
1521280825
328391154
3389449047
881236856
2073631525
3998057710
4164811299
3126070228
449345489
4016947626
3446667183
999273456
3666291005
4200188966
1840637947
3024564172
799939433
2015207522
2433980167
3958627176
2450455125
3571907166
1254330579
3696677572
1570779649
2000770586
2135105887
2014638560
275312237
3977375638
2501792939
3977434300
1361910681
3394486994
2893805239
1049679704
3940115845
1972603854
1768526723
3540456884
2830055473
3727410826
484931343
1371630544
3207643037
3628117766
3635719515
3963319724
768403401
2591834434
3118137959
4013723464
1162566837
2575972670
1979384371
934532260
1056475745
3176403706
4149737663
3881050560
2425461965
2885487222
2476995083
1961890460
1760591865
2795379634
697022999
4103471928
2172116965
868352686
822271203
862719892
809445521
2476817258
2320475759
55317424
1727956477
3122528742
2547458747
3525290892
180020265
1249923618
4004060615
1761358632
3492933397
3505514526
2848727955
1862190724
2298876609
901398490
743014431
199770528
2376760109
641373526
3724099435
3329835132
2953778265
4020888722
789458295
2056134424
3809249861
126937486
3999389251
50002292
2190493937
1040588874
3196093903
4079463312
3901258845
1437189318
896878619
2087440748
3130003593
2103563010
4082493735
1529530120
475705717
3889563390
3146708211
1739565156
3001076513
2091637946
1559213951
650727808
608930189
1602392118
4101389515
1982226012
2158024889
3366919538
3604697303
812722936
3207554213
1807237230
752779171
1697370964
1018861905
1737651498
240260399
2152477552
3865486013
2090596262
2816941435
2107107148
2103733481
72926178
3082380423
62933736
526230485
3874395614
1822127699
54426180
4288721793
2321607066
1948425951
888099168
4245473261
2005728022
3279088171
2490330172
2159922457
820364882
1724589111
2989958872
3514330885
1995441998
1674631427
2037816628
3352697265
4135467530
2057065615
3316755280
2402351389
481073798
1367646939
3827035436
3746560329
2359108802
1470861287
3702832840
3671246389
1928565950
1783211955
522402852
2120076257
3004262010
146421311
4015145280
1283864141
2853295606
2739357579
2915854876
2726162809
59105074
1354082199
3621262008
3783240037
3689954862
4136690275
1532188436
1492830737
755068650
2956411887
2588939056
2642378621
1066642790
10868795
980411148
3094001065
2674324898
453274439
2617254568
1548884117
3432842142
1307674899
2497048068
170923073
2801095514
1569619359
3404341536
3545224365
1321803990
1481331947
3400882172
603538905
4157040658
846387959
3041652376
3269268421
3916489998
880188355
574226676
4047546993
2840859594
133882703
2434755344
1474967005
185151558
4020419995
2265696492
751608329
2716743298
1973155495
865760904
3178470133
3500335742
2632653427
969838564
1244630177
1917104186
1635218687
4172214528
3724649229
3647658934
316084811
1872901596
2403846713
2699190514
3587882583
2592782968
1428729381
2318007278
1490683171
3785530068
1572846289
1705912490
2260677295
4179079920
2433293373
3234145062
3302183675
1281859276
2894970473
3580553058
122302983
3514546792
600788309
4156371294
3364772819
3750044100
2977182977
2100788506
2941066335
1704505568
1161011565
3652126358
1866629035
2634744764
3129048729
1846462930
818237879
327972440
2214230149
1154712270
2333286019
2835686580
932182833
3091705226
3713806863
3710970576
2809410205
3196028422
2458884187
2298176684
4089842377
1460996162
2615614823
3751538248
3237818293
1453584446
775114035
1399956388
2132151649
2349185530
2380755903
3131007168
1836961741
4216168822
1977982219
3479683484
3351143161
2860819122
1695192343
3897107000
1189769957
1009088942
3732531171
2212077204
3821628305
1398317674
1755963759
73601712
2244180221
2112903398
3610217915
3074366092
177047337
539269410
726317255
66261544
3532997141
2651791134
389148307
1594627460
3190625729
3202836186
4028529439
1555759264
1199058477
100576342
2602068587
4281364348
622229337
2105273234
3229780087
481869336
2710609221
785899662
1382441283
2040006772
2474904561
1159268170
830488783
4054198928
2727276381
2496633798
2097885979
3450519660
1157378953
97622530
3645703207
544810504
2721023093
448183806
3101835251
3352065892
1171344929
2450817978
1959408255
1826852992
1337638029
3715770166
3207784395
2698841436
2359409593
3928794226
3171232727
4040378872
2743400357
2007152494
3526396579
2377671252
1138220113
4156611626
3971436591
3824300656
7247293
3033878182
3665463419
1052137036
1126830057
3109292770
4123393927
1395010024
2237920981
3042102494
882655571
1328204100
3105535617
3720679578
1724029407
3356561504
2396879597
2172129814
780997931
2766510908
74985497
3486436690
6979383
3767584216
1751089669
222166606
892363779
3216157748
3185368241
831004938
4213641103
3594463824
771386397
2881057158
2983562715
4175027244
4046396489
3353603010
4237142759
4126285256
3721042229
4070263742
2545414835
2996767524
2267107041
3593538938
3168776511
121339968
2574805325
229666038
2709451403
2009209116
3736196217
3919210034
1552581271
2749968824
397950053
2187441454
1052634467
184477204
2527792401
346478058
1772584687
2139427376
1170895485
1664353382
829702971
1720537612
2267240617
2595830946
2507933255
2664759720
419130261
4081597086
3683472403
2879470852
3942455105
194017882
435779743
2136662048
2418247597
3118151638
1012957163
32147196
3110512857
3469176594
3476895223
785681816
3844548293
96853006
2654021315
1729433588
794455409
525662922
4044398159
1388046864
4000753885
3774678854
4088309915
1850259436
2300495113
1997274498
2489913767
533124488
2962124277
1947310462
3849610611
4020854500
3955625889
1780176698
3437752319
1097281536
527881741
3652219574
2408168779
2815878364
2125376825
4069386226
2186975575
2974472568
272908581
1646424814
4007792675
3345820116
3036872145
734695338
4131024303
2128327152
1519849277
1187805734
4275879419
1921256908
3342426473
2115251810
4180462855
2260703592
706453589
3450824798
2261067475
808415428
1553217537
973710362
3498252127
442003424
2148160621
3706199446
2538777259
1241461436
1688330649
2753941714
3418008759
2537821528
3836185477
4264524238
3089672579
461321140
549240369
1883214986
2315054351
4007422416
1220781469
3529137414
3310781275
1370969004
1569402313
2903101250
4020189287
498552136
389743285
4107904830
2094503987
447443620
3699347553
529752314
3416452799
2468782016
1987445453
1329215606
3155380235
1155231900
3981985273
247933362
758476823
2293776696
3119056357
3701797038
1834808035
1321414036
933211793
2129398122
1764760687
1236668848
60058621
3713970150
628357307
1717209484
3022793257
3710181410
3482866631
1789260072
361010453
2051560990
1896069523
1486185604
3600816321
451972570
287274527
4039753632
1397874989
3630089046
3525547371
1893965436
3874085465
967438994
1419961207
1772051736
4087394373
2621101966
1842801731
1219565428
2328088305
1174924874
4239129551
4066421136
1637966429
3717296838
1770855963
2263199596
2134136457
3281871106
485498663
797148424
3465566069
2327016702
4171336435
2405779044
2181943585
2287545018
2681253247
876203904
4080398221
1007533622
433820363
579845212
1802411705
134622066
467338967
1508993272
23497381
2007576174
82744739
3972067668
2000756561
264979242
1497926447
131346800
3313666237
1688905126
1207563131
97568076
3199972073
4054536674
2273221255
1783105768
4160113109
4006806494
2500398163
1620252740
3789601153
537212826
579769567
443469664
3199872493
1509894422
1066614827
710396476
3774780185
957600850
2293619255
3047580888
1590859013
1168635214
1778118403
443202356
640655281
2188249098
1071499919
1695066448
500162333
543312006
3809638619
2979253036
3201974089
3565597378
3944465895
1424719048
1397648437
190775998
3012705715
1771493924
3308311009
4130124922
4029754431
476102464
2859899981
770376694
1537383819
3568551964
4189173625
1745546546
3440074135
347492536
2474430309
2028940334
3226925155
2904978708
2359775249
2686991594
490977775
2700480816
3844171133
3664796518
3375279675
3567698188
396884905
3043460002
1335861575
1701175464
2922430101
3775885726
2912231187
1139313668
3340114497
2064097626
194016159
1862770464
922958509
3481882326
4066487019
3927684604
3013610457
203650578
1186173175
1259941016
855456197
540463886
391623107
2087460596
1807757425
3341935050
173168975
244607248
571415517
2022497862
4104557467
897689324
2906449929
3112551554
3907136679
1303327880
3795140853
211570814
3362369651
2231381476
1319670433
2060320314
595880703
56323840
1895303437
1922173366
4096288843
2936509404
1491177529
2023059186
2139518039
1757870200
3706442789
3862358510
1784027939
1538504916
1351762129
2982344362
3420563631
3168514288
1731265085
4235186470
3419547899
379354316
2947613801
3793319266
381380615
4223629416
3572757333
3334315870
896004563
3193290692
2399156993
498584346
2464485983
2253663968
4042065773
1723675798
3176060331
3824116156
2140030105
3701004242
761006007
3115824216
1021353605
296186062
2695509123
443892404
2486534449
1980988298
3536431119
1992550608
3542030493
2211525638
554266203
913261228
2602324169
207263298
1694716775
2576264264
2013582773
3828047422
300409651
2103525796
2268402529
3892119546
1619683775
1625939648
3682219469
398643062
372044555
3310034844
163457273
1130737842
839666455
3320012856
175347941
2235590574
2376859107
2217262228
1539436945
2254139498
1004689263
3276083376
275865341
1214842598
849634235
3480352908
932629801
4051773218
2341596871
2366951464
3372214293
3583872286
1732347027
1268429700
39787457
3117790426
1061974303
3088350880
3778516013
224057942
857391211
194170236
629751129
2486434194
2607758967
1363278872
154977093
3216625294
4038293315
1615210100
2555351537
2966607178
3489904335
3847694480
1438635357
2683259334
2868578587
2552012396
2570615177
650455042
1849637415
2018108424
3514641013
2815175678
718067187
2927236452
2543211553
3480867258
2382571647
1825312384
1052582541
3946665270
3027254731
3946736476
1292337593
2453385842
2740773335
1540065272
148118949
3687556462
1964548259
1917157460
116810321
531737130
67487279
3690082416
1705147325
4229692582
2690997883
3269932108
538531305
492738786
484652423
958785512
2803145941
57621214
1038210899
662136644
2851257473
3240189594
1468436447
470322784
3164791021
1898070038
2793761579
348518716
1179711001
3702840146
2947364151
561513432
3838945285
2418928718
2989718019
2040449588
818832049
1496313610
4173366671
1645094992
2393985565
3936821126
2503697371
4266244652
2018599497
579172802
3545620711
3919633352
1801338677
759085502
1842907315
873113892
1754027233
2198100858
1387177791
516030016
2944454477
2059508470
2175944843
3030480668
595434105
4007097394
1379416215
440364984
2228052581
798532398
727450467
835322900
1794085649
1065722858
2064381167
4003663920
2877577341
357085798
2010454331
1958490124
2583207593
1601292962
4184816711
3753033640
1274155413
99788958
1946741267
1303108356
3464174913
1700448346
3797118623
2314231328
4159630765
4292044246
709809643
1934157052
1118138073
534478098
1221979127
4195994520
3697233093
2831403534
1340751043
1379872244
3597792113
283822282
62919759
3030968336
582192861
1102624070
2726985371
3434517996
3374779145
3646655362
587679655
2907935624
2187858933
172164990
4123720563
3922918628
2732004769
341615930
357361151
780905984
42286093
336568502
4038267723
1966359260
1306555193
2734224882
2103332695
2969507704
3944703781
2254921966
2067146275
2390116308
1617789905
1737973162
3082085295
2736238576
3872847165
1370433574
3685979131
682683340
2515838825
1903869026
267780871
544954216
1415071317
1390925406
2222374099
2046299844
2025340417
2554458650
2792557919
2576084448
3353066093
3878570902
2436300971
1524338876
994486169
2271731410
94986935
1793545048
3164975493
4013647822
4103585667
2514964916
3254404145
969106058
1740792591
1692886992
1988529053
1122241286
1437096283
656617900
3698947017
3842465090
2886954599
1126304584
324708533
2493060414
2640588339
1804800164
2939590241
1430433530
4238206143
334044608
3431622861
3303499382
875732491
1085722268
1290800121
3093313458
596583959
2412412728
1753885669
2784485038
4016507107
336219028
2150642833
3651589994
2428539503
1628442544
3696906749
789536230
2931871419
3800393612
3301797929
3443093026
255297991
1530900264
487013141
537838622
2850770835
672924292
1902780097
194436058
715484191
2728082848
556353325
351465814
1845357419
3208510588
284467289
4246339730
1156028791
3282082584
308598341
156550542
2331771459
2958505332
3962000625
4118395978
1535603151
3129583504
2934589533
1273569478
4048876571
4048522604
3272121481
2672357122
2100974887
3939255048
3673554293
3791708926
4284752115
353035364
3060455201
3614865594
4016153471
110775680
1649431949
1527311414
1055975627
3941145180
1634493625
4174199154
59423959
3865159416
3922571429
336206958
3534662563
239472468
586655057
2540966186
2632909103
1347170160
281964221
3945354150
2478623099
1710859084
2537748713
2892881890
1710477447
2948581096
3267293141
1663529438
3743851091
2480387652
1095810945
823756186
3047852767
3168685408
3096941549
920737558
325293611
1412442172
1685018905
716300882
626036791
335913688
710720261
1557128014
3184985347
3444496692
230237617
634246666
3587129487
3176114000
2963195165
2055730822
2018528987
3472599340
1301579081
568344770
1698429927
2752658120
1442452021
3359273150
1988809651
33191972
2704529377
3971482234
2488803903
4267654464
3633775181
1681142262
3282957195
126559772
2350218617
3992976178
2618364823
2760150712
464123237
375265838
801967715
2297008916
1636029969
1656687338
855650287
1485573936
3371387773
2210204006
3982984251
919445260
1041580457
148378018
1122686791
4256931496
574579861
3522289566
3739792659
3102419460
824975425
982118234
1312975263
3222609184
48668845
3132718294
2485649643
2373063676
2524369369
2045740050
2242135799
735472280
290283461
258785550
4159227843
3633200372
2674898545
1820307402
2371473231
888760080
543424989
2894105670
2908383643
602375404
215821833
1183666818
4074267303
783544968
3240552181
3708141182
496518771
237095908
408000673
2798079034
1380016383
3002592512
69103373
774453174
891928139
3931959772
2376816185
3786964210
736242263
2045982328
1792997925
2998130670
3514970403
1337251540
345294545
3175597226
1773412015
563064560
159967293
3062529830
3732995835
2562808524
2852407913
2620916578
2497486343
3841144424
3628636501
3794668894
603031507
1393974724
1237074177
430446874
3140290655
1140829408
886467949
3459998358
3272289195
2663628732
3351972505
345171410
77774263
2597515864
2482422917
116088526
1676757635
2111135924
3658155825
726616458
4175896079
2839996112
1660550813
2140332550
322126939
332603564
1369609929
2802852930
1959758183
175204936
423394229
1981991998
3477895475
3577798564
2223249761
3613677050
1339908031
2619628736
2040961997
3332898166
3324266763
2803793308
3874352889
3719741106
2982019351
3597508152
70041317
2932561326
1116607459
3999783572
3572135825
3905830506
399166831
320278192
2538554621
22131942
1237924283
2408896140
2345669417
3763189026
176760007
3307638312
1100647957
3382442782
3909163667
3726201220
1405166017
2150892250
2200594207
2690514080
1126627885
1596393558
852301419
2078616444
3643540313
3831236498
17560695
2965060120
1058597189
3909860494
3970993475
686048372
3058374641
2214372170
1329016015
1643652752
2636168029
1367275462
3969572635
2189327468
748994441
2636690946
4192301095
1997185544
452644981
2840697342
644312051
3004674916
244013601
273620922
1944854143
4054092928
2381285517
4218454838
1767740363
294635868
3634186169
2881142898
3966015447
3920872952
3562226597
2422510446
3450910371
2965544532
4215597137
3876747306
3557047343
1424109168
4144390589
2714938022
3523228795
3741848140
1412996073
249112290
313551751
3189089768
2062893781
2113644766
685206867
2511603012
3623535233
3756895386
3975841247
3975154784
3801630445
456945174
908968235
3633731388
1801042969
2466965842
2577394487
2102346200
1601424901
462281294
1021743107
91940916
3975145649
1481096458
2265578383
1724720720
3013097501
1074056582
1011956187
329881644
1856219209
1117194178
1355683559
1950325192
1126294837
1280452542
2108235443
3278260004
2670156513
2739382650
1697488191
2872605760
1438201165
1514326262
3516243595
3178288412
1668898937
3582231090
1519775383
2743446968
2282915941
2638188846
2108299619
2726634004
2690914577
2043965930
4112542447
3467710000
1835941501
2513264742
3655724859
182128140
872277161
563763362
3692196423
2944433576
1629009813
3037533854
2654240787
1973844228
522789697
1788155482
4284310687
24501280
2280281005
1882952662
3756862443
681001724
3742643417
2321517330
2904465911
3494840728
29848261
3291592718
3209908931
4284042228
4139350385
1240504010
1461684815
2139481616
1260418269
686056262
3306575003
722760684
2824818953
1897601410
139820455
3251655048
3463559669
4108612990
4023488883
3790379748
3742899105
2718823226
2321669119
2157980672
2781061645
819908278
1905027403
4269908188
1212299577
2765358066
991036759
3013825912
2351598885
3676065518
490355747
2406442452
2634549713
584330154
2447333807
675524080
4282833725
2600588838
2218420731
1456327116
467660137
3528542818
1433352455
958862696
2428824661
3834659934
3285734099
967879876
839664641
300564506
2165506911
1974430688
1742545005
2347006358
46880427
2678582972
1427860889
4095339730
3662158007
964333912
4073969541
3367458254
2662782339
3258937268
208128561
3132567690
909629711
870475216
3363402141
2849880326
162148187
3967750060
714586569
3262442306
1865917543
3749497160
3114946229
4173890366
1470153779
2859118244
924687457
3730963706
172546751
3919289280
315543245
2365887606
2080502795
3900845212
129487353
594101682
2358828055
2311896376
224088549
263900334
924917475
54618516
2314254993
600941930
2164328559
3378122160
1901082621
791677926
3015550139
3332392332
3164517929
2596142114
763805639
3133762856
1723457813
1111831070
3565348243
1569890436
3647218881
2276272602
4175127071
2707209120
1999678765
1542922070
831013227
831019644
2922341977
3120172690
2145144695
143776024
3210280005
3470701454
3318814787
3119338356
649779953
3428551242
1527965647
3416434064
1348677213
548458182
1288489499
1000958828
101507721
2422504706
2486471463
218431752
3247154037
1841189118
1339471603
2023785060
3489127713
3926116026
3416430975
501926784
4053449613
1014241846
3820371659
1328707676
3801754297
453265266
233468631
1438770424
4167358117
3235580526
371114403
1237003604
3219008337
2123161386
1497724719
3652463984
1212830909
2417492390
187670395
504529228
2264547049
3030412770
3541632647
1411876072
4290221525
3287015390
3405002835
487347268
2649802113
1033753498
2910224607
2621295456
1789196781
2385741078
3202608171
2448983612
2333089561
2243948626
3164292663
1297408216
3021398277
1013436750
3747748611
304281396
4268927921
1620943882
3161503375
1317446992
3348998941
2870846598
2436768987
3159590700
192858953
4104769218
1175204327
1244199112
1658173493
696639166
859007411
1749947940
2456215009
380850298
1966020671
357415744
1458006093
3438108662
1533626763
3327296540
3651748729
358943026
1036437911
121818296
4194769765
876415022
3304268899
1855762708
1469078545
4106606826
1902945775
1091702064
3371512189
3145316198
3981466171
3773070604
2880604073
431529890
1961233735
3842071720
947784341
524570014
1642875667
1943914500
3362924097
1702640986
2779013023
1041406752
3069839021
2421795542
3181270763
884503036
1283299289
3240858130
1866792183
3615729816
3721233861
923971342
1445584323
3063962356
206519409
423460298
286344527
2219730192
3538479069
652491334
2579382171
3527238380
3417142281
3372540034
327063719
1453895816
3662187765
3252628606
477551731
1429432804
657104545
1982896698
1840142079
2273602304
393532685
2351982006
1440420939
2711769052
2913279033
1548454642
1525538903
1309635704
2130845733
1872807406
241059619
1034286292
700927185
138187434
3761673391
2805181680
4161850941
1863658790
2095043835
1389770956
461869161
2210828642
28169223
219608168
2915909461
3389946718
338370003
499579844
1638418177
4043859738
2820996703
513485536
2431636333
2418643094
7831979
1300766140
322424985
2516382674
916026295
920531032
154987141
2761903310
1424515203
1394966196
2299563313
1476073354
3484718095
4105823440
3607422109
834965510
3909950043
2703687340
2539183305
2805314114
1263255399
2990811208
614736309
2357869118
3865120563
3675291044
4144176993
3661341690
3688912319
3964590784
3355640269
2281515894
97230603
4108442524
3746411769
4185377970
1679800087
2582109240
3021333733
952517550
2099259875
1117190292
3477274001
4205907050
2086880111
1943604400
2589797117
682255078
2627604411
2007479436
2268682537
1821000482
674257607
740838440
3160749077
4194986270
477147283
2525491076
844310465
2449625306
1001938207
2509732512
3980812333
2070099542
439315563
3492252028
3221145945
3992196498
1901636215
3139729432
3273985861
718121614
3328025411
1400005236
1836490225
1050046794
790274767
3884524688
4172390749
696165830
3253384475
214981228
2134967689
3908846594
4231243303
2629525512
4272453237
2672232446
733086195
1436897636
716202017
3566497210
2793739391
2070743680
3176263309
2383655222
1576724939
2479957852
2942504377
3064581746
404508119
445383672
2248305061
359498094
1543031971
3375348820
2697162321
3454223914
3702698543
3468831856
882526141
637098150
4014672507
320401484
1602740713
230929634
1462608263
1643471848
2164648149
2767722206
1971127123
434152260
3274885249
3123313306
2803792863
3133639264
2159914221
4291206166
1569068843
1884730684
4086465049
1926297426
1044554039
1947631576
1480979461
794675278
1430889987
3813082676
1916890801
2932837130
637759887
1685857360
481238557
735214470
655822811
3103356460
1411771977
2820183490
4109782247
365844424
3843394357
3486881214
1193915571
3769754916
2868011233
3069900666
1952224063
748616256
203529037
741603062
287896715
305148700
514139769
497127474
4121142423
3216763832
2710023781
1263959854
3047698275
3710926868
3070795537
1133723626
1474617583
2679049264
193471613
1690439270
3618030907
2833902604
3576900265
1630725794
3177556039
2386443176
3631177109
2157413534
3658487315
2744194820
1560750401
2604622938
4044839583
1709922848
3222649261
2333327830
3711664619
2715132156
246610649
2387843346
2081904631
829704088
3579812037
3624904206
