730125835
171157148
1582760953
3647655858
3785940503
1852364600
1705288677
3290429102
3372237027
2770477972
1987456145
1946447722
2316388975
729376688
3032730109
3929699814
3011577531
781729676
1003644969
189400610
2862563783
2329151272
983544597
412933150
1051887507
2391399044
2165184193
1673163738
2869175327
3703215520
701546285
4148431190
2477532011
2338772092
3440875609
2981140626
1226658167
1504375576
1744522821
231267726
1584478787
2577075572
3836300529
2497926218
1584671183
702480272
4014981213
3068147910
728837147
2601411948
2211026057
2212857602
1438518567
1556912904
1611298165
2212166398
1963415795
2393160804
1196085025
2812678330
1348230015
3500516736
3253980557
270926902
1627070667
800977500
3326827705
653250930
4225529047
165150456
1977624741
1154102382
771744675
2243290964
3686112593
3790186794
393722159
4203579248
1462757053
200043430
1362428283
1667529548
532672745
2643884002
2845018247
3123453672
223307733
1951238622
1134942803
3600649796
2439821185
2673155482
3846259423
752199008
2369194989
1154117398
4291415595
2276524092
1879724313
3093330514
