2929042395
2103376428
2749735497
2861349314
3744735463
1365908424
538345269
68811198
4068133043
3586648356
1185453281
1274256250
441771839
3216195136
994119501
1829034742
3667691659
3456546588
86104697
363770930
1319532695
425242552
3365249637
2856575790
3784196963
3084338196
3239826193
2168775658
1161966831
283398192
2824116349
626782822
877615419
4235292684
4121747113
421071522
1248689223
2317090728
583684501
1483597982
4291504659
201923332
3770113345
2481588314
2467933855
3246497312
3922668973
3786843606
1851332075
1028531452
3697913561
1616035090
1382296567
1674775448
1246203077
118426126
1430027459
2632740340
3904779121
2689206474
2132169807
2508859408
2376322781
2842424646
2451881627
2903234028
1694190345
2493696898
1227196327
3931952008
2338345973
2824750974
414006131
349191396
4180891041
2022434106
1060316671
1287450112
1787132941
3046301878
2950517579
1071219420
2948903737
3440391666
604802903
3579336568
2468849445
2555551982
1604871715
3989014484
1054458833
345415082
1948984239
2459496432
3488036157
3775031334
2389562363
2980457420
2179524457
4267834466
2603893511
1076139880
2674951765
212014686
3464035539
1637174980
590642689
34681370
3648605535
3999084000
3053189741
407997334
1535197355
1981862076
1967843225
1797201618
3648496311
2581631832
2932732293
2227611598
1210711939
1507103156
2089190449
3563233930
4116226831
3003688912
3988179869
3386329862
1535285595
2830660012
680375241
328113474
745647719
2506836808
2962417845
972313918
2659610163
1607487652
3184711265
2494689018
3368297663
4015676864
1355458765
1437247094
2577194507
4238085788
1863601145
632780722
3028117015
425967416
3033689061
2401443502
1108953315
2358741908
651981969
837162858
2138493551
1573998512
4054487549
2107809254
2545618619
2897913740
2164371497
1835052578
347457991
807989032
476019477
2164917278
4063072147
2029601412
4096155329
4037417946
535538719
1420590496
1267304237
3579195734
4270336875
1807957116
725147737
3289464978
586537335
4158249752
3368883781
371197326
1825456707
763655540
2398328049
3680042058
995996111
3052070800
1918535773
840720582
1299133467
1411698028
4284275849
2165321474
2547553575
2455077640
1282293109
3466339070
516317427
310912100
3175552801
841332922
2647122815
3746270592
1120966029
453782582
2325424331
3624819292
2211488953
3915676018
3199794391
356181752
441839781
343235694
3550538659
3759361876
3521373521
3673379114
4259660079
2588766064
2455678653
956076966
4076276091
2976834380
1672952041
2681544674
632426631
2045314792
3059167189
2875371998
1705566803
2381641284
3696033665
3513304474
2905656031
204442976
1597494253
3330578198
2855130667
3522521148
2666764569
350822994
1302253623
2373903064
3842308869
551232334
1844004099
1136400692
