1038637745
2488370954
872758671
3185279056
2704198173
2429958022
556768219
3758133804
3769260617
433721794
4013005031
3608753096
92976949
1901121982
1884537011
3835461924
2483309793
3169579898
1644257087
3544536640
3342616397
420918006
3415507083
258887452
1978962553
3182562354
3286364311
1999488952
3422018149
1888533294
2844080995
2117196820
3292891921
1102265322
2582424815
22833200
268292221
1296288358
3005567291
3860793356
3591214761
4283589282
1818686535
1637291944
2006616469
357613726
291512851
2204742404
1160713537
1498308698
