4043191195
2410989292
3231025161
2764432514
2279853223
2793690248
1875370229
1221488766
4021637235
1167543780
1830105761
3994164794
1119488767
2530512640
1356769549
1426598326
2766669899
2726474716
3840028729
1952288498
628102231
2338592888
1504080933
930154990
3540630307
3734165716
4238794961
1183782570
3472836783
1394397424
457155133
2498621734
3942238459
358587596
2119804009
812225890
495781895
2049218664
2866189141
2399125342
3649278419
3044859844
3535592193
1443621658
334148191
4049424096
589539181
1464030358
2229171627
3757736380
3672040601
1064368082
1863690167
2783237208
1441480325
854692046
4197307523
3085198004
4187627825
1408211850
3954657295
143984848
2910697629
3999224838
1258360411
2713871020
1293217993
3317347906
1000665959
2240007240
1043822005
3229449790
450069299
1930977700
406958945
3982567418
2875197887
3951230656
134272461
2656628598
3700200203
2447785884
1549715705
357421234
2006313751
3282075704
1741568229
4271540142
3221200355
69721236
2725679505
3041366122
3533698927
2561028272
3105881853
218572518
1332478907
1867847820
4108283177
502351650
2583924423
781840424
662865941
1308601630
3170706579
132240260
146521025
2487866586
3153203487
2856165024
2953720877
2986408534
3762970731
1891495292
2541346137
3710654866
1288232567
2827951128
1390895941
421785230
3822524227
2329233012
3897831921
953087306
1284593359
1179142288
1958638941
1184721350
2727520539
881835628
2312182153
3460646914
478206503
392102920
1884277365
1144933374
3042473459
4182848868
994243617
2264789434
2759379071
243609216
1474544269
905147702
812637643
2969144156
105390521
1514394226
679903703
1420339192
3872308645
2638595438
286015651
258252884
2286617169
146655786
3462620719
275992688
2733710269
215620774
1523383931
602559564
1812067817
1206827234
3539260807
499845096
775371989
1274108638
3846010707
3370026820
317676673
1572175514
1875652575
3042029152
3357114605
3924320278
3646229291
51452220
1860277785
734853970
1889981751
65348568
4280043525
1102580814
3740736003
1364060724
192086705
2873888522
2028873103
2988394576
2454712861
3983884166
4201841627
3957119532
1200226889
3626342850
4181164263
1540750280
2194726709
2849036734
436480179
4093757732
3201889505
212368250
3569633087
4154138176
1430744909
2845293302
1397876875
2474415900
3814603385
3439301682
3070351511
775720888
2204631653
1496498990
3505365859
201925652
3336844049
45204458
420058351
2722377776
494073981
2452017766
1876736315
3068088332
344014505
2820795042
4146125895
662167464
2612310421
1049938078
218401299
4096981764
974634305
3826182234
909708959
3931733536
3758460333
1824097750
2193520107
179569916
3252031193
2501090578
3111095287
2275863448
1732897989
3530418702
1447943363
4144909812
3686175601
1294395594
663598159
333056016
2867998429
3232159046
358751899
728348140
385854217
3172707202
1619584935
313045896
2994385909
2264213374
1670814579
1055530212
1271117217
2418066746
2734851583
1585761792
3572227085
1191559350
3086136139
2368692956
3026260793
3074495986
1640492887
1849208
2858026789
941719790
3395929635
3319097300
922887121
618888618
3377628079
4124626928
761632061
1521305638
2975544315
1811155916
3743237993
4165655650
4115112711
3948967784
213575253
2611607134
2937216211
1168060100
2264194561
420876826
3589844319
3776253408
747788909
1748265878
2940641451
3144069308
2971092889
1119878866
3319988919
3281285976
1479561605
2969929678
1956339587
668365236
2447303729
2149548682
3476030223
4080568272
593832861
1576151814
1981806939
385241516
1223824329
384269634
2704608871
3147246408
4228729013
829109566
1825558067
1976184996
1254307425
3810971386
905151679
3137486272
1804667085
469599862
2433891851
2983325340
4195396601
583554994
664323607
973578040
2288307173
4291952302
2285545699
3364449172
1902433425
2970810218
3053335151
1928409008
2542334461
3828186598
34107067
1189644172
2090209321
2989067810
2083072455
3376729896
3725187861
2565923870
103214995
954409604
3259416257
2928344026
3586853919
4047789472
2726291245
3390640470
4054682475
149494908
493174873
512893074
4106303863
124631832
1586460229
2201937294
614441539
1332106612
648803569
1710611530
2794787279
2549794704
543746141
588726470
1600951323
2453843308
3995155593
1061752578
3388732711
2522964744
474520949
3203597054
3496984819
4100064356
3835131681
2541394106
1951875967
1154706816
1844901261
4131327030
3513813195
3575921244
4113368249
3646249330
3342097623
197052152
172511397
906247278
1428310947
1608855380
3469493585
2835362090
1976344879
1095585648
3768389309
1818719142
77883771
192725836
1571526889
259915746
4203049095
3773097704
744591317
740921822
218251859
163501636
1959616385
372090266
2087725791
849833312
4136514541
1076328214
2628990507
2801485884
2810181913
3528065618
1690972215
1660076760
3341245189
2933523278
286958851
2575169844
1390265777
3765040650
2759647375
165726032
2260559133
769005190
3557289691
1091488044
3612157257
1342202050
2845678567
2730973896
2414654005
88903870
3912659891
3597768740
33585121
4275839610
82690623
4088945984
4041056845
1670009334
734892939
2330347036
2792758649
1688738610
3210392471
1694609080
3703870821
544750126
1004580451
2544415508
1744336401
3463129834
1602080751
1219309360
1298262909
4045089126
468657211
1030799116
3005079977
168309154
2669442887
302038696
3565290645
185859998
2120504595
3019000324
3880304705
2176716634
3500673439
2097036576
2642231469
941595862
3273105643
157103100
2955375065
3349652498
4106086135
2783152792
2662858693
1503060238
2764859331
4057816308
2402571889
2436616138
2141679439
279611152
4213350877
1542368326
2528250267
2266670316
2503331337
583889538
3470394023
2693337736
2478409461
2587352702
3521373811
4156091364
1270757537
722168890
1316421887
2138115328
3372551949
2980009910
317283915
651694556
3467376185
243309810
1321978455
4119877240
1822005797
3303929838
120967459
999552724
363423441
2735989930
2312224431
818990832
3801581629
805871398
1789435643
545553100
1840048745
1535648610
1487814151
4233647720
1932212565
2876255582
3574409171
4080893380
578347265
3808180506
2570233951
1745407200
3423407469
3754001046
932891563
1674502076
1478208153
678102482
1130126775
1610617432
2986435717
1765113550
175434371
71598260
342861617
3660278154
2933177871
873989840
3797458589
1260454406
707454043
2284208300
2023438025
1366312002
2289117543
258378312
611261365
3547655230
1698175283
4093116324
714127713
3989337594
2008219583
1606253760
2334997453
3997048182
3112429835
3166281116
4002320121
3768508082
1950851351
757775928
3867631333
3911546286
1105310691
3613850260
1889474449
1757044330
3414715759
1635266224
1694360829
2800735462
3549485499
3094869644
1041806121
2109592866
3589981383
4289441320
1696411157
1123949342
1270659731
1130393988
4011704769
3953664730
1557137183
1267145888
1996331565
617424982
2365372011
2853194620
2149360473
3730057106
2942669943
3775420952
2378402117
2205539470
752102723
1014195316
3679434737
3707290442
1757727951
3152627344
1629444957
1496127430
3509747483
670145644
2453495689
900257282
3844280359
790610440
4274876533
3334715902
1039338483
653185892
3342334497
3637723066
1734459007
3428691072
2350262413
3878069046
308097995
541780316
1188947897
2764234866
4002297815
999351800
927851429
316584814
916739747
3068247636
3516500049
555653162
3143752751
40062576
1498743229
2475739814
4184331387
3372954188
2501983209
2859026146
2244086663
1002096104
3340231381
3346909406
3711110483
3759875396
3589759617
226610330
1648371167
1060711520
1393485549
3036843542
368927019
2413918012
3370802201
2468546898
1469680439
951869912
2126409221
236452430
3064606723
3324643380
2626980017
2070142218
2755107727
2950579792
1547098141
2748509574
2391333339
171751468
3000780873
3912705986
3014637287
4285839816
2677310773
1239697342
3067395763
2891802404
175373025
1038862714
3292740927
3172047936
3766474061
706275574
3493150347
3846960412
3629777017
3836518962
1012895383
277007800
195897445
2279190830
4030576995
3854844436
1364769041
2382402026
2954758895
4216466992
73195133
4088103014
1055756091
3590204940
2743501993
3679090850
2529432135
2420481448
1977309077
4004460190
1144004627
3308099844
533054273
2051618394
2957182111
450821152
3573609389
4263621590
3848063979
2298635004
2470761689
2962729746
448283127
920398232
2444366533
786159630
313979587
2368236532
3506313585
1462548170
401418831
3619096080
2019497181
148013894
619574427
2462553068
1798828297
1171995010
2195135911
1076195720
1132747253
4069954942
3936170355
1610857188
2634333089
785519418
4111956991
3919137792
1563050509
81063606
1707870539
1602011356
1673713977
3927712754
2625348951
1539339640
3496291621
1305898734
963501091
802063828
3365710289
824200106
3229415855
4093955568
1792375613
2231367206
3336702459
588310988
1510509929
3391187554
4156610823
2634823016
237472853
777151582
4218680019
2924989636
3578323969
599679002
228107103
1983417312
831766637
770349462
3453679275
3375566524
4293660057
1618087122
2541861047
1797763416
2472441733
3414259150
1807381891
1026461620
2974575153
3524481162
983922959
3140715984
441979293
636213510
388091739
3847368620
202398153
3847555906
2706981991
1894902088
3881627317
379233086
3020710963
3718368932
3886693473
2101746938
547257023
3384064960
2530569933
2233119862
98669579
2728217756
1775792633
3201394098
228752407
2366233912
2989879781
714402990
2633285347
549489044
3492108945
1279116650
3275663471
1413164464
1367267325
3310234598
1946502331
3020121484
1768379945
4037942306
1467506631
3251539240
3971776789
3156693534
1035896211
391757956
3208692929
3147909594
16843295
2835733408
1569148205
840777558
1647829355
1144224380
4020242009
2356293266
750120823
626981144
277060677
2311639950
2893330499
1107063668
910129905
232237642
1126205391
2719204752
1726074461
1491005126
2816764443
3852241772
2787476105
560241922
502672167
3516539144
1205748597
3417338110
2917291763
2163712612
321158433
3137857210
764950911
2502159232
3795934093
2024421942
2738216651
2188220508
727370425
747399026
1318326999
3558802680
2648667813
2748656238
1704092067
73026900
3232942929
3776511786
1327699759
1135955312
1025045693
4065730982
3910614907
1284874572
1113775849
2293272034
615163527
508339432
777663957
2381184990
97507411
1005810756
1718445441
3014783898
3510378719
3406228320
228301293
3094979862
4113796139
2915280444
52477721
3730313298
4178896439
1967259864
1440841989
3480351054
2141567747
3344045876
412568497
3963208714
673076879
2484585808
1119636253
3211510918
3656762587
929474348
171404105
332000962
3345863143
1641945288
3788003381
3885498046
853477811
1707423268
137592289
970420346
3267672127
1135008576
1412302925
1833140214
4035504523
2460853276
2835997561
3171756338
3725617559
549448888
1075952485
4283901998
2651243619
3864776980
3003448337
2977036522
3135915503
2855480624
1919144317
165140326
2295855675
1887935756
364586921
2347286434
2383916359
2454092968
2948639381
1499884958
241691411
400877572
328123969
1034968410
2232024991
3019619104
3062933165
784321238
2576217835
2040762876
2603497433
3219370514
3680410871
714131608
1882727877
3258765070
1343061443
3102702324
3507739761
251239882
2690573647
1493140752
1386711005
928143942
1880481691
1047560940
3372618761
2521104514
746600615
3783118984
4057672949
1133694
1573026931
1741326820
1872182945
192199226
1189345023
2365426432
3243996429
2963703222
1620751435
656240604
2745547833
3121851122
4208427095
581735544
96256037
1121641966
286385955
2458195156
2145119441
1057534634
492057775
796183792
4129254973
3381873958
1980200187
1670994124
3559927913
3021386082
2189390855
3179025512
229629781
2488310622
3527851475
1726880708
3479496449
1264355098
3811221087
4221848288
2368107373
3266293910
570892715
3683859900
3632820377
1523913682
1918047159
3574288472
742886021
1206480078
1215037571
3264519860
2557816113
3621205898
581055503
2022376656
4217603229
1582477318
3976510043
511319724
860978377
1117114946
2616024935
3493414984
1960231349
1792825918
156020531
583507364
2987376481
27247610
3770021311
3907517120
3196690893
1351830390
640368395
1400699804
2616087801
761261234
2745784087
1235549240
460358885
874537902
1232325091
2492864660
3220675985
3416075370
1294001007
993668272
2366360317
2940764902
2472914875
696964236
780269865
2063229730
2963405511
4289555496
2766656533
1953270046
2351714451
2765033348
1655687105
2390126810
1918762271
4190149280
2250047533
1644779094
559877227
3344083324
2616158553
2565617042
481446519
3295778840
382709573
104319630
1400980291
1342276212
1736130033
1754435914
3853009615
981091472
1638941021
2452407750
2474792219
3141761644
1507435913
1920754690
611665447
1842380808
662378101
1035544574
3493700083
4068241764
4166844449
2920844730
1996141695
2401643136
2692255373
449433910
872057291
3951839068
3533942201
3769757298
2537942487
3312002040
1845299621
1491575150
2448190627
944692308
3424128593
1492084266
3775943215
4114828400
3152603069
4172773542
2209524347
2249986124
2507178473
441701602
2269069703
2023392232
2452130005
4017764062
920167251
222806852
1445947521
2025724570
2036603871
3322980960
1446268141
3129785366
3931485995
4037137724
2250449433
602478418
4181475639
142843864
2089849861
1659365454
470631939
2364941876
4142272177
2733353738
3761312143
2794275920
1783479837
4037057414
1716432859
3096221228
224300617
1069069762
2497178855
3120789448
2257070901
1315419582
223696051
4071163172
725549281
1654593402
2960274239
2004359744
2078817101
2634684150
1019778187
2198557468
1216726649
1573498930
1416447127
2243496888
2854375013
4142964526
4114337635
2305777684
3170713361
2831114218
803373295
1162882096
3346449533
2745183846
2846778683
4245490700
968608425
2346911394
890718279
134437800
2989620629
3141117086
2366354963
2618832644
4070820161
1005814874
4277992095
945060384
1915509165
972677590
2410357227
3410018556
4158888665
1703655698
3870357495
1895917464
1783249093
2209990158
214960323
1697810932
3212156785
681739466
3371999311
2223244304
3120298717
1466839366
673827483
2048225772
3735041801
2215298946
2077578151
1955737480
3468558325
849871742
3679700851
4279064804
4084580769
821256506
4091310591
1503513088
630761485
622075062
3008716619
1840914140
3193216825
3999740402
434068311
978629496
1017140005
335240430
1042412067
1404543956
1801924561
1020074410
1347907503
3542141936
3027591485
1841472550
672718843
3525167052
203674473
2305292386
2833911559
1302852456
2713989717
1298846302
159746259
218131140
1087171073
3386289690
3387464031
3897297376
247801453
235980694
3827256491
2330946748
300995481
2274630354
2211475127
2376789848
2898042245
1315791822
1351191427
2222370228
4192858161
1534533258
382398223
1545503696
3044734877
1683326726
1540597083
597560748
509517769
3643971906
674069095
490514248
4242314421
1077547326
351861299
3010030756
3116450401
3939855098
1744400575
2908174784
843699405
3232227958
3395349003
3210259100
3033544697
2622124978
3864801815
1392253752
1379342309
1976031918
4150187235
585607060
1880481937
1457034090
422518383
108342192
1201978877
3571374566
3786545851
151929740
3177749545
2359470626
2440533447
2840087336
3181324053
3687694366
3875937171
3686817412
157993665
3559364570
1625749535
766990752
549368621
613510486
2054305643
594401404
3037383769
1942109330
794469751
2923443992
3500655173
1757593998
3522809411
1451397492
2667774193
1562998858
6028751
1964819344
2173351005
1964416198
1141653531
2565237100
3713648777
2565876482
2829082919
4089634568
3450071413
2363350782
1426386163
1803370596
2799797025
570766522
4085854079
2858707328
4139499917
1032153142
1957377227
1269233244
1824035001
825455986
2023999703
4285481720
3618020517
2719357038
1806858147
1119841108
600396113
4171353386
556371247
118311792
96787133
380948390
2033849723
1704886092
3192530153
3478330338
1568660615
983851752
579001301
1545760222
541945427
1142428228
3577572225
3433447834
179836639
542533984
1557725165
725340950
2774786603
1216087100
2180089113
3554025042
135240759
3800121048
583771909
947511118
1004589315
118895924
1736495537
259625482
2087701647
3611214672
48967965
2809229958
3818101467
2108589356
3964776777
3707993282
3421374439
4158969544
3184786997
3998444734
4130840499
1124652068
2744550369
675462778
1028369983
1216698688
2276355661
694988278
1693728651
2791637532
3872237945
920794930
1333141399
795749048
2041504101
3735426606
2782714467
3204378388
2671870481
3823683306
3204889583
3165203248
865449853
822379878
1366347835
1804499724
1065905577
1262046626
1002627911
3783015080
2905559189
2217270174
1880850707
1103595012
3976514625
3843205978
3457938847
2548644128
936643757
2412771542
2008304875
1842999292
3647274457
294633490
3970913015
4197320344
2951236549
3813850382
4177433539
2180094196
3424871025
338127818
1103518543
1246003984
3730599389
3643148358
4247369115
901144812
3691403785
2133626498
550923943
3915550344
170709749
4200249982
324080243
365701092
1486898337
256772154
2885741823
1064962304
3118586637
3525161910
234621515
592629212
3822027321
4145461490
2844997207
2461586040
2769282597
825742318
1889402147
1667642068
3141432017
2590867626
159820463
3473459952
3587658813
3784178470
2367048443
1587427020
836990569
3121954658
453028359
1032835688
4200891733
3382774110
1362121683
2425272772
1501621505
254596378
1909625951
741329120
3866089837
2148392598
3290658731
3343358908
3693426329
1454318034
2079967671
2231799384
1153282181
1326275278
873666179
1926544564
95073073
3438478730
3340741135
1441661648
2023647901
2817809926
328110171
3837656236
4248289993
422273090
4128871783
1207699016
2943248309
112445502
2266055987
2139569060
784254305
2833715706
1718152127
117602496
571869133
1163426166
2726466827
3593492892
3833469689
2073098930
2243628311
2567911992
2257169125
1602965934
1454759907
3149215380
276833169
1576008298
3614005615
2783718064
2974396669
2786144486
250250683
1116582540
1176190761
2510745890
2851680455
2929666600
1726118421
1649080094
4266387091
2888674692
3815886273
4239703770
2090595103
887756960
1567385133
3920987222
493970027
1216677756
1794256729
2364818322
347013239
3536508440
1846269253
560576654
3621673283
1165992052
215401457
1536974666
1127987407
1106985616
4134610781
1906078662
1770138395
1854232684
1621486473
79688194
1517780007
1399930376
1784200309
689870334
3963107315
3690598244
1320289825
2261638074
1396943487
3604916352
353039501
1356660534
357031883
2461902172
697922489
2383477874
2729288663
1915838968
182202277
4016082798
2732884643
330037844
4156986449
808465450
3211708463
1762871920
1252838845
3159238310
2041413755
3676106316
3975137257
397304546
1466726279
1416249832
258551509
1139188958
1915631955
3496239428
328691329
527067290
892867039
3386386528
1367978733
2055662102
3596487979
2773627708
646703129
1579099474
3582916407
4080721368
2022881797
3223836238
2401262595
632439860
2590479537
2716039434
2900002703
371999312
1016374301
1407076742
29656539
1993110572
3608204361
1537885122
481305319
193082824
3081490741
928719806
2642799283
1189389092
2704934625
4207043962
424749375
2798557248
2810224973
2188068086
420211339
3971658012
3017903225
3092692530
2133523095
232737208
3737613413
645369134
1609164131
1997176340
2312226065
3538824682
408352495
4074032
3871386237
570743910
807353147
2886461964
1461784745
971740322
1377467975
246487464
3501761429
607392414
1737968659
4176663812
850513729
2836255322
2724655263
3266967584
931643309
2688683990
27883499
1366236924
1873961177
871352082
2639900151
3054937496
1897029317
1359459342
3298369219
4281116660
656221553
1099453130
3132888655
2587951632
4022919389
746184518
2668994715
1632849900
4047011081
4155135362
3414395303
804187528
3559368181
3341382014
3048889715
2617702116
3474376609
377794362
525428735
781338624
2922843661
667110070
546223435
937917660
1142318393
1143095282
1509101911
467202424
1863022885
177228526
1485178915
2979054036
2673980881
3353995178
4175553967
321702384
2319796029
2499105318
1426044411
4179273164
1970215273
3055453794
2294498567
2100539752
1200674901
2029207646
1497833171
3784902852
1233186817
2338257946
2330496863
3075442656
1143377005
2292643222
1913889451
2157693628
1730517401
942024914
181347511
2870881624
608879493
3116978638
2735251843
2108607412
3954669105
2622155914
3818939663
1442415056
1959648669
2570007814
3291839323
1373236140
4292666825
1921001282
3048321127
1081566536
3163306677
776568638
261460019
1998654116
1091061857
2882844922
2349098687
3857299392
3186506445
1319440502
1586511883
2281965724
1526201849
993231282
835053591
199121208
3899145701
1634388142
393800419
1325319572
3510003345
1357078890
936350831
161425840
4193952765
2464122854
3406753979
3322487180
4170834473
101136418
2854669255
4289857832
3501313301
2011442718
2180886931
102169732
549769409
2015225306
1971121695
4284012448
1814436141
561355606
3126627691
647509628
3987051097
1417824914
2091866999
571569432
519825477
2687283086
355394627
217624436
3774252785
3555411530
1581741007
2434122128
4033059421
4156443334
3018069531
740312940
331222665
636205314
3925514023
2094767368
765038453
2189118718
1171751667
871554660
533629217
1282572986
1177167231
76867456
728115085
3302004278
3318778571
2966443100
960911033
1732936562
3311632087
229605624
933085861
2965833326
3884092835
2601814356
2014304081
1872403242
1809842991
190138736
3131097277
1501789606
890039163
3600244044
1365338857
1667607010
621089415
3052151016
2296086997
382131166
3699049555
2720837700
1094545793
3775565722
2833517791
2996168544
1682335213
409862422
759445547
4146356796
2750565145
851717202
297423415
716209368
2917518597
1777454414
3318474499
3637138228
3214563249
3391709194
561070735
1398128976
1196037917
1709645958
1893822683
2481349420
4254857033
732760770
924728807
3839595720
2752488501
2575227582
3007329715
3996938788
1412008417
1243483258
4102202431
2186532672
190764109
403037174
152016267
1175216156
3753996153
1378305330
2475414935
286025912
158074725
1046807598
3546476643
2710703380
2897086481
3855586538
3956486639
993584
284663165
3869324134
4122584635
2927974668
2961552297
3355040674
673061191
2141321384
1288566421
190531998
595531539
2979668996
4088058433
4158978394
735964063
2831595296
2705814189
3679463126
3716850411
1711295996
3939222489
1017892370
2830108919
2495300760
3720901061
1020832526
530557379
3437475572
6482033
549796298
3822965071
1685684496
507597789
3244930630
3186461595
3974905580
1312202761
1568939138
735880359
943148168
1554938101
152316030
1922017395
2176697828
2262387361
3063371322
4258128639
384206592
848838925
2516902326
2601345099
2608344028
254363705
1166657266
3674139735
3316977784
3398634533
268747246
2782532387
775377108
1204877521
893537962
3462996143
2408368368
29309501
4160268582
802496763
2442335436
113687657
3984837986
2721177607
4237529192
3108580181
3412162398
3519670739
4028585924
1087173377
2926387994
3307899487
2041267936
1474903917
2547780758
2649738667
2800482748
3807509657
2616799186
3763371959
4025601112
2070140549
4271982798
1298803843
2500123316
3692050737
964613002
474816527
1279328464
3658043549
2818968582
499672667
1525799596
1447954633
1429270082
385207143
4138648648
1412828597
653997630
1585830707
2318850468
547212129
1671323642
2295062975
973928128
902983117
1284351862
2928274187
3302209436
1212014841
1261570226
2591867671
2607380536
2815611109
3949346734
3920098787
3435418772
3795364241
2679294058
3932278639
562964656
1370986237
189390566
3323943867
2206240908
82085161
1304657698
1107322567
2357258280
722280469
2358863134
572226707
3648801668
4049851329
3059944666
4220119327
2097387168
2095828013
1003598422
20166763
2913428860
1831138649
980177298
391886455
2350126104
326630213
1426826894
971730755
2632826484
1264732657
907423050
25112271
1382826128
2674003293
2004623814
3543269659
3250009708
648163721
1819508738
120173095
1610742792
1197892213
150209534
300076531
1667738980
1245121569
3807586746
2084348031
596059776
1775065741
157297974
910505419
2514420572
3418307001
752880242
2428852695
3253313528
2381010341
1447656814
3918305443
3371767892
3567589969
652280362
3598532143
3721611376
2241901501
1582617766
1532515963
1208863820
463408617
578351330
1984540039
1328152552
3201946837
1153635038
255053651
2842754884
2385474689
2173089434
364644319
3398411872
3306100973
1961957398
1511416619
770871612
707046937
3250926418
1821486391
2028084184
4072988677
2782381134
2414047747
274620980
119085745
4165682954
2318663055
2126200912
1393265181
1301018502
3773455323
3304870444
2415073865
3171668418
3409467623
1945170888
3003086645
2227081662
3882254515
688931108
3966045409
2253763450
2128617279
3407156800
3813214029
1513911030
3841933451
2723811100
2590855801
1951648818
1016639639
687179704
698128997
2523822894
2957507427
781556756
936790801
2358049770
3917180143
2887526448
3795488893
4007234150
1379930427
1660602380
2075547305
1701061282
1842197575
609146792
1366247829
2845737118
1406329363
1539142404
1609553217
1100488794
444655263
974091808
2769495469
2969189846
3143093739
2609741052
2058430169
2613302546
3199362039
2249974680
638223557
382050830
3121755331
3675702772
2280958833
568205514
1831570511
2565734416
2579875549
133532998
162625179
3363909100
587252489
549053314
4058103719
4063996808
3552660469
807067518
4191220595
3069220068
2951204257
1602616634
4151729663
3900098048
1996846093
2363652278
762841931
1040505564
1963469625
1800228338
3702966103
2152542072
3886456613
2979346670
144317987
3378110420
3834395601
1383511466
974937007
875087856
1816472893
2056781862
3449195515
403145676
367681385
3494188130
390888199
2880401256
2139979349
820751966
1790489811
2887886532
1868887553
3898034714
3499656543
1665336800
1371009645
497886102
4156029099
708323516
2139774873
4062721746
2893929143
1132555096
2047404421
2375368654
3812079491
2832656820
112524337
344898186
556129039
683966416
3629171613
1148773126
3494334811
4026911148
814427081
826127682
3387287143
1520575304
2792087733
1623780670
602023475
2831722660
4252978785
1078200058
213867711
4083955136
3116540109
2937208438
1114609163
2090821276
3696215033
462196658
1876925975
934319928
4106839013
1836955310
2101543139
621142932
1938222225
3126734698
2669677167
3719899056
3900738045
2135963110
2954610363
1794375564
2600151081
3705390626
562430407
1158399784
2784260885
275422238
2393196435
375233156
2236536513
662975450
3200443423
2649380256
3216867117
2831796566
2717311851
3451032700
426793049
2930923666
2494828919
13808408
2071989829
2953223566
4128504387
3848195444
2082082033
4061992010
3705858511
1979629456
862748765
1624635590
2003561499
524952940
3377616009
1213679362
1644481831
3974388488
3888067957
747158270
5904627
1515748452
4260073249
3125792954
2776308607
599090560
4230541
2391524406
379969739
837399132
285482169
1322357106
3033740503
2128592632
1036314789
1340601454
1493345187
2371462996
1032215889
3322112298
2940631343
3498919792
3685525181
985803686
2626666875
528497484
2074652905
3303552994
4214900871
270786280
3781437397
1037781470
3126368851
3593555524
711817089
1893653914
734003935
29713760
2749615085
1060630
215256619
968671292
3911389465
2065840722
2517960759
3452943064
1999631109
3822697294
2640772355
3161354548
2699287985
2622041610
2535635087
2287779664
2413362461
2060242566
31409883
4195238188
3189128521
2143721666
