563088883
1991503204
3868609569
122251706
4062044287
527918720
780180109
2985979190
2073720267
1387479900
872839609
469650034
47094231
2078400504
688297381
1378598254
428464291
1616205908
2245286481
969359914
3383655983
382961776
3290690493
377427110
3405616763
183635020
850808297
3525783778
262335879
3895607272
231019733
1110790878
3011579731
148717380
3358504065
1727854234
440223711
3298813536
828528877
1621841942
3356205867
3135689020
3825987097
2516808530
1094380855
4110048216
696262661
1222247502
4236292611
2077925940
