2466599867
3288213644
768949545
1129109282
185196231
1070333992
2305644565
634141982
1136686227
2175591300
2959838145
1964467418
499278111
1907469984
2673017901
2472512086
259502187
3018521980
2233707865
3886786962
3097702007
4001704984
2059809605
911507086
3366872899
3282327156
3677880817
2738914634
62236367
3674232976
3900130653
434108870
4065589531
390123116
690940297
2531842050
2284792359
3541636104
2871171701
2412960766
3443770867
3257156964
375047201
1947435450
1441863807
3514908288
1024496269
68814134
365243851
607034204
2488922553
4195050098
3641233879
119977976
3247803813
1077826926
1896583331
2033954900
680972881
2977389098
1596962351
2729664624
647097277
518302886
2327203451
1487103052
1707591145
400181474
1296770439
2282559464
1978797269
2941119198
3796944723
616142660
2507091073
991104666
82608095
4157980256
1462653165
3369529366
1221745451
1783507260
2438686233
3302787922
2043749687
652948440
3234535429
242785358
236874243
808254004
3441873585
1984798474
2002941327
3320272976
3654861341
1648873350
3733214171
916318764
2411188809
324610498
2520109287
2023754696
192130869
3371526590
1346336947
652532004
1556137185
3192785786
3784087359
1034366528
1111768909
3176024822
553072779
2999035676
2386561657
3277268018
752101527
3318390712
1610535525
4089140014
591328099
2750428180
503317265
3556463594
421913839
3147055152
3705915517
2378261094
3692431675
3685244940
2669088425
2996664994
3402050631
4207538088
2571075989
3179370654
3496466963
1109265156
1734839617
1308391514
1319722655
3085798944
3739901357
3644331478
2190198251
2785088764
3911179993
1286810898
2951338999
2545744792
2462629061
3737025038
533015747
2348637684
1010459505
146307274
3176268879
3065124880
2521497309
1728668998
3720572571
3996829164
3623713545
4208933762
2128033703
2692924296
1491960821
162117502
136440691
3957140708
2088469921
2522240314
1528485375
933289472
2579016717
810307766
3186099019
1753510620
1276306233
2485691890
3974774615
2361018232
1489032997
1513754862
1594431011
2613868500
351138769
2931625386
2294207407
2788745200
4171654461
3487029286
2850325499
2429361100
3397588841
3444993122
1916662535
935495528
2417342037
3324413534
2294656211
2509913796
789884417
2677252634
3250126175
1236868576
1799826029
4064476054
2405691563
2596520124
2905675673
2834271954
4188885687
3501884248
3179225477
2363889614
677556099
2195030452
1630712881
3158381194
1279546127
891328464
2190343069
3320101638
1926318427
1641505196
1388307401
3879406914
2429771367
3397466952
2421168309
2813314366
3484098099
2899132580
3729458785
3454820090
3915109567
925781440
3626883277
1792284278
525831691
1496776348
1318222841
1983899570
403379735
3417681720
3634076645
964333230
2938763491
3968891796
2787157137
2205976426
2226815599
3395370928
1050264061
1659375078
3605118651
2077333388
2563498025
3787791906
4067391943
2662784808
3073682197
4278023198
1177173907
2599301764
3040251585
3784870874
3839581215
83389856
4043618093
28811606
35314539
1012280444
3192852569
3276910738
3051063671
564382488
3450750533
3199169934
313979459
2155177332
886031601
2997316682
1526292943
2297616272
3277961309
3701067974
3765298203
1966325100
280956041
841785090
3672786215
911962888
1851485557
3100087038
1100681459
3312784484
2867808033
4140837050
1930400639
1947172224
1382270349
983931958
939907275
1486441052
3598636217
861727090
1828105431
2994525944
3427737765
389860462
1583455139
3791404884
710415697
1408876842
2748903727
1338859376
863887037
2226258854
97368443
1618334540
2058447081
698978274
3122380935
1332147944
727474133
1573265886
55939667
2379867716
2190290817
2244687258
4275075807
23821664
618857453
3042314006
762349099
1048074300
3174680857
1167692370
53772343
2587415256
269888261
3654980430
2306995459
2963081524
1876006321
3450570250
3761320079
3119044432
1032205597
3370690182
693714651
3423590700
3803903305
4118016194
735833063
3822152392
1875870261
313598142
3098657715
1368696868
3408414689
1656861306
2666926655
3859049792
488272461
763421174
3132285835
4201338396
3835161977
1430235954
1785529239
818921144
3768280421
960547374
2003828323
2278540052
3126085137
3790912234
1020927983
507330352
470989693
854964582
2573759547
3262762764
2700325289
2663629218
4160931655
697487016
3377255573
2554367902
2064098579
1780308484
3755511873
3186335578
374888863
382881056
2074218669
2061380822
606400747
350897148
179388889
2575774738
3229103863
171547288
2440482757
69693710
4152604611
4279004404
2331518577
2936889290
2460729167
2411894544
2512089565
1754348614
273897883
3391861996
1500749321
181469826
308826791
2460164744
3513538293
1261203070
1336882803
753662948
3887466657
595655738
3553579263
1154292992
219275021
2435180470
438218315
2456625628
966641209
631778546
1328421463
4134430328
2185259557
2772862958
3306496291
2848655060
785725137
2938991786
1719537327
3715161840
4246231101
728968998
3027365627
3852307148
4233280105
4208178018
2598669831
3438962280
767953237
606911838
671119315
3950546372
3587748097
2075773210
4063426655
3706510560
704765293
2148536982
3103267755
4083937212
3346365081
3906639314
2355539383
23470680
512767109
592842446
2273065603
394498228
3204675377
3096246666
3911781903
2453673680
817983133
1498649094
404501595
2470924460
3316188873
201577538
3712973159
3264256584
2414996405
3086580798
3780340019
4080734116
1767410017
181274106
945508287
136940736
3070888909
1934929270
2299083019
878620060
1448107769
2924900018
