852234593
2514218490
2055215039
2478290112
1496454093
1787630966
3092676875
1845187996
372565753
3273742002
2830612759
3630954040
220673765
2807262638
1929858019
685748884
2769317777
3549156970
1710982511
1826645680
4153982205
3806121190
2171171259
2970070668
414518057
2059291938
2530270407
1880811048
3809674773
3028947742
212357779
3320260996
893721025
3233258202
275324703
3252507808
1269723693
2144870486
3277540971
4117627772
2737765209
2371002258
2921442423
438669848
2425315653
4158641294
2265302339
1804082292
2024607729
2747677514
386131151
279805584
1432761181
316018630
3382122267
2979877996
4081432457
237325826
860170279
342555144
334448757
1837871614
2599068659
1578208100
1632326177
4175345594
1371985535
1393550464
3715301517
518888246
1715981259
3016008028
995901369
4265433202
4254486487
2424970744
1279638437
4219775854
1608642211
831682132
1843585105
3790082090
2204955695
4001597040
2772949437
1224065702
2723703931
299035212
3533018089
3160522466
657466247
2749496808
694532821
3783377118
4231439699
3118062916
3656825473
2525578394
158416351
2756142176
2534915821
3347416598
1836316971
427241276
1691661337
1964605778
3169690423
932288984
3689039365
687469134
1425262595
4202086452
3452559537
3559478538
2349773711
2170191440
4124422173
3539199366
1308979675
1075867692
582787145
2460721090
1852428007
4168610248
84827445
354697150
3185858227
381165348
2388611809
1307525498
2923451711
3464221760
2369039693
358080758
288872075
318614812
4054866041
757013042
1040164503
1194591672
3875340389
2465704238
2845004131
1101855252
2910458129
482478570
3183551215
2778672
3785864829
445151334
2062952251
654173708
2614287529
2050683042
818555463
673502632
2491494293
2838179486
1498134547
2921615620
966597441
793292378
1661738143
2795844640
1617021869
3223104470
4125844459
147856124
470233
1032200978
4272183799
862544280
556657349
3895840782
2367195843
2125276148
3993727345
3119132362
1365000783
1575697936
2404773085
2775284550
1132629147
753093612
1106266377
944222594
3257480615
2229315976
3512087029
3662581118
868534643
3046535908
1657279393
2798488378
4138505215
3183182848
1027021325
2609637046
736534859
3748034780
4193333561
2575735794
2830351703
2888412536
1242367269
1936484078
450589731
619658708
1016463825
98157482
733483439
1234503152
2977452861
357887526
771924475
877175244
1697441129
1846141538
2724131079
2627956072
3240453205
2168872030
2661780179
1585874116
1559772161
2092292122
3824794463
1622590432
3696007277
2539491734
797019819
4147693244
2508613017
274236626
302370999
2641160536
758271877
458452430
1513360771
2750105524
305250865
3066611850
3719074063
773832144
2259085725
670880006
751724379
2611341228
2711663049
2562294594
