952161391
1969187248
1279124477
3418998758
1148465339
2276286860
2138120745
3799349282
155192263
595216680
2875002133
236351006
1745547667
1011039364
3263434945
575940058
4156435999
3693680544
3694745901
3186613078
2719075691
1649178236
122475097
2239793810
2266536823
3639194904
3514247237
200208270
864822339
4281659252
1871038193
1689355850
4124619727
1660289424
843504221
466127558
3723056667
2783217516
3023392393
259651842
3014907687
3401833736
3957641077
1741524222
4035232499
641670756
254658849
2814952122
2265671039
1334126464
4078528397
2490029622
103140043
748983388
1418565305
1835582322
1651293911
4138189048
901317285
3014215278
1920978339
3513829716
1010767697
2038487850
3926999855
1398114672
3156476093
4172135846
1605512059
410754380
3682118377
3927173602
2841531015
1039425768
4207329749
3677952990
2613593171
1620635716
1312600449
2105593754
4167388383
2074486624
1402578413
2871542038
372865067
3273171516
2430176025
2650958930
2439221815
1439218904
3349220613
2482244942
224995075
1665569588
2305398705
3710885898
3594683023
561381712
3631044381
271671430
3961958619
2917835564
1095972681
3749399234
3323428327
3070481608
2577065013
3440450238
3610080691
2294854180
1321781729
3082046586
2728649791
3649312576
4065465421
4259322870
3936671115
1914740764
1850257273
2995094834
1171592599
2386864312
247940965
528958510
664809571
2418953492
1276987409
2448807146
658797039
1682925872
29023613
738947942
295626299
2963904780
2111632297
954735522
297228615
2884253864
2516137621
1041074590
4228667155
944137220
2884244033
3332061530
2292132767
2652305184
1339732653
2756339414
130015979
36998652
3941794777
573181458
3717810423
1947436184
2663625157
1696262926
3497847235
799012596
1165109361
4127947210
4126085455
1859764496
1050973149
838071878
3396520859
3878715116
1965940745
462576770
3222660263
3466562696
3380197621
3404097662
1337780339
76154340
3434646177
1986893370
1496261375
3126249216
2026602765
3525255606
1575133259
3083627484
1357940793
1076365042
3800575063
388845688
388910117
258408942
56054563
353603796
41957585
3282603690
119169199
1343031536
566393405
597879078
2096783611
2482459852
1465777257
2293370210
822812679
219926632
431254357
2891167582
60238291
2131466180
3830199041
4016268058
1865140831
3678111456
96239469
3608562838
1231359403
1398815164
911817881
1001877458
175751095
3280604248
597628549
1696827598
2810670211
268507828
3697244465
285545354
3416154127
3537977552
3383529629
516967430
4220364379
1970674348
2693089481
1568616002
4033809255
2438399048
2017545653
3071112766
888347443
893589924
4055698273
3048513530
3513590207
1774008000
457551309
518514550
2459904779
292026268
2101682425
537938098
927335191
18987064
