1005959027
3706095844
1889350049
848564538
1059414527
2884762112
2399082509
1072155830
2553630539
3065597660
3496611641
1411244530
1044794199
2267997048
3268723493
3108310254
788521507
1822217172
2955583441
2304362922
1906073519
1799420912
4046967101
3963769894
2763313147
3081304012
3646243689
2542446690
1657601799
2580423528
1725211221
3420488286
2308929747
1408342724
2754370049
3427753498
808028511
1765292512
1709413997
2335995798
3614915755
1611046076
3510518681
153275090
573529783
3692896088
3618180485
2702119886
517962627
2893274548
2464505905
1054592650
4043824911
685159376
771057565
992818950
1692898651
4215356844
3335000009
1496140098
3121113703
821745480
1956971701
570933566
2961893939
796040356
1599648353
2586188538
2771542207
3906693568
2468365517
204182134
1211161099
1820842652
4250249209
1706107826
984818199
2936425272
3185280997
1640073902
2670511331
637327252
3108589713
2098545514
1751387759
2479184816
399977981
1880000998
4080929467
516518796
487197737
2859817506
927630791
2426305320
2216662805
217280542
2584742803
1491177092
1295661761
3696248794
823650335
2949876128
2806850349
2859277654
4273612651
4105504892
1657289817
2969627794
1974048119
602040088
419705413
3658772878
1329577539
11518324
4100878577
1916676170
2156457423
1325724560
3312788573
1084116166
3658493979
951687532
3493017737
2157632258
2657833255
3132165896
2128370037
4183527166
461823219
3048632420
3840471841
788915386
313663359
4279802240
3204592013
1773738038
2070619339
2365990492
1538130105
239740274
3974805719
2594796280
2562395301
2227161198
3127928739
1610914644
3782000977
2827910442
2387508527
3113057136
3647425213
2123661222
263587195
3683233612
542872809
2899692514
3745696903
3978990312
1517505493
4026015198
4131872339
661209668
1769790337
2323575194
886638303
3550648672
2195156973
1774682902
2862338603
1173566524
2384393497
2093272658
3863907383
2941480664
4170716933
2021363534
1477886211
1668506932
3915137457
104743434
2458696847
3998675792
2185601309
396960390
4136078043
363967788
2577080649
3697159362
363395047
2718107336
410807861
2508266686
3618213811
2339505188
3926782945
1123249786
778346047
3865676096
660921933
3864026614
3835965323
2884907548
3962771833
3618170674
3551334295
970480312
3363173
1744815662
2341128803
645144340
1096086033
3448076010
974892015
3294190384
2057840509
362034534
1557971003
1906944780
336190889
2557214114
2306200391
2402445992
3331309717
716082078
1493528851
3142104580
1102330945
144399194
1110238623
2892327200
1833073837
923510998
3990633707
3347128316
3020058073
3593367570
1390297847
1311782552
2200222661
2718199054
2753856451
3229534452
3933131377
2627476426
3721612111
3465327376
153542109
2651699270
2098046363
4125724908
3015690761
1178025602
2927713959
2796600968
2118468341
2352507518
4289921651
2355451876
394769569
3886987322
1594481919
1452161280
2701675277
3484509110
4137417291
487718364
1873080889
193816818
767174231
1012073080
1627674149
289506286
3711692067
1158374100
2982273745
1840918698
2190187183
1541995248
5882941
4073564966
4252121851
619275980
3906266729
653782882
614701575
376832616
1697969493
852932958
1024082899
3493849540
3735051521
1214612762
533955679
3520854240
2605599085
1073319574
2604361643
2904476604
4113737369
3875394002
1511569847
2419637848
2238324869
1013910222
1579746947
3281120436
812000049
2534913418
3642530319
2003186384
3201882781
1905004038
4032987227
4246809772
1868640969
1474695234
3082061159
1215968840
2901858229
859928638
1851995443
1414556580
3591779681
4009214458
3412188095
3343296704
3232528333
865872246
3826418955
4095707548
1724091129
3015158450
4191288599
299461176
3891141349
1178927534
977522659
1200252564
3413349265
3404507754
1046366575
3892075184
792469757
2483085542
3560338875
4178109068
1333571369
3526992162
1603018951
3803535912
2468538901
1043375902
3709195923
3792625028
151076289
4221398746
1418519327
2613463200
29021741
1917924438
1165578859
3935057788
846176089
2566058898
1522397303
3308062232
2351449413
3984287886
1894009155
3631009908
3020043249
393285450
3140004047
816018064
3357251421
4024705990
2470845211
253266028
3711916937
1797956098
1073900583
3340725768
1632709749
2690401790
3195676659
1056128868
1316582945
3935210426
1512872575
1884477568
3675350157
3754995510
2680672203
81581404
307159993
2582097010
4139029463
3928723960
2175836069
2362064750
3982652067
2041653844
3878290513
3873236010
72595503
2421389936
2349809085
921556646
2213113979
2982682188
3099670505
3555791586
2834261895
330330600
1830395605
1115444446
870852947
745902404
1234624129
2483230874
655950303
568612960
1430790893
2077399574
1062599979
864641852
209279001
2513294674
1938679607
4241296856
3827247621
451511886
2266385411
718238772
771949745
4285016330
2058844047
33845840
162468893
919992710
1752724955
3482297388
3457827913
2579821506
371921639
576742856
403980597
2840122302
1253563059
1745736484
1769043681
741545338
2989103423
1232259136
83300685
1645147382
3699104395
3809075484
1929837689
1205694002
2736908951
3037297080
3674989669
714161454
22533475
3879710228
497366289
2202721770
724297455
1018059312
1536367229
3646196838
1867197243
3538360844
1432518825
635323554
797797959
2301053352
3487110037
4118397598
4232133651
2872313092
3911270209
1129742938
2654462111
1005987872
179711917
3393044438
2609997803
4225126140
3826241753
1196324626
2202574327
114873752
2584661701
3933824014
192876227
2793002996
388535665
4038918858
3465086543
3007918608
676548829
606179142
851021979
2722529260
3534875913
3178562946
3371071911
436018568
234886645
3821478270
769412467
2875205348
3485349793
3315949370
974804991
174487552
320699917
135723702
216966475
3798379740
1235998009
123269106
1037697367
573776248
1623189797
626653934
1088682019
1542844884
1202005457
569808810
3383154095
2496461296
2726803261
955580966
3105596923
2686834124
371231081
2176923234
3794154759
3805929832
1478576213
3437817950
2967539411
436877508
4032847873
4216826906
2158591839
2176563168
1455750253
2337449366
753636011
1999829692
3656583577
3610564818
682497207
1930452312
2058826629
1105920462
685674883
4146854836
2821908017
1294965898
761091343
3425808848
2294828445
1434903814
1959357275
2868714412
1002853833
1878710082
2802622567
766874952
1070901941
2778148670
1118273587
2762619556
3927947361
2292541690
415061695
720234432
2588191437
3752378486
1675636747
380844188
385707513
3793367474
3315390487
2707982648
1066184165
1122269358
919001827
1670641044
4259960465
77599082
3062137967
7297456
632099837
3549378534
1142612155
491016588
2881180201
1633282082
1870248903
2156411176
1655848213
4270448158
2357698963
4105710724
672415937
1841731034
1429069343
1257572256
775194925
2899397462
2250538347
2573166204
3470983769
792787602
3263056759
2436080920
316168261
3338559374
3388265539
2292572020
3655464689
914355786
3455345615
2491281808
1338903133
684063430
1902642715
3446896492
437747337
186018050
3209004839
2638859528
1783758709
75037950
601453299
2947288676
3780507937
116601530
886248831
3804829568
4012677005
3062122038
3557849803
1404011612
465290937
2715890546
4180307671
1651093752
1681011365
149993070
767589795
1239005524
2570274641
755452714
2290414383
2807396720
1774399677
3873648038
3003702139
235048268
2264062697
4268251618
1179124359
2180141288
206303701
2149354462
2314531923
1996349508
419225985
207830938
1652882655
2942441312
1170527725
3698962710
4194052139
370905660
1671412505
4180859986
1870217783
1896000728
2939305221
3748887886
2575423235
2259125044
1693829041
2389577738
2802725519
334360912
1646561053
3147747462
727015643
2909377324
1046832969
2827467458
3763940839
1752810696
171447349
3593243326
741483955
3894780452
2652961249
2454633594
890999871
699926336
647316557
443124726
272598411
756781084
1487331193
3496867122
1463993751
1425447096
2070968165
3175003182
814800995
445070612
843151377
1558988010
2523406831
1899977008
3012169085
1890640742
1755682363
4129327372
3632735145
1387039650
2505115975
3336054952
833513109
123795870
1676216083
2627425284
198853185
149793114
2943277983
2260920096
305521325
2282477270
2603782891
1629978108
4176032729
2664070674
241105143
3795678360
1552212421
2970245902
38115779
3706775284
3257817201
4139379146
1869267279
306295056
1686881245
3956368966
1699838875
2929684204
963645449
571395202
2567410855
1325759624
1548151029
2960251006
1987156083
701953508
3376462497
1014498874
2153173759
3078272768
356430093
1494782390
2335002699
4139211740
2390669369
3078649586
514186327
684671096
4060576805
1703834094
167248675
2707194068
2715052241
370081450
4142796975
99416304
130132541
783833382
2276528379
425608396
2436377705
400981346
1263849479
4009345128
1872337749
169289566
2502154707
558925764
158098177
1428542234
44792415
1758951136
3360141165
3712466070
1015528875
2923637180
2944363673
1237835730
1039101879
1956904024
3884992133
562231502
788536451
927074996
709601585
3508765578
2647265295
389624016
3150168221
1461566470
2719766107
4107602604
1542944969
292265538
940620647
3500995656
1564376501
3909674558
3713518387
276826532
3413457761
3610185722
1027920319
64038592
1340661197
2152814454
2006571787
3292719004
1040404729
1624815794
1309913879
1303619640
4105650405
3349147566
1152771555
1780057236
2158762385
2586802282
2161557359
3441318064
724174589
2662960870
4075506619
2071707788
1640363305
3352702754
387143367
1511462952
583897109
3187610910
1483041939
2161998724
3664987073
2731261146
3808090399
2908735136
1555708973
3387777622
1891346539
4046361980
1747084633
3823829394
1558881911
2012627992
3709102917
3600635534
175202115
22736500
2517481969
1063968074
1760304847
1788113040
2358017373
1531171270
611709211
1674208876
3065749897
3495833602
3426001447
758131720
3386823285
2511451134
4221877747
4158709092
3447618593
4097038778
1386582143
1182488192
726911629
1574165814
3359974859
1769878364
2817829305
2520169074
2756463063
4083404792
1883227557
1764961646
730499235
3229501524
663259729
3943543338
3403820591
4002642032
2726503357
4269048998
1293174395
3761830988
3136323049
2621153506
1733074311
670052328
1745503445
416858846
2825764691
4144115524
128902273
1671390874
2535258079
1813763680
2219673837
4223453206
2324583211
3718889788
3281133081
385082194
2316344631
4227091416
2312196101
907637838
1062822403
1727762996
3191114417
592443146
3348163983
336818256
3148216861
369338246
4011740123
2671739436
444369481
2024178114
607340775
1682908104
518514485
2351710654
739799219
4223234340
3088874721
3846595450
1731792703
2000242240
3158275917
2137006838
804204683
2049523484
3440558713
3780803634
2685378711
161462200
291572325
2416454446
3375754083
2957691924
2938747665
3395922922
735075567
1376540720
2995585149
1269381734
4176216379
3411408908
3447178921
2396443298
1791009863
944048040
470792597
3496226974
1073533459
2139005700
3655288129
3378565210
634508959
2093721120
3015808429
3765824982
