23237975
4011500920
3944324389
2107645678
852216867
3073619412
2850036177
1881996202
843180463
2728721904
3424119613
3724518950
1543371259
1193023948
1404697961
449059426
304335111
3484575080
2276981845
3611825246
2752373459
63503556
4113060865
3099004954
3831075679
2913254368
3442618477
630606230
4189251243
2093629116
196705689
3296771282
3059787959
1075437912
2462771077
3903006158
2190501251
330022836
650631729
3891789962
2774690063
3731600848
4149379485
390301958
2025176923
997547948
553241033
3889150786
3551802471
2872056136
1403346613
1659392830
3088995379
2821389988
2311171169
4279684346
240609983
4223200192
2083249869
2334024822
4231103499
1850506396
1054728697
2864190898
578382871
2945715512
844784101
554605742
3443699427
307607956
903400081
3841619306
3807615087
2014010800
3325118461
3137199078
504444091
2285802892
1971897897
3506490402
3721088967
262454568
3887919381
2546795038
2571662739
586870916
1066415297
3595172314
3249664543
1638009760
2828385581
2994270038
2667565419
1945807484
1776121433
741400210
1938087799
2709596440
2908752965
1167754126
4063930435
447325044
3895126769
3580648010
3553458127
1383855504
2404138589
3202784966
375937563
2213526380
2239689353
193940738
876682023
1057509640
1838592885
581837054
1558464243
2578502244
3450596641
445159098
2101422463
1616386944
2936523661
3747473974
2725629643
1649199196
651180729
2887980914
56296151
3050910968
4084459173
285137518
3167768995
2417982804
450247505
2206576426
214435631
213220720
893084861
884330918
2551394171
16830796
3505671913
2830319074
116233863
3075658984
449488341
1279504350
71944275
767861828
3073168769
67806106
1809649887
886250336
2014972397
1904563478
854293547
2310723132
1540239129
1774633042
1473500727
3365155032
3010821
3656622414
3831212803
3526313780
1995619249
360608778
3468379791
28308816
647412509
1243837574
1164555483
1307170604
604035913
2510593730
2980626919
847005896
821086261
4182093502
2094070195
4239287844
1261104609
654844026
1683859519
3624602432
2019850317
3836162038
3904428427
3065828380
988763001
2152978738
583489943
4054457528
3676711781
2469451822
204780643
1011941652
1905814545
227453162
109000175
1214471472
1576419709
1223133030
751036987
891473164
2528941993
2610655138
3159006535
2793188520
4255193749
2859212190
2681330451
535173124
2763929153
1941507418
3919245215
4277660448
2961118893
3497753302
3358975723
835371516
1112254425
3875693074
1108184311
2232613016
2549388741
3413016334
3283316163
637315828
1272925297
1240354250
1290523983
3016209680
1643247581
2528774726
3363426203
4246975212
2369750025
1607446658
3668650151
1162608776
3665009909
2087648382
849636467
2900605412
2868817569
911567418
711780095
445758208
