2101566567
962928968
1971766965
315267902
3612081203
3597436580
1195742305
3577320698
1372295871
2559505344
2184857293
3209276534
3910413323
750716060
3571370489
1295244722
1014141975
791352632
2721434085
1654842542
1048205027
1729708436
3019289233
3740220778
2752626799
847472048
3648630781
3072009190
2654854331
1030954380
3747851817
294556706
716076999
1629340968
202529045
2677230110
118103443
1187018884
214441153
814793178
318380575
708580256
4288161069
990394198
2901834091
3631297148
101867097
3612386962
1439827831
3311153432
2360308805
1746062222
2802208835
3589352308
855429873
3968148042
1740611535
968359312
8955485
3093817030
1286144539
1881686892
1385028233
230757634
2927117095
1438996744
2925534069
3562563838
1127870195
3573176932
1687672097
1794334394
2791133567
2528519040
2969449357
1313944118
998274763
3469168732
3275301561
300343154
3086756567
4294458616
3694612133
3864732270
1596979619
1407911252
1817977681
2848093994
3180212015
3803546992
3731606717
1033574822
1852299131
104683852
2067216105
2659780066
947437191
2505301224
2450001365
4191287262
