3941794777
573181458
3717810423
1947436184
2663625157
1696262926
3497847235
799012596
1165109361
4127947210
4126085455
1859764496
1050973149
838071878
3396520859
3878715116
1965940745
462576770
3222660263
3466562696
3380197621
3404097662
1337780339
76154340
3434646177
1986893370
1496261375
3126249216
2026602765
3525255606
1575133259
3083627484
1357940793
1076365042
3800575063
388845688
388910117
258408942
56054563
353603796
41957585
3282603690
119169199
1343031536
566393405
597879078
2096783611
2482459852
1465777257
2293370210
