4259117247
974463424
2858327245
2842036854
1207497227
2067862172
17661945
3994491826
11581975
2675376952
3571769317
3729457838
1878514915
64819092
3422300305
3392813930
1175758447
172823472
671843837
3049718246
3043762875
2964368268
504882217
1413042722
588127687
1344090920
3000954645
1102768158
2046894995
531613316
134419137
1989361626
3981344799
3609805216
3321330477
2955122006
3033415531
2370453628
246158425
1268966546
280178039
2918129432
620333637
3466193294
2681656899
2750151028
3033352433
421470282
3569714639
2460527504
1746238557
4258448582
361383963
998035820
879562889
3147485954
3527076135
3939223304
2374480245
2501838590
2655253747
148940900
1750977313
2181356730
410302335
2861191552
3138947469
3052113974
768294091
1031233116
3854424249
2032672114
50352343
743582456
798778533
2403418222
2429779875
379376468
1165465937
657159466
3205961007
4165809008
1685299901
289732518
2323389819
1562961740
2646699241
3071394786
2166252679
2078362344
1594532821
280466910
2714793555
3572464196
731755393
2486823322
1780981471
2972733792
844744685
3665165078
2672290347
2621467708
744148249
1977534034
493888567
3063424728
2959437573
922289998
3125139715
2070388020
3876788657
3667343882
98653327
1446161232
1270741277
3721763462
1989780187
606924076
3861707081
4090897602
1267765223
2102771400
687851061
1497142462
838772659
1632910372
1624951777
23750266
2034185791
2752725312
1616066125
1501222390
1637631883
907897372
3566924153
486465330
3520767895
616108728
1861003621
2021211694
2139480675
3989067540
3468151313
1973055210
1442595823
2203128624
3633086333
1832693094
2822428731
453042956
3855070633
4213175714
2036951879
2770412200
4177467541
2942698398
3894839571
2273766916
3811382337
2043564890
2291367327
4163576096
94164141
2326929622
958420203
327571452
479610329
633366546
3189234423
2326589080
1053430725
2725897486
803969987
2234188020
4252871281
2523730890
138404687
312503056
1366767069
3845271622
1505213851
1209845996
3232342537
841430658
2122380967
3845879432
3902839541
4025213566
1235229299
486510564
1504480417
161329210
2264691967
3731878144
1859035917
3788757942
1445728843
3102946780
2388970041
593191154
2885664343
946584184
4287999525
2679307246
114230563
1427348180
1081916113
927410346
562311855
1394127600
2299927613
2272142118
828920571
771268300
3874143849
3659786082
4205785607
1805433448
494685525
2475045214
3351469011
4080411076
930166017
420511002
257039455
1138340064
1954586989
4002940566
1427603371
651953084
1998489
2231880146
2439664055
3119347288
2632415365
4141646542
730340995
1828070580
818740017
2925571466
1386295823
1337060048
3724620445
2980611590
1101305947
3406587052
346229449
273549378
3117161831
2721902152
3374985141
2934763582
3219672371
3617760164
3146976609
1818147322
1751937983
3512754368
2068500429
1555472758
1044028683
3652764060
2480628473
2516427442
2419037463
3609862712
240612069
3400432046
2976835555
3628768916
864447377
2918294122
4168016239
3479442096
986740989
3717814502
147099067
2580552332
1374324521
3453851938
3014637767
789844520
692208149
4074250014
2070343315
2478642564
4046067137
599811802
2233695007
3959160992
1942302253
4092046422
2246929003
3389091708
3081992025
2104814482
4129785975
2484715032
1467850053
3655393422
2547736899
2659780724
2042694641
1144129354
465912015
1428630160
370929501
2700647366
1897935643
2428223596
4074320777
3893008898
204604455
4095354376
2270987381
2885664254
798441459
3976034148
2941144609
3144516538
72299135
3030683776
3666328717
2548246326
210233291
1814957404
633256889
1051042930
1026173911
817121784
2280781733
2133571438
3391457955
3274269268
9755729
3680099370
1903972399
536031856
1920701885
2910736038
3507456123
575100492
2542211049
269290210
321585031
256322024
957413077
3273379038
4258349395
2765867332
2568468097
194908314
818387423
139595872
3089791725
1214321174
509744427
2964757308
3826593817
3100101970
185564983
686933464
3142353413
2974219854
530932739
1168354356
2434391217
966861066
1517031311
717236816
3733416989
3504501126
3941240283
1022024748
738991177
3541887938
1148365543
3667074504
2683803957
3169078206
4084003507
2026900260
496914145
1217006970
23376191
2147254336
2705680717
555314422
1943270027
68360476
1154405497
2803066418
833585815
885666232
421870693
48936238
1538452835
560981524
3228044561
2168444394
3815538415
746983984
1960276605
4108125286
3976807227
1260278284
3900725417
2591177890
1205929543
3958768040
698903445
3121691294
163730451
575814916
2012878657
40467034
419330207
1889263648
3060828077
1506031574
825589739
1320912636
3858999513
2696965906
2934060535
1211469208
3574867653
2731465742
765863619
1309020148
4019678577
812513994
3310722639
2554128912
3691227357
522585926
1908648091
861517804
1358677257
2873425282
4048425383
359126408
1337683445
2002426238
640247155
1457151716
2940407713
628381498
3329028095
3945279488
2755909133
1176072886
3873357131
4113032412
2982915385
419882994
2894043479
2469124472
783368485
1537962734
819400739
3202230740
1270873553
560172970
1694461359
2631709168
1185156925
1903524390
2138160635
1477774796
899047785
650980962
1083297031
1692440936
2546507861
1299736670
435824339
3353374916
2526099457
4192379930
76027743
3164172256
2740409453
1439767958
2435295915
3620745916
3728662937
1595855058
2153753783
2175079768
1905560453
2486729166
3969755523
1668297652
3455696433
2321061002
3544313103
626878928
1934665117
696474886
2288747355
2546488236
2993171913
172150594
1636055143
609766728
2473067189
824354622
2727122995
584872612
3439104097
602693882
2049437375
1843896256
2017657549
346241142
2556971019
1395421340
3983885817
2655005106
2891608087
3147383096
4116055525
1328410798
3562140387
657730964
995929745
4253354346
3438615663
3635876272
2896260093
2701635558
1795750075
1290504588
797518377
786292770
2885505991
3653693736
3761345813
3004257822
1765325203
289825924
3181189313
2747895258
2049209887
1141555104
1939792173
709346134
3505952107
1068801660
2911296089
3718443666
3729253239
620780824
495824965
725866382
1196158019
4053931892
620809969
1763765834
3136355279
434219408
3375260253
1304064710
1906449947
1308012396
1628526217
1238786306
2748653351
1193575688
666720117
4294735102
56003315
949372516
2676674849
3585223354
55946623
1073401728
1912795021
1517731382
2066780875
4058037340
948674233
8334194
4026533591
3721554168
1507035813
1664233070
2430834083
2788290900
3892191057
392446762
2987232047
131412336
730826941
3243484582
1385100155
3982607692
1192801001
3965997538
4175665799
1785268456
530794965
3768320990
4064152659
977541188
1977465217
1910388634
3230897375
514838368
3691458029
2229807382
1130905643
975751740
4103836441
3322729554
3881490999
1107780824
633312517
3450926414
3899715331
609991476
2909577137
2928085002
1931659919
2106173776
3260866333
2844477574
807893211
4188326700
766984009
2210378434
2264974823
2106358984
2306567221
3114795710
2739355059
3016219172
263049697
2357572730
146156607
1495383872
2789448781
2773746678
1106746763
1694812188
2479798137
3380866354
4130364823
3919007928
149540709
3715640366
1900804195
1201108244
1784958993
817970410
1795733999
301404464
137258365
3491322726
2562960955
3174547724
2902784937
1495303074
1443144007
4136034472
853393045
2346217886
1875517203
1050250244
135469633
2514526554
3734336415
608739104
1364212397
3547483862
4214663915
988591612
339545049
2182903314
2052624631
2826579096
2531932613
2705314574
986493379
3881639668
3757912177
4232765898
2996263247
404056336
60562397
448126534
2260439963
4271023852
2837047305
2445198466
2579967143
2270180488
4116857077
4091891838
2636034163
1882271204
3324351137
1512504890
4043926271
1897688832
3922004237
1123748278
1602054219
5805020
3221131321
1125019378
4255872087
2393372792
1868092453
3284134382
1078663971
3609508052
2605662417
3411801770
245803183
2665263344
1195246141
2333659430
1617373435
2981068
1376650345
785544546
2988468231
501250152
3064001365
713465694
1553789395
3657875396
2096970497
26266394
2599031391
3969199840
138020717
1134965910
3408123307
1975542204
757810329
999413714
906037175
3893933144
1036885637
2343596238
1763652739
3865461428
4117922097
3022814090
4027492367
1900341456
4054587549
1056584710
4162743899
2155889324
603541705
227776066
719868775
3828329544
1748096437
74735166
3416056627
160580004
733090657
274073594
3809438143
4289388224
3511104973
1093390198
109179659
3617333148
1037773049
1994305714
87116567
1019502648
3118504165
3687409582
2292252131
3768171668
327086481
687108202
1940346735
373690544
2910740221
1880229606
2352571323
3120756876
3874737449
3879348002
3153522375
1077268520
128772117
4066807070
4084630675
2286662532
2640059329
1722725594
2085712159
3478486688
4119106605
3276003926
1173340267
3731082620
539376985
3693934994
2031369847
1352858648
2804532037
851627662
1579710275
2369201780
3867972081
4159427914
1648932559
3503827088
2974602589
1947748806
3339716891
1663934060
2937420169
1358833666
1227110951
3555386376
2661952117
18164734
3380729331
3685422436
1762874401
1087558074
3314034815
1015877248
2978620045
1839617334
700792267
3197070172
1311015353
783594098
3414286807
598509560
3577814437
2874451310
2500698275
2947973204
733176401
1263184426
818595375
2683514992
3215948733
3167026342
3204079227
2927113292
3698742761
3155663074
3796383111
2101798888
1119984853
3644340958
790026067
2234017604
4059020417
922377882
3381366751
3830025824
3455049965
737302
3193596715
680982844
2381182489
229497682
1649554743
4057531352
532588549
4231457870
3299375619
126863924
1812685489
2840129290
361871
1049569360
658395677
3620740998
4132463579
1247459884
456024649
1975417282
3275415783
1447156680
361447221
3213343166
4052584627
37464356
1728664801
1029528442
1060349759
528678464
2672676685
1445632758
2080852107
1223849756
4053441145
4098913330
3478993047
857763768
1849320037
2015470382
1884357475
1346044948
4239168273
4095648746
2630939887
597954608
3264305277
1861333606
1533679931
1632448524
1666555561
2804599458
1406417991
3033776040
1151275413
2495326366
3393055251
3428637444
3279428929
2754857050
2304274079
53567008
104590765
1740400086
1193530859
3357140220
3611455193
970226962
3497716727
2608515992
3024899269
231524878
123681987
1093676532
4272878449
1778632906
2147816527
2183784464
4164980445
1205974342
1218412187
2579994092
4177791753
1435798402
669796263
720671624
160764917
3582723966
1585445747
1493433572
3461617057
397780282
3067209215
1615638016
1867660301
1215865014
1879577419
3397731036
3908924217
292681202
1334005591
450893688
4052510501
1206935790
3844810275
2380744660
1596621777
2771410346
3464094639
1226354672
3135501629
1146628134
2219348987
373418956
1817290601
1647557730
4284154631
2258392936
2852472405
2595280478
1068219603
430509764
448085505
2686120474
2188905823
3284987360
3542661741
672615318
3003908267
4037841084
484681625
2321604306
1649304247
3712504664
831697285
1296328654
1359789955
3856159156
3610723377
2614911626
1493656335
594044880
2299759517
1645021958
1086151003
1966354860
2572579785
2319473986
3321392743
3519220552
2005379253
2564953406
3944295987
2076446884
129209953
2711334650
1394795711
1990860224
3059181773
1381000822
948411915
1460129436
3037531129
2413377458
1253320215
1252753208
2348231653
3766541998
2119960803
4101720980
3958191249
2688538474
2625999471
2014384048
1835487741
3132644838
475385531
3507906444
2821353513
1727163938
2476509639
1382068008
3484695317
551011358
3391115155
3905749636
3227983553
3698318298
1001024543
2111585696
695617325
786166102
2496850795
2517564540
1066508377
3910336658
1988925815
117545752
609343045
1616758158
2356216387
1632122228
3999552753
1620229194
3251401167
1779083152
4269230173
2215780550
560591899
3227553132
216374409
1837231874
2887734567
2322416392
472055157
524935934
840507635
3325813860
1005049633
1825536186
4209419135
2589674880
3374142861
1097985078
3360024779
3258587740
2525586617
960903538
2142223575
4064454392
708489381
3348307054
2258873251
3484880724
4222920017
3876393258
2645819695
3628937072
1591439037
265442214
3327248763
1435149132
2275408105
4012302306
2136526983
937477864
3530289109
485519838
1683726931
1971893828
1028505473
3404891546
4222585567
1226788192
3185873901
701126422
1060673067
1812015164
3758905625
4289389138
737513527
677815000
3645487877
2899895118
1682703619
3745503540
4243989937
2582042122
2970894479
1573955408
1026278685
3417372294
3982839515
520923436
611419465
421085378
2837511143
1421032136
1948717621
1048801470
2386547635
1412134948
1404098529
3406889594
1423778367
3273669952
3160670797
2744988150
3523408779
2682005020
2385673593
2541288242
1832260503
23432888
2031547749
1122441774
146935395
727356180
2806044177
995625706
684011503
1368198960
3556789117
1097206118
3841754171
660512524
997343657
4103147938
4048541511
383557288
2397856917
1153097630
3374167315
3147573764
3660128321
2640506714
3376900511
4250279200
87269549
2258795734
3304915179
3863155708
1595134425
937985042
1632192247
288844440
1564106693
1484112142
1130219459
1266629876
2074916465
3919097802
3718172495
3329910544
3924885981
380210246
1735354779
4109927660
1891249673
1724273282
1270702759
4032098952
3159615221
2353970814
441271923
22203364
4157511841
3458223162
3351666943
2830691584
1693150989
3331471286
3363749451
1135473116
1556633145
4096883954
1376201303
668219000
3846961701
1480382446
3480695075
3542472404
3344025297
518046890
1417223855
2341514992
3516262461
221478694
2601910011
2320653004
3026274921
821101410
3628178951
2400466536
2717227349
234294622
1931904979
1992777156
2679718145
1166088474
1798441055
843099360
874737005
1931764374
4175440811
949272508
3714583193
3146507730
3041377719
1362358872
2095301765
1223974606
1415989891
1371955380
2739406641
2976401802
3190562319
734521040
1770454685
45867526
306725979
1709449388
1115657929
4031325250
3803482471
3708971592
4050222005
1584122942
2969663795
1769070500
2432768353
1203590650
2053267391
3269811392
1467194317
3088121206
3732490507
3245309340
2198531833
1496301234
753074455
3578699320
2610544357
3444856238
1703089123
1389943444
4104615825
3546758762
4153396591
3994554032
475809021
4042962150
3411950011
2183517836
2737640233
503756066
3807257799
4689448
1749519893
2925853470
2637568659
583684484
1455301057
1963786970
1747937055
1067383968
1064565293
3708815446
1839339115
1454779260
1003029337
1951729554
2259743863
941373976
3305498949
605338766
2183499075
1574257780
1820858353
320185162
2306616527
3581486736
3769482077
3987208134
816832283
1435466860
2860629897
258061826
2093379623
1521197576
3492270197
3399129598
3978062835
3897078628
1208506913
3383238586
1399922303
1231391872
3904669837
1171882806
112366539
3974154588
1102727097
2419310706
3163133911
966051320
2294301605
669881198
363181731
4130578004
2281826385
1521186858
2831760431
2699243120
957571517
712747686
412431483
3533247052
2023070697
4119996130
2148887431
2318837224
4272046805
465873118
1108110675
4217701700
2281161345
2647043226
117409247
1026624608
3689236205
1915055638
1979892011
4100413244
452377625
201582930
4098157367
3585098200
2187382277
1335286350
2002489347
2607540276
2418862257
4032871690
911145871
3410896464
874854429
4113419654
3311811035
1740281900
2038474825
3721398210
3904050919
1759549896
3578717493
2795186110
694034099
2576828196
94657249
2778769786
4189232447
871988288
763770189
4255893750
4092239499
1505875228
2576769145
587039282
2142957207
1147579832
1501530213
2915602734
3936295267
3371573780
2585860369
1986884074
3202706159
2343702064
1820016253
3077988454
3850039099
4285271564
1700455593
2975029410
3732369991
211910056
1103476629
198579870
476676115
4233591044
2082874177
4050523738
1315071135
45538336
2117555117
2686751702
616705003
2238202620
3685823705
3965225746
3703808503
4189063576
3249828549
4047157262
2663928515
4132064244
2264299889
3943274186
2070186575
3573999120
145585373
4144849734
2469090459
2454508
1077694729
894704002
3040509351
3346092424
1033812469
2284680574
2156302707
1495112420
1922374561
3982947130
3555122175
979446784
4203782669
759680694
417425739
1540530396
1264531769
1531773938
3040281943
2776913272
2056752421
1688555246
2939108387
2531288532
63244753
2825726890
1352948143
1447341552
3142835005
1437259302
1422879227
1281280460
1513942377
185223778
3973331207
659035496
3463572565
4099490910
