2746029311
1395134720
3639100173
450952118
2526458443
438130140
1716021817
1806336242
4274282071
1680333432
1289965093
442768366
4102923555
4219583188
3033815761
2843363498
1826411183
374919920
538426429
2017674022
1996157691
3257581260
2251710057
2998601570
1360777735
3068189288
884075861
3204403550
1604975571
766263748
1613812993
613129498
3545414751
396480736
308953453
2838832790
2312249259
3491111868
3771866777
535226834
1971253687
649696856
2550470789
622699214
2543238787
1567900852
3354696497
3307457930
1498010127
1979845328
3704803997
3356337670
3481745499
3947791532
817801929
527771714
898153831
2995850824
1110429621
2985693246
2854153523
539542436
4213353825
2154420730
4223472575
205029568
3036966861
3773022582
256195851
1392697756
1700725497
1265418930
764687639
2365997624
524620517
4102003118
1137543139
2597895828
3581807505
826589802
3798434159
1623470768
158472445
1636727014
2264346043
3458349708
3537250089
3683957026
2092718279
209203752
1813504533
359743262
1609404051
1918055812
797554113
140216026
264510239
2514755744
2974731821
2309278806
2605189739
2606468988
1644631897
359926674
1960585335
2600853016
3862641989
1195507854
4169793859
3139905652
243837937
4229244746
286122191
1503087248
479039325
3665673158
2275595035
1629347948
3230978953
3159472642
1250862119
2794341896
4227998837
908647934
3060654067
3919812452
3565022753
949527482
2923418239
3583815808
2212584589
2268088118
238192587
496512348
2430753721
2167719026
3308178391
2427480568
4236220325
2015156078
2703501987
3252126292
1881963601
2412575786
2585063471
2675135088
415053245
3834867366
669132923
381253196
2584915945
1927555810
4007108487
2664122856
1200002773
4241812702
3472351571
1200744772
2367116929
3914936474
570964447
2824482912
894704365
3644731926
3025974571
3392191292
4161327129
1843850578
3294895927
3925730776
2108301829
2110266958
351536131
2925644852
3280043185
2997109002
3730091919
760236624
2358840349
1300730246
705506779
3714907180
1265089609
2357464002
3849276135
1327971784
2956802357
3995954110
3068367539
1234578212
3362647777
1322593658
1643467071
2803146816
1514080589
2609286390
1176408715
228407580
3918689401
2529330738
1146364567
1592152504
2438126693
3942372654
391220579
2084439572
2644487441
2261972458
3936689903
3123065392
2461602429
4279379046
3162235707
531657228
212596905
1919507618
3593315911
1301946792
2747141013
720001694
1737028627
2837994756
3248076609
4182022746
283056287
650379296
322578349
96557014
3889176555
3495274236
60246233
2466221842
1121375735
3814829464
1796327109
4000316430
1469368003
585379828
1604259185
2324765386
2011053647
3102542352
3518318813
4276823878
2038843547
3288061932
1643603209
1774984578
2498408871
1813771656
2611023349
1875097982
3326084467
465600228
2142416801
3571414842
2107478015
945836032
215840269
1806078646
701062475
1993475292
808406329
3587573746
3921951063
2808609144
1249829157
1390187246
1897246755
2513193428
915906001
2551623594
3940027823
1486672368
2082844477
1858771494
1736728059
751250892
459407721
2481213026
561933575
3097803112
494813269
359762014
2757805779
1389793476
3587233793
702399514
2735257439
2833354720
2143351917
1022246294
140659371
3783938748
2775744921
2927489234
2398375095
384906584
2066885509
2130287054
3945548163
3295564724
463560241
3852186762
1416269071
2217576912
1352811933
2355657990
4174259035
948597676
1426312649
3991531330
2814433383
2100063560
3136135861
279693118
3208853555
4225929892
1661743201
2625077498
670600895
20955072
813474509
89151606
3958564875
1828098204
3849905657
1211058610
3024031767
3656737080
1422108133
1971261614
959484643
2588036500
3553906321
89663850
1903017071
3801559472
2579696637
2977746918
196843707
1102948748
1995754025
1360330786
2139747271
1068175656
294073621
4062869022
3225377171
3227288708
2457647297
753184218
1598363167
2255675296
1873314093
1820648278
2832414059
4052663932
3193600601
2854359698
125600631
3563879704
986402885
3575969678
3128593475
4274009972
4031278833
3850636874
2864290767
3604072848
773849693
1405063878
3936665115
517525356
894236297
1922924802
749846311
3256395016
3403872117
3869611262
1017981683
1169974884
2604298529
928860858
1204178303
963833728
433885069
910417462
2136683211
3284851804
1244610233
3079555954
1652860631
642681080
2632002213
3634581102
3126998435
3579842900
3457531729
3495387946
354822959
2144686448
1884367037
82363814
1273074555
575923532
2418299625
3820712418
1594899079
40708328
2627267029
3067421662
3051662419
762984516
2153601409
1947817882
2354328799
3610767200
2544946669
1111836950
467853355
3022187068
4010750745
799798354
3408886327
731088088
4137497861
1454511438
1883213571
4254718772
2522103729
1812604938
1904962191
3097086288
1324252957
1924163718
1372199131
447146796
3549617993
296145602
4068304359
983604424
1212222517
3346080446
2570968499
353237540
285045217
4149269626
2210843711
3636059968
3720166477
2353079286
2529312139
252635164
1595037561
2914192690
1934949783
2083745976
3482808165
3255389230
4285175907
1390777620
1042018321
3134479594
750868975
404173104
1150289277
1724808038
2327203387
1380573452
2544933801
1167565730
4006691143
3769303208
2608029333
422678942
1074839315
2515512324
3895638593
825999706
821433247
1928380192
1822022317
737111766
1951484651
2634470908
2555423705
2832963090
3100455159
3961932952
3144145349
694219534
2000376259
2897952500
2256851057
451805642
1604319567
4047866128
1473100765
3338337862
