2075005157
1225293742
2422552035
3957363860
4163365265
1348012138
1616056175
2119067824
3774535421
1563696870
2223283131
3324301452
414958889
1395769122
3055134407
3242797096
3803734037
1540072734
3978869907
2963835780
3223524289
2845396186
852175135
2329138848
1778322477
827060822
1843984491
2858132860
1405891929
3563753874
1992619639
2481738776
3807591237
969795214
2101915459
1881800308
1190234609
1339845962
2383441615
2504818832
2655341917
881222086
3258401051
1014724204
3558437257
4278304770
1709371943
1055538184
1655808629
2806399998
