545005815
1403550872
2351188421
3348275982
2078360003
1992847092
3125821553
3135418826
757918031
4178426128
806890461
1533193798
4200735643
1265104620
1573845001
1934660738
1997454503
1465025672
1096831221
2586583166
2509717619
665877988
2709299873
3186806330
2269313791
292077312
1166350605
35379638
1997011019
2009195484
2520227897
1884569330
1796670551
142493816
3541754917
3069884910
1495771939
196610260
3366605009
4049323690
964966575
595394800
3007451709
900571430
2765469947
2536164556
3133871209
1691108706
1219491847
109758568
858194773
2008379230
1054704083
548278212
2371635969
1187289882
325821023
3129573088
2776766317
2259616918
91645355
1632743868
3647755417
2000660434
3467941815
1150747736
337096325
2144551118
4257465475
337744564
3117781297
3046394762
2939435023
764229840
557328541
125240326
827653723
900043436
79585481
2348115522
3737117543
4186045512
423617973
747318846
1000698675
862032292
3038323553
2867976186
567867839
2403806912
873940429
3155992438
2275181323
190148508
2216966393
3035922610
757914391
2414522424
112371941
81016750
