2466599867
3288213644
768949545
1129109282
185196231
1070333992
2305644565
634141982
1136686227
2175591300
2959838145
1964467418
499278111
1907469984
2673017901
2472512086
259502187
3018521980
2233707865
3886786962
3097702007
4001704984
2059809605
911507086
3366872899
3282327156
3677880817
2738914634
62236367
3674232976
3900130653
434108870
4065589531
390123116
690940297
2531842050
2284792359
3541636104
2871171701
2412960766
3443770867
3257156964
375047201
1947435450
1441863807
3514908288
1024496269
68814134
365243851
607034204
2488922553
4195050098
3641233879
119977976
3247803813
1077826926
1896583331
2033954900
680972881
2977389098
1596962351
2729664624
647097277
518302886
2327203451
1487103052
1707591145
400181474
1296770439
2282559464
1978797269
2941119198
3796944723
616142660
2507091073
991104666
82608095
4157980256
1462653165
3369529366
1221745451
1783507260
2438686233
3302787922
2043749687
652948440
3234535429
242785358
236874243
808254004
3441873585
1984798474
2002941327
3320272976
3654861341
1648873350
3733214171
916318764
2411188809
324610498
2520109287
2023754696
192130869
3371526590
1346336947
652532004
1556137185
3192785786
3784087359
1034366528
1111768909
3176024822
553072779
2999035676
2386561657
3277268018
752101527
3318390712
1610535525
4089140014
591328099
2750428180
503317265
3556463594
421913839
3147055152
3705915517
2378261094
3692431675
3685244940
2669088425
2996664994
3402050631
4207538088
2571075989
3179370654
3496466963
1109265156
1734839617
1308391514
1319722655
3085798944
3739901357
3644331478
2190198251
2785088764
3911179993
1286810898
2951338999
2545744792
2462629061
3737025038
533015747
2348637684
1010459505
146307274
3176268879
3065124880
2521497309
1728668998
3720572571
3996829164
3623713545
4208933762
2128033703
2692924296
1491960821
162117502
136440691
3957140708
2088469921
2522240314
1528485375
933289472
2579016717
810307766
3186099019
1753510620
1276306233
2485691890
3974774615
2361018232
1489032997
1513754862
1594431011
2613868500
351138769
2931625386
2294207407
2788745200
4171654461
3487029286
2850325499
2429361100
3397588841
3444993122
1916662535
935495528
2417342037
3324413534
2294656211
2509913796
789884417
2677252634
3250126175
1236868576
1799826029
4064476054
2405691563
2596520124
2905675673
2834271954
4188885687
3501884248
3179225477
2363889614
677556099
2195030452
1630712881
3158381194
1279546127
891328464
2190343069
3320101638
1926318427
1641505196
1388307401
3879406914
2429771367
3397466952
2421168309
2813314366
3484098099
2899132580
3729458785
3454820090
3915109567
925781440
3626883277
1792284278
525831691
1496776348
1318222841
1983899570
403379735
3417681720
3634076645
964333230
2938763491
3968891796
2787157137
2205976426
2226815599
3395370928
1050264061
1659375078
3605118651
2077333388
2563498025
3787791906
4067391943
2662784808
3073682197
4278023198
1177173907
2599301764
3040251585
3784870874
3839581215
83389856
4043618093
28811606
35314539
1012280444
3192852569
3276910738
3051063671
564382488
3450750533
3199169934
313979459
2155177332
886031601
2997316682
1526292943
2297616272
3277961309
3701067974
3765298203
1966325100
280956041
841785090
3672786215
911962888
1851485557
3100087038
1100681459
3312784484
2867808033
4140837050
1930400639
1947172224
1382270349
983931958
939907275
1486441052
3598636217
861727090
1828105431
2994525944
3427737765
389860462
1583455139
3791404884
710415697
1408876842
2748903727
1338859376
863887037
2226258854
97368443
1618334540
2058447081
698978274
3122380935
1332147944
727474133
1573265886
55939667
2379867716
2190290817
2244687258
4275075807
23821664
618857453
3042314006
762349099
1048074300
3174680857
1167692370
53772343
2587415256
269888261
3654980430
2306995459
2963081524
1876006321
3450570250
3761320079
3119044432
1032205597
3370690182
693714651
3423590700
3803903305
4118016194
735833063
3822152392
1875870261
313598142
3098657715
1368696868
3408414689
1656861306
2666926655
3859049792
488272461
763421174
3132285835
4201338396
3835161977
1430235954
1785529239
818921144
3768280421
960547374
2003828323
2278540052
3126085137
3790912234
1020927983
507330352
470989693
854964582
2573759547
3262762764
2700325289
2663629218
4160931655
697487016
3377255573
2554367902
2064098579
1780308484
3755511873
3186335578
374888863
382881056
2074218669
2061380822
606400747
350897148
179388889
2575774738
3229103863
171547288
2440482757
69693710
4152604611
4279004404
2331518577
2936889290
2460729167
2411894544
2512089565
1754348614
273897883
3391861996
1500749321
181469826
308826791
2460164744
3513538293
1261203070
1336882803
753662948
3887466657
595655738
3553579263
1154292992
219275021
2435180470
438218315
2456625628
966641209
631778546
1328421463
4134430328
2185259557
2772862958
3306496291
2848655060
785725137
2938991786
1719537327
3715161840
4246231101
728968998
3027365627
3852307148
4233280105
4208178018
2598669831
3438962280
767953237
606911838
671119315
3950546372
3587748097
2075773210
4063426655
3706510560
704765293
2148536982
3103267755
4083937212
3346365081
3906639314
2355539383
23470680
512767109
592842446
2273065603
394498228
3204675377
3096246666
3911781903
2453673680
817983133
1498649094
404501595
2470924460
3316188873
201577538
3712973159
3264256584
2414996405
3086580798
3780340019
4080734116
1767410017
181274106
945508287
136940736
3070888909
1934929270
2299083019
878620060
1448107769
2924900018
435810583
1931005496
3724422885
554567086
3524330467
3551398548
547022737
4251184746
4152671599
4113055408
2605626621
3958007014
967453115
3449882252
1032749865
3080283426
1367413959
2573057576
3045588501
927640350
1157630611
2376827268
760058305
1895150298
421549855
2876976288
616720941
2997598294
2125071979
3451739004
3561386841
492025746
3317687415
3481168408
1143101765
3710282894
606829891
1707242612
78874609
199906122
443096271
153179792
861416285
4176455622
2205404955
186821740
941305737
1389127170
2605801511
3009008136
1746944117
1859668478
140401651
4318052
2026883617
2858995642
3009023615
1742322816
1875048589
2714579766
4197614539
3019897180
2070919097
3104469106
2307950551
3599693304
3767841701
844579694
3911427747
1362677332
3898955857
3461883946
2259561519
2367905392
2071318973
2988137126
3419481211
1044660812
3580300265
248829666
2325240711
2927416808
2102571733
3344586974
3435552083
2356557124
1861694081
257907866
3521148383
2587704416
547600109
3228638742
3355095339
1470007100
3521391641
3769801042
2336480055
2218947032
1324170757
2539162190
2018607107
361306164
348674225
2330291466
489417615
4230370896
2185209885
1696955782
1427778011
3581790252
2173311049
4176132034
456001255
1690225096
3602339125
1166596030
529534643
1874884388
4275817185
1410423162
3951791423
1537059904
1274848589
2857335030
542805643
2769356060
2847658105
3481547314
481418903
277929400
918812773
518144302
353175907
774590996
2666826001
3821674986
1790597871
2367831600
3796741757
2076577894
3450265403
3142008332
4103885993
4198893730
1961517639
3960974760
1642473365
2317076126
2048094227
3818432772
3818230593
2293679706
590566559
2163412000
2456142765
387990486
2812943339
80704252
554607833
2629253906
3149042167
4017240472
1269883589
2007787534
4004397763
311917556
1744955761
3611182794
2821814863
856626704
3258442973
2075464518
1338983579
1444455404
850772233
3625896322
3953487271
2524938632
410462709
3519751550
1101562227
494324452
2755431329
428319546
1202703359
2603965440
544674317
3667623606
1849776459
1532088540
2717165881
998487026
303953239
3504244088
1296825637
3966697198
546122787
910530004
487094737
3212434346
3127462319
2632244720
3566619453
111838758
1642813947
2288646604
2347654505
866974306
4281805063
4058924392
154709
4115592286
3349627603
1322441924
2481501185
3468423194
3554210655
4150041568
2932379757
3833145750
4034414251
152051388
3800423833
2065800402
4123789495
2697838936
120407941
1675757006
2986460547
145596340
924858929
1387585674
842647823
899388880
1476452765
3663620358
4132642651
2964537260
2623416777
2317916994
1534563431
3361470792
706723509
1767846718
1231533107
2770656932
3518106721
3431705850
4001811135
2657143744
2180136653
1081164918
380036107
3934411932
3839508985
113833394
1754582039
2268589368
1357693413
1623030958
2523139811
4115110292
4217449105
2737263978
1283127407
606813616
386902013
3498621926
1801360571
2842457484
1276978729
885632034
3627986887
532716840
3026669845
1051976222
4030846355
1239732356
1219531969
2469321178
1787908639
1429859232
1787567405
373018454
891629931
1478527612
4144617049
1706147474
2555395959
3893692696
237136965
28926862
2903246915
1670087540
2061716209
520698442
4060403663
1267455376
1750769245
3739320006
2338699803
3373112172
3477295753
1757949186
2036628263
974401800
3362853749
570753278
3515721459
1653256804
2952547617
4275926714
3335555455
2631924608
3308137357
2844838454
206253771
643999836
3006044857
4212389746
3738591959
1667044600
778454693
26065518
3243356579
3069271380
2461965137
2425524010
3081725743
1253399920
779732157
388018598
2361429883
3792613708
2783489769
928783842
1858139783
2504963304
2614429141
1544196062
4003670099
277775428
2326607233
1204781978
773615839
2991258464
2054187501
1512584470
3362839595
2780870204
4284124953
103260242
3254728247
3574075608
2907721989
3069346126
2324499203
1324427060
3960150961
503010314
3729958543
2090849616
3624213277
2801685638
298259675
1122481964
2619685705
2378006210
338436583
3949471944
1881876533
3514601150
886725043
1902659108
668683745
37552250
2001537087
2389896000
4276803661
2746879990
32389515
2729620508
229356409
2720315698
4087527831
1426980024
2457373541
346011694
2887128163
2265112852
4225813521
1232832746
1388746223
4165156144
1603576189
3627181926
684804667
3054546188
3390109609
891572130
4051565895
844663976
2467003029
51576222
2106276627
2660235268
2728302145
509472090
624578463
3863989024
1396012717
503208662
3172681451
1706074620
1547175897
3326296594
1368976631
929487000
4051105221
2840420110
3041185219
3063843572
56077425
4048235978
2917348687
2425853200
1270896605
276097606
1278685083
2181141228
2479088649
3536359554
3129903271
2618810504
1577975029
226876542
2383268979
2910689764
3792637601
3899279930
1723614975
718904064
65553677
2091718070
1783628875
3006431196
3038219321
1169898226
3854159959
202024056
3924004901
2679338478
561067811
826025172
260553937
1336033962
880837807
3566525680
2938125885
3514686758
1649460475
1764911308
2840985705
3890364770
1328923655
2526946408
919252821
2844601182
398069203
2947099588
2571417345
144316186
380300895
2299026144
698041197
2407415958
3856953771
3417329084
778191001
3485770706
3856491447
2666618968
2807454341
3196714190
1475563651
1179889332
4186504497
4206413706
3614868495
255005904
676091037
3104129030
3178629723
2853908140
115297481
3517538882
3142299495
3420674120
2396623285
736160318
