2062952251
654173708
2614287529
2050683042
818555463
673502632
2491494293
2838179486
1498134547
2921615620
966597441
793292378
1661738143
2795844640
1617021869
3223104470
4125844459
147856124
470233
1032200978
4272183799
862544280
556657349
3895840782
2367195843
2125276148
3993727345
3119132362
1365000783
1575697936
2404773085
2775284550
1132629147
753093612
1106266377
944222594
3257480615
2229315976
3512087029
3662581118
868534643
3046535908
1657279393
2798488378
4138505215
3183182848
1027021325
2609637046
736534859
3748034780
