3107465491
3408662020
1028633665
2035315546
2062491039
1754415392
4053365933
3460710614
3429233899
3956242428
1527571929
898009106
2615638775
670568088
1247458245
2022835470
3420797891
2258116852
2865252977
3203871690
1073972047
2035256080
1864095197
2655932486
350576027
2536368364
3074966025
2348111490
1320720039
1104057992
1524185845
3968598654
176274035
1848946660
3290377377
3174027322
4264039679
3982954752
3357229837
2457336758
3544298059
1355568604
3878382137
1764851954
2829016663
1179048568
578178597
2228952046
3331892515
135314132
1377262289
1474381994
1377292975
1012388592
2819275837
832193318
2321937147
1620688588
3420020329
771884898
3719746055
2629818984
3137662293
2738245982
3765763027
2583380420
1513346305
145923354
4081957983
3110129888
1662861677
340534934
603791275
3326419900
456466073
2297293266
2497311159
5805656
4279769221
4078215886
1998700163
428033204
1320655665
1326108042
1678037519
2206272208
642110109
1424270854
2691840091
691897516
2413931209
3862702146
2544090471
1878003272
3120746421
3651997758
2557078835
469222308
1051045217
537975290
2704806847
1970766016
657944525
4286234998
3337633035
3367100828
423756537
3757294258
2188326167
505758264
3621262053
3858143662
4040722403
3328687764
96537489
1454097002
3533865327
365114032
3563395325
2179299558
3579981243
1804679820
192489257
2916858146
1951881415
1633104424
2506809877
1084768030
2075692691
3181524356
2089596353
595756762
4206828319
2258837664
84004397
465292374
812845675
1351257980
1332352857
2507869074
3208063095
2745490968
2957917509
473497742
857014595
372648052
2823531505
2096899914
2798182607
1981172368
687902557
1314175942
328061723
504160364
2461520777
1511569922
2544477223
1391281672
2530550901
618651134
3216564211
1148360548
3942706721
2403312570
2663043711
232501376
2031377549
1288128310
1088260043
3527880028
2009422777
2897986674
3305753559
3503254008
2551355301
4036220782
690956963
208044628
862944337
741604394
2505044015
3815920240
649082301
1810525862
2974623867
3005773388
3317018601
2620074722
1366466439
1655327208
333027029
1863052510
2244141395
1910565188
756700801
998256794
3624090079
3893964896
2349275885
2455056918
1149744427
1046461244
2557202457
82701650
968826679
563930584
2864521733
1505697358
2860450819
2825964596
1883536561
713769226
4279218063
1489979984
1544293405
2824769926
1895312859
425458732
2425011273
21695426
495602407
3934666184
1846556981
2749655998
3677262515
56961828
2985357025
1551641978
2641383743
2924716096
3530688845
136154358
4090073739
21772572
58029177
1497990706
4012843671
1308971448
266722405
3933394222
2052885859
3855418900
4091718929
2587489770
4041219823
2368025136
3819704957
3983090790
2162615099
3139400204
726595753
4071644322
2747835975
2155422120
319884181
3827391134
3109286931
2994167044
3030169409
2188089946
2446989471
3045261344
1827481517
3856160726
1929060331
59025148
1459243225
1090948882
3811694071
1241558424
4213491397
3513187342
1210042051
3153276916
526519665
4185397962
597245519
4083943952
1680361693
1086465862
2071021723
2129319916
437937417
3046317442
3087380903
4135253384
2087980533
3967465854
92996979
881819364
1010151329
2575726394
68718591
245321728
135296525
2134741686
1383357771
2843804892
2098351417
794626034
1067399511
1166473592
2886852901
3646132974
2938155043
509299156
534420945
578662314
4229107119
3130774000
270053181
3290536486
1726963195
3342216652
755302761
1798000226
1511615751
1518582120
802242645
363366494
2435565267
992317636
466868225
3926180890
4009998175
2258669536
3698586733
1141194134
2391624363
3552137916
2882896281
1938092242
1515146423
2895131992
1850026885
1760598478
917981571
4236071860
3999555121
1266857098
2334493967
3450636752
2786411933
3040836870
3048809307
1920562092
2150026697
280031042
3051083879
4136332616
3200295605
1415759678
428750899
1941017252
4069470305
404652282
4185099967
2793324480
2930746061
3219609718
2409490443
3735392412
1700521465
951470514
3038384151
655647032
2572592613
2197164206
1379635939
1104235924
1343704721
113191274
2376645743
3549835696
1890978813
1842597862
1176934587
3677137292
2073545257
2136735778
589624263
1351225640
3336189205
962688542
1208637843
2276164740
729790657
604745178
1983911455
3006390176
3478880557
2593907542
704525675
2730344060
2008906329
2250838674
4258759543
2567666968
2430488645
3323721614
1627753539
3587127156
3591073521
1114312266
1819581391
793823632
1184039517
1670812358
1653587483
3620196204
3547330185
1818525954
634175271
712484104
4055234421
4049376510
2985831155
478897764
4257050913
1778666170
1682001279
2914119552
454004621
2547703350
2651206347
1954143324
4245831353
1058360178
241149655
577603832
3295947429
1830440558
2926392739
2616136020
3713580881
1220436778
1013001007
4292104560
2319722685
675268006
3243021179
3133334860
2277987049
1761767906
1839938183
2186029288
4109101525
1158423518
3635391571
3553179716
1818253697
2722125722
1850684639
1391914848
4200844781
2539407638
2551046187
609348156
1534210841
582153298
3968498231
523404504
2947560709
1319703886
1909100291
1940446004
2400665521
3220252682
3192285839
538495312
711032605
1770481798
2226460891
1385556780
3837124425
3798848194
3600311783
2449448136
2450787381
2569544382
696835507
1255995940
1182822881
3774338170
3946957887
469294912
1643134029
2497192950
812465547
4273858588
1156929401
3426356530
3392142743
659714232
3660214117
3716172846
3463813219
947164436
3764318225
2856017130
1593596399
655765808
2709718397
4045765478
992038459
3921207564
2186517417
568239010
1751925063
3481927848
2529582741
3999830430
4259036947
457092100
657832513
2523054426
3723563935
1034927904
3528252077
2818993878
3950791403
3426080252
3082005465
3001194002
86520055
247811224
3615152581
676852494
3552989635
3251257076
2454179953
1708458442
928708943
1740933392
4131437533
2765225542
3739825051
1185138412
1152944137
1284301954
1459539111
3974321288
3701137653
3783618686
2600489075
3664137700
1972908705
2394496570
4113894143
2836631296
1477552397
77539766
3113420875
3509695452
4257558585
702844658
659231831
3850573944
1194947621
3655862766
2098510627
3810646228
837411025
2901808810
205146287
4045132016
3140657725
2252665126
3596929275
2882444492
1543283817
1672516962
36177927
3624114280
1227461461
2872491870
844009939
432791492
1690295041
4063423258
2347086431
186404576
2346100589
4200223894
4144592299
3458826684
2906776729
1618474962
3866142647
4152611928
3573431941
954765518
2981680259
1811112628
408756529
2513869706
1316112399
2383677648
250656925
3006682118
4092333659
3618726572
1144516809
1149351490
4122997607
3135425608
3456791989
540311102
3776873267
1726439844
4089754465
1158162426
2832927167
3435265728
2452870605
4109365110
1815581451
4287971228
2822883577
1641337010
611379991
3435102264
945895653
672237486
1158323683
666295444
1790546321
2460913770
450557807
3315937456
2618490621
1700669158
1977025467
79960204
3313659177
2822260514
3919482567
4219007016
1758824469
2973150494
2965906579
1261491076
3988700097
1735447770
4276949279
318545568
465646637
2081946198
1299538027
502066556
484236633
355670418
4012105335
690887704
888824645
639299214
4133623619
3722724980
437727729
1907750218
978081487
3670493328
2570155357
4067715526
108898587
3917397612
4092860809
604784642
3248216615
1002308616
589482613
1794460670
2527294963
1277179236
3922064417
2510614970
3975399551
3200528000
1695990413
864711990
991616459
1571326812
2234196409
1036702322
2153873879
214411256
2590096805
1304216942
1897349283
1374920788
3817734737
1562692138
564028975
3430043760
3370392509
3425770662
3157786235
3092862028
799340009
691386594
2375013767
1504315368
311049429
4129839838
1946711891
3945629508
1257397377
1742503578
2110205919
1829809760
919372013
3674169366
1098910507
1866471740
2806289945
2060712786
1040307511
3011781592
1143949317
1437535310
1283594755
1130162740
1345716913
3677556490
4054394255
1436436560
2042819101
2152480646
425591771
533453356
615318089
82614722
2303885543
1865743304
1487134517
2542262718
374286515
2781923620
1079768289
3528424314
1748977471
1994006080
3850006349
1311685366
3640453259
2133563164
2504079993
1200002098
3118258327
2505805752
435880549
2427044654
200975203
1838687252
3039245073
3457729514
2000983279
3980603440
2254829693
3095253606
206027067
1246646284
3408150185
3764972194
482073671
3528908712
587706773
801884318
919570963
4118936324
3306863937
624289882
255069855
4044914208
1371049389
2228258262
3857282539
904070396
2906197721
4212825362
2982841335
1715858328
257748165
3982813710
517528771
2283621876
863605617
1947068618
726185039
3327723536
1432694493
981325126
4014808731
3730355692
1730325257
3236080514
3684951975
352826248
2873996277
1001138046
2061605747
1337531620
2688988577
214418746
2172487167
2898513408
3894336525
2459746486
3097342795
3084804828
2571375417
3368556018
262336343
372979576
602736421
4137189614
3765749283
1180985300
3091538897
1732935082
848135087
3487027184
3646461245
3892594726
2294690811
4267903948
2294302569
2274483298
2246222599
88045416
923657813
3554735710
1943887059
636366532
1693965825
2436698650
2046012767
919866848
2705676909
2806737814
225550507
2778050748
1333413785
3217489618
3913155255
3509810008
1665356165
3539765198
2552651651
1474654644
4238468145
2651226762
1575682831
3031926736
2430086045
3200854790
185268571
1222988204
202707913
4054744386
122687079
2901814088
400574645
2904700222
2669334067
3852021924
1917204065
382586618
1601078463
3628154304
29624525
244614774
213728779
461434524
301181945
3410974642
2155070999
4280721208
3841444837
1162411694
2034608355
1746430868
2242368657
1786378090
708391535
3689951152
2256269821
3632561638
343109307
3629614988
423170089
2557513250
2009344455
1378078504
2874989333
405267486
1710354323
4164035204
4081696449
1571945434
1153829919
2516802976
439543597
808456534
1255705451
2987924604
1858617433
2996379794
1125923191
1141685016
3433199173
2889213326
2737480259
511006068
2758735089
2061294666
3226472911
1752811408
1356589149
1793999046
2941752347
1127329132
608451721
4044361474
454489383
1992319752
1528536437
27919102
498778355
3274769508
3743053601
2183239866
3906093951
823291264
2267673997
2413169718
3357247691
2110995036
1074791609
417094002
3406781655
2145240824
1239109797
41630830
556616611
510930772
1980712273
3647418666
4110917935
961302384
311430845
3351147430
1376741755
2615919436
3981351145
1287978978
1629515911
3636717288
2629078997
4066415070
130892371
2819479108
4174405505
4233405850
3060476639
644246880
1900098541
3443422998
4041094699
254429244
2883778841
2102461010
3726979127
3465659096
2553961221
3738239822
3936724227
126679348
3818964401
3964728842
1228398735
3915368272
2049991965
1554847366
3740462811
1895680300
2154833225
3636945090
3854080999
1915116232
4055872053
251891902
1367438259
71342116
3481499617
2692948602
3295199807
2935446848
2366677581
2753647094
2641925003
1922385436
609820025
992942898
1849013143
2283843256
4283929957
1945057838
3807096419
1966584596
2721805841
1976707818
3921203183
3484167984
3260345213
3010603366
2757370939
3437215500
901833129
2655990178
1891071815
2027929256
3889497237
407568286
338646291
826362372
3192635457
2665811802
3584231839
3216850208
456147117
3963002070
306356459
814494716
1737126361
2309923858
2568546039
1082296984
3536519109
2425217294
3646384067
4276903156
855070321
2485309386
2942463823
4280911632
2979373533
1908780102
1553795483
906601708
2975387145
2190766722
4126474919
1592267400
411862773
1794039422
1429137011
2223500260
3963697313
2209508410
1492254975
162532608
3895987981
2570475446
4287913547
1300697564
2140075577
2080873714
2829503063
3350156920
1915525669
2674194414
2302726435
941815508
3807143633
3246056618
520928943
1188024048
2592770109
1499438886
773037819
2935192268
3813665385
1187980130
2504605191
3526841960
696138069
4289146206
98052051
1334607300
1283186945
925055258
1764599903
4190620896
1287654765
3134751382
2177223595
1241374652
3263081113
24249810
314006967
698290776
1226073221
2804711118
2583685763
2958262452
3409094449
3557976458
1771027983
831981264
1540071069
1207435782
2870338651
3054846124
129906377
2285323330
2592876903
3167062600
3426884533
1798040638
58923315
3754360740
2652092769
4251940346
3442343871
3103554752
761281485
2094341494
556722443
577281436
3530657529
3844464306
2032312599
2924068408
3474611941
1251767726
2666312675
4076206740
3504478097
4263599722
1807969647
108474032
1609622781
927388902
3522943419
1172764300
2797318953
3221542178
2106967239
1149939240
3195022869
3728022302
394771091
2125427076
1814086081
1993286362
4157277983
742792352
4205877805
652486742
3525817963
1329548156
2642387801
3462080402
2847970423
3651623448
2278984005
3362577550
392113475
2273469556
2769467377
3453993802
2927611087
3362277008
2643614557
1023678406
220036891
3571489900
2489343881
1131402754
3795718183
3414082056
3382734965
628799998
4148038643
1908265828
230357537
2675589050
131907199
4103908480
2974361741
482190134
4110955467
3304712540
1572923321
1078583410
2657695703
1806689784
48292773
4216697710
1856984739
4050697812
3302787153
763729962
1721556015
912412272
2538078653
2330446502
852677755
1434071628
4039392233
1135625954
2556234631
4019832296
3278562005
2847197406
1140723027
4201260356
2784649857
3483946138
3359319519
1861758048
3653363437
3726216726
1445486891
4094719804
2571983897
2586446162
2096401207
1616601560
3687935493
1510931022
4231344131
2956527668
2035779761
1665850634
1962056591
3411887696
1537857565
1856630150
2238962139
908834860
671041609
3455985602
2613753575
2329131464
2372371765
1872447422
2334113459
1445750564
603388641
3146959226
2948480319
3025181760
2293421389
112191734
769670795
3371889948
574423161
389259826
2537197207
4020358584
3124766821
4149260590
55097699
1062421012
3617306897
292000234
1717111535
3192991280
2236604029
1375895654
3008925499
1634545164
4062807209
3415308450
341774919
3005521320
355358613
400963230
1174085651
3195836676
1120453441
1936733786
3778938015
2577267744
1588851629
1312338902
545770475
2888917756
380097753
3466504978
1796424183
2373659032
1371869893
2178078734
3007443651
372730868
3233880433
907261642
1940400719
37094928
986846429
3131671366
3604542619
1035375596
1398468873
27408770
1441930663
3129241992
1415010805
3746403710
3655872883
1758640868
2307373985
1668879162
731020287
2950188032
2287813133
2288774838
1047988555
2183905500
3768965433
3013813234
2723587415
3923735928
1643654437
1145925358
662232099
2824701396
3789531601
730287018
2176317871
1174654448
784890685
1247213094
1984760315
2910841292
2611711337
292055650
3764115719
787166568
1350208597
2659804254
2554262227
2259078340
1263264769
1407541274
160670559
1140296672
3192307821
2768345494
67499691
2875330236
911150489
2507738322
316455095
4039553368
3060889477
628651470
1732605315
1698533300
3020909105
2818199690
559970575
4105340368
2680885661
3200440582
2215432027
255930284
1731418569
2015103810
1601455207
3662735688
456126133
3394347838
3193398323
1165020836
2804759649
1760369914
2719578815
1593031616
1158180557
2947658870
1502385163
72109212
431714809
525886898
3195894807
3391675704
650703333
2819353774
1711259363
3092220308
2087213713
3181692266
2407114863
893005232
1483855869
4054133734
1584415931
1030907276
2651477545
2398428194
2870173639
3266153768
3524231445
1935561246
1971946899
3467165828
2286142657
583551450
3355181599
3318012832
3980021037
3493085014
2472730987
3848436348
3640854105
3631820434
3541102455
3657300248
2526452805
3938440078
50313283
151745396
1275230961
3669928522
3034286031
3935487376
2941570653
3635801798
3486476827
2391509868
1950909065
2334891266
3339791143
704192776
2662417269
1181184254
3542963955
1204200036
2779217185
1571743418
4195563903
4184009600
326392717
1245788726
1910562507
589076572
238930617
605251442
2859406039
3225289976
4117919397
2823563886
161309091
3135851860
4294298449
3380608810
643700527
3014937968
2265707709
2242716070
243416955
3573850444
1778769641
2113375714
3812992647
2385224936
3064804821
2351235038
3634026579
3527570500
2188404097
1373172634
1664557279
918940512
2689505773
2106631446
559844395
234006076
2676211481
1096749138
3396331063
1491140824
1056211205
929624398
825277187
761337652
1096436657
2954937354
618223247
3952526672
1311722269
641909894
3168847067
1599448876
1264216905
1418784450
1535693287
2839353544
1536907317
693042878
1932134835
2341746212
1840676321
2474537082
3661609023
1994775360
140576845
3856302070
976480651
1918673948
3203195769
1268001074
3840633239
3151948984
2058664805
2328766510
487703651
3152728340
2236087313
282654954
2636465647
2838637872
4283879805
70178662
3913480763
4160134412
811476905
3627007906
3081940295
1898282152
3675499157
2661117342
2083711763
2368989188
2190591553
316104026
3791978399
1857731360
1279501997
450284246
3233347307
2563936764
3935385561
971682322
3619265783
1026541720
3159041477
825478926
1553497539
3187571444
215407729
3386940874
672785743
3212739856
555386845
2234079814
234938267
3848241900
2099844105
2920022146
2879076519
400347272
2393779445
147344510
3104668787
3969485284
2820292257
471579194
2841573119
2403109632
4170085645
3493692854
625325131
1171025884
3968384057
3751455474
2897379415
1825281144
592429093
1431430638
1797056291
2266240212
3844009169
359641770
177157295
3178482928
3323096637
719998246
292713723
3926415564
3788714089
1465758050
387609607
190518376
3691175765
545758046
3675373011
3141344196
2439505665
1468237594
187014751
90393312
635007853
3586568342
1144136107
3116514748
3672862873
3957068754
2578322359
380260440
3680144005
3185601742
2952200323
1721999028
3879218481
2310944650
895300623
3993634000
2362868893
2468982790
1173338715
1147739820
1517583561
828166722
101212007
4120397896
883540405
982735422
2140647219
110534052
3180511073
3376858106
2385573311
3123116736
2025628109
388647798
1708539659
2972449692
399594745
3924225202
8673047
1120140344
469992677
3449250734
2122238435
2821003412
3090849169
419703914
1163649903
1480142000
2684275453
2006942438
1775284155
2935608460
790952233
1967219490
2956786375
3163319336
372954133
1201899806
804737171
3625848708
2008205249
3516756186
1700330783
1384094368
567279661
2619364950
1049234539
1686219132
1364355417
1089680786
1863142007
890279960
685944645
2200881806
369902403
2467332724
3376299505
293179722
2204320463
3204007056
3055763805
2919482822
2808960283
1613920876
4093420937
943940610
2039498279
2184151048
172889717
3564120062
1636344307
894136676
3605004321
750751162
1869984895
795159168
3719007885
2288046390
4003826123
2285586268
2173087161
876146290
2669735383
1837638648
1368394149
2036244846
2717346979
1792924756
1465585233
492201514
3830141487
2705476720
299624381
672037030
2501749371
176885836
2299757033
1805309154
4057612679
2759427048
2793113813
162608862
1973658451
529974084
3190974593
4075100826
928979935
1842326112
4108799213
463715350
41989931
1288754492
4001767961
3807385426
1989624119
2820841432
4054029317
3873368142
966280707
1862608436
1806241457
1121102602
149688719
973882448
2176892445
4084702086
892973019
3699086892
444698185
3699357122
3572690151
3177347016
2354785077
2887693758
3114292403
2490893604
3703701729
2554730362
4092408639
3870759488
1008417613
2980124406
1920177291
1589269276
711509625
1213247538
122176663
3705146296
1890930277
2657591086
3762736995
3674103828
3678420753
3827720170
1042120943
2152672304
1617544317
972500582
4128859451
2155613196
543083177
875169442
179456071
2732743592
1770323349
477144222
1725347347
2372351748
2913388865
3977938010
2281175711
789805600
333404589
3255886294
2731942379
3866083580
323394265
999471378
2399926263
1067476888
1113405637
246466062
2237335747
3863054836
1194893169
3213460682
2092408911
654509072
2490301149
1095053638
2987707035
486830572
1589851913
4157720450
2800767911
1727082376
4153475061
1465844606
2728314739
4292630756
2012791201
496656698
2186768895
2547829248
1758177293
3769310390
1677745995
2288590556
3543637817
1877881330
2008701783
1081324408
3862123301
1114791150
70054435
3292963796
480915409
4013169066
1771204527
2636106736
2422759741
1796842534
2944655355
1418512332
3855012713
2293168226
3917811463
1468461928
4229378645
4121023070
2119207123
3712969412
1322248705
2986192410
501455199
772475360
3010995821
3173500822
4064955563
1696492732
3763590041
1956322002
1462464183
2336878424
3889143173
3764675534
605326211
2760224180
2494361649
3915259530
1434840847
228426704
1391327133
892110598
2696848731
1166871980
293707721
603560258
1044937319
4271613768
1219466421
737218878
4148427315
322464932
289686113
2390518522
1098150079
3130407360
4168930509
591323766
4127975947
419932828
4239603705
3033625522
4013371927
135994168
3737786341
725539502
2557072611
2994120596
3025723537
2151650154
1030364783
1601448880
1721220605
959830502
2753370811
2323465100
2316016681
3806964258
1024628167
573000488
3136431893
3406086174
4140899219
2333040260
1785580225
4082014170
2145515551
3262536096
3362894637
4205342038
2208118635
3164395644
913165401
2009676946
766879095
3672061720
1857733189
28950926
8703555
361861492
1288044785
3792730186
3390504399
899400592
3791500381
753769670
1140277275
970287468
1132251273
3132566274
2847629607
3290554120
1014425973
1066721022
1380969715
709640292
3513025313
2091660474
402927487
2258856320
1072611725
1193044022
458634443
3830838876
3885732025
3770316146
746506455
1670267640
1194957989
3733788782
3887953827
4048448340
4211888465
2567490858
1348767023
4010560368
1740102333
3792424870
1990530427
3859644236
2112693481
2090474466
1947917447
579035880
3268795349
2455334366
3407375955
3529970244
2302700417
583877018
4105377503
68512096
126615533
676516630
2844713515
2695562300
3058992409
4007468626
829070391
1042300632
601794309
3631275854
3312177411
1696937268
675533233
2338361866
3509243023
2797454160
643707165
1179153030
2659097307
2644346156
3312759113
3586817218
3087599591
3074676424
1336344117
1745513662
243441587
1624757284
2702803937
971619962
2898701887
4089731392
1407282765
3657674230
2258583435
2115240476
2494605689
2104047410
2924552087
1116547768
3426869605
2719815214
4243053155
2358112020
159678993
4216309482
4181834735
866659120
3632838525
1666942310
2312884283
3942480652
4062932393
1333808546
3177046855
945502888
4035072149
23059358
3051782419
2937488900
4094151745
1916382042
2199319967
3400022304
3850833069
3018258646
1994345707
2231955452
3234332121
1133953042
1091195639
2228029080
335236037
2320088334
3716780995
2130745588
2682675825
2265869258
562125647
683901712
3301928413
1593641030
1930737051
3567608044
673798665
1324584578
4159794855
2546044552
3204436725
991017598
1184633459
2459641828
690177185
3623159866
1719397631
3115911424
152361741
699708342
2863073867
973196764
3300033081
3567106290
3010344535
1423430264
3668108837
2075055086
2728983843
1341469396
3095491281
685015210
1321314991
3574057712
3184153661
2061826854
8473339
3708630732
3615913577
358367074
127642119
57594472
3770123605
2379745630
838554579
3705518532
3011767553
3545486618
4056781919
2918107360
2535643501
3408191126
3192813483
2641796028
1988638361
2679513554
4216637879
1051037272
198226053
4244921038
1939740291
249806004
3966612273
920257930
836413967
1131217616
571566749
348872198
1148817499
44891308
3160064713
3220332610
3090453863
3847947848
2269210549
241879102
3579594035
1532378020
3527525729
680399354
1810099135
1346468032
4098426829
1139767670
3123549451
736057756
4167113465
4028103346
982912279
170801720
2669456101
822235566
1673584611
3343136404
2697143185
1666644586
665082223
988490416
3694964989
2791846118
3176498619
3221009036
3737009961
1206776098
26489031
3816696360
4030036501
1837233950
2048321171
3615272324
2423573953
4158373594
3348558623
94967968
287270445
1540129878
312238699
3719563132
3092590425
3975889810
3205103735
3144275480
2552157509
3596662926
1919506755
2156830836
110740465
3162726218
955693263
1048199824
1659119453
3312677830
1433217819
192174188
2462641033
2189881858
127040551
3754966536
1697365109
4157969918
1434662899
382275428
3308586529
3178552250
2747181695
4011698304
1782445197
4134797110
2817712075
661431644
1887204281
2576874610
42509271
2454741496
107949989
1205309294
2330952355
1044052564
453612625
2895590442
447334447
2366786160
3097480637
598025894
1662550139
1468788300
2022885353
552952546
436696967
4165550568
1002188501
2518525150
2298034515
3669188932
328887937
1368483994
1261638111
3918997600
138195693
329116182
3330870571
4185994044
653191193
3576046930
2867459895
182050264
94747141
2082395726
2225822723
4290855988
2804585649
4190796042
764774287
564871760
1812440093
2394245510
2830075355
2461758508
2083771465
2960212930
3033211623
2262906312
3581858101
3440518078
567339699
3769869092
3938256609
3899221370
3033278783
2383255616
2142478669
3473032438
649521803
3228152092
767855737
1524481586
2315647639
3707652536
3176821861
99519790
586474851
3231284756
1075102993
3327471082
2123495151
3007130160
2545134205
4032552038
1418345275
662366732
3586396329
2587006114
2142600775
563091880
2685117333
3177910942
425872403
3795965188
2243219265
305451610
2204233887
830011424
4047159213
1616449494
3973347307
1688084220
588603609
3254175506
2645863927
4239762840
1629839045
335459342
354688707
2017175540
1189094769
2423214794
3329693263
3032482320
3795575005
1313922886
16818331
4232204268
156990729
594630018
1319012775
2588798344
351970805
601911678
1426414963
2497050340
3952723873
3140202298
97282047
3838920704
157945357
458902198
2839131467
1251376348
4042876217
2108243954
265163095
2583163256
815692069
1896303342
4136699939
438288852
3903108561
844162986
1780278703
1428933104
2117617469
3393999398
3026892283
1938400716
3876723049
1835370082
559826183
4279415144
3118717013
1495941214
2786205395
2850556100
4018401281
730201114
920883039
1963886560
14257261
1874720150
1480499883
1389021884
3448281497
3710724306
908731575
549268824
2002633605
2210419150
1318297987
2512243636
511342129
3794922634
2052809999
2138603984
708894109
2718315782
3777002331
1808329644
2332026313
1967597378
600617063
2580964680
543111861
1375764286
3386937395
3471837860
814434401
125548794
3179243199
1797830592
2619423437
3913027702
1648050187
3652389020
987430393
196772274
2460018711
956127544
2365275621
1323419822
2424564451
3599615380
2910414481
843735402
3020592239
3667798448
820880381
792102886
1702490299
1064837516
1564271145
340670498
2915158983
4036036904
3859074325
2669358622
1774760339
2909142148
432525505
1329915354
3967282719
202889120
735648045
797743958
2609352043
3083286140
118002265
277432978
3540671351
3333453080
3574523973
1898164110
465167427
3288838004
649692913
282216010
2147644367
3381969296
1758894685
3885320902
2345604635
3306112876
299961993
4289902850
1125488423
3308952840
3027013493
1832013054
455246579
3938573924
3796994337
1595507386
3265602943
1490282368
2358847373
107451958
1148947147
1098863708
1277777593
3469837170
3510533847
3922624760
3207643813
624821870
999132579
1101236564
3880965969
3355548458
4078633775
1800685936
882098365
1557822886
175631227
1325817164
2835639017
3366758882
2476741255
365633768
1093566933
2231229406
1598424147
679194692
2369810817
4013002650
3940486367
240445280
653878765
1300562198
158283819
1196646972
1884637977
97201234
2467648055
4266622168
3338194181
1105775950
660006659
785994548
408770481
4262486026
3459007119
2597634384
2193430301
1019093126
63729883
2882888492
1858008905
3698592450
2067348967
473601224
1306698805
1261820606
2743809459
67858980
3920398817
331680890
3153962047
2777864000
4019311693
10279926
45782411
364601372
631533433
1353598258
1248253335
2620090552
1946093413
970720302
40759395
1730219284
2935031825
3040253162
2114859503
4010682672
3454705021
1358443366
103065147
636770572
4213748649
2218843042
28907847
1317075112
2820732565
3230812574
1095374611
384377860
2460865089
1024194906
953740191
1401272096
1727689389
929507030
3031802603
1966034428
1781449689
649252370
1426786551
2539275416
1507553733
466594574
3693783491
3253909236
1814423665
1269578186
462999887
3136848144
481579997
2134947398
198740891
2212183788
844734473
3846904962
1526178983
1586908296
696350965
2177575038
2111481971
4136420836
4015803041
926832186
273212159
153454336
2580234509
630972854
263741515
2854693852
2282506297
3675309810
1020914775
4292087928
405146661
2457584110
2951025443
314986708
3709073617
2074693290
1805918383
227264752
28457533
3377441062
2067800315
134354124
1147780201
13290850
3872186375
980586600
3080465237
3348658014
2325014995
879646660
852488961
714351386
2636483167
1936344800
547110765
452136086
1880804779
1964702140
357891225
2634035154
3081469879
563137624
1517737605
3835185358
1693789315
689167028
1523792177
1533399946
3741851663
2982150352
2608615581
1289554950
649291355
1893784236
2909866185
3019370050
823184231
202228808
1141444021
1722955326
2228280115
1577441700
1545653089
2605015034
3863404991
4216059584
537226701
2200217462
2654268171
310556572
4095795449
2008615090
2807546647
2223536184
3630551269
4108140462
3467834851
3495122068
175876497
1561970794
2459750255
781002928
2494207741
1134616294
1284135867
4176449676
898073897
3087695650
4053493447
962586664
3428851733
3486541086
1978039443
4241181572
912708545
1770654938
2659510559
3317864096
1218366509
3857232470
3462314091
987129212
1384641881
1383289234
431404663
3971159064
1435171653
1107469966
2893442883
3489447540
3710208497
1325215050
1329213135
3337306256
601165149
55779782
2535260443
1453733484
4039455113
2721742850
205828647
1684077576
1513710197
262865918
1395510771
2520165732
1488587809
3516541370
616013951
3016107648
3607124621
3874958646
2700096971
579732316
2862758329
4033284722
1218468311
1510514680
2709411237
3871374702
2845284515
3951564884
2414352977
1531445802
2310553135
2043824240
194229181
4255896742
482563707
3162295372
1061293545
3821007074
2430905735
1795751912
53269717
3472495326
4261334867
2881486660
640840833
1806546586
2209810399
1649321568
2478971117
1174935574
574710571
2049020220
3263671833
4039914322
2582424887
142679000
2547507205
2580464718
1567519235
3798819380
2883328689
137512714
1659829647
37371984
2591984157
3227711366
1607818203
3639300652
3440777801
3386036674
3142801639
1733293000
3906107189
1383436734
1135706291
3135193380
3454536929
737981306
1918574399
710153792
3548120909
3738399478
3400155275
1846087452
2890945145
3470445618
2675159191
1880393656
539990629
2917497646
1263729507
1881447444
2249804561
938736618
2813750511
3608881200
2871890045
4113599078
1319833915
3597256716
2455328425
2108367522
4083725383
2939017128
952256917
2060812446
3718111763
1024226052
1257428289
1656692826
1400628895
550401568
1992697261
2836479446
2122501611
2797370620
3323209433
3788166418
386753527
1153098648
773686469
297574926
3801953475
1277543924
1069001585
684007626
3504770127
728563728
2755184349
1640795462
1134327451
1534078444
3542336265
75555714
3439116199
3566906248
747916277
3302088574
1897657203
2814350564
1684721057
3157065018
905010687
381011456
3929568269
3094968502
2384661323
1219746524
3119196985
1557417458
3935422295
1986801528
3241778981
1342978286
2124750371
703127508
3318692817
1960687018
56056751
3995584496
2016947517
3891200038
83987451
2323022796
529358697
1066144866
132610823
2777575272
165707349
1227009630
2407773395
1819322052
2909271553
1082018330
3566437727
2567046624
644543085
1019487126
3051550891
4100401340
2112708505
1328494290
802740919
824208216
3843811717
2408333262
1724036995
3102075316
3514301489
309705354
266394383
3393421264
2781070237
2236605190
3308409179
32819628
1403923401
3959731522
2415978087
738272072
574546101
3162500414
3056412211
4170688676
2231520865
1407911674
2520407231
4037752256
2952110285
2175352438
505058827
3327026844
1412613113
2752745394
683318807
3704592184
2975622117
2465511086
3461218531
2761221012
3888770193
1405431658
1935346287
649602992
930318845
1403467238
579258043
3697475468
2543724585
2736965154
2099315143
2917844776
3544675093
1872862238
1315981203
3047987844
374462145
3064673242
2378032159
581522848
2540732205
4007709014
1528947563
1457624188
3402848345
582572178
1125060983
493990680
1234374213
3103628686
3567188547
2490223988
1507658993
3875804234
1453189583
645775248
3286204509
2293037254
660007963
2956535148
1601524873
3659417346
320851239
2906872584
2257728885
1329576702
2913278195
153582692
1483640609
2230767802
2046172031
4025771392
2037616013
136496182
1834016971
3130569308
3152485561
1851298162
414069975
3539910392
3713525925
4234081390
2232263587
736667476
1154047313
3597297962
2390849839
2827765616
1839179453
1981361062
1241170299
2414820172
1800122601
3794745314
3251980423
3892502248
2981570517
3826403806
354654803
1417694788
242251649
923131290
3317367519
3582223712
2123811821
1831284502
3237973547
2179711036
1300631833
103365202
1869613111
426687192
2822959877
4090542926
3606183171
175993140
2443632049
2284858890
2614999183
1205583696
3813408029
2309213830
1825195739
167592236
3342417225
3901593794
622425063
1478578888
3595455029
1389447358
2990787507
4113502244
3345977313
2702203514
2279905855
206656832
1534212685
3651537398
780528523
3109207580
4056429945
1164137266
959220631
1220126392
4058787173
3523932718
2913207907
3416533780
4119694865
3196936938
2877990895
1533290288
1601995645
1292165478
3726474299
685455116
3411409321
4134627746
79974215
865515176
2179964053
1546958750
2656939283
1152107012
3733182529
4081993562
2202722719
2303931680
1352521901
626480342
4198234347
3913657340
1724221913
1665063954
2478554871
4107764376
233543621
1707448590
3631988675
114611444
4053102193
2545551306
2522892111
4129128208
2831759837
1710515270
1481400731
1929452780
465167881
4044532354
1420679847
3965389448
1311973109
1559533182
3737730675
2557371364
2059751585
3120014394
650500351
4253156608
716285709
1140002742
3564746315
373066204
3063287353
1928582386
3371541079
3988803192
1540960805
431534062
315697443
1334275796
3537272529
2381192362
3778451119
3875522288
298459197
2519357222
28243707
3941003980
2826764905
2578013026
883824135
812011112
3769684309
1305011550
1692303315
1106179524
2404120833
3712250138
2368569439
3587556576
1111860589
1160854166
3650560939
3232716732
928105113
1673149906
1320302007
1064045144
1196227717
4103878350
66863747
892598452
2993209137
2002887050
3169162767
3103981264
2031564445
3143547398
1822243931
251967660
2914471625
2372762690
4036821351
3920659016
3942691765
3278480446
234189107
2393208740
3677344097
2708254202
2103039935
994473152
2079445965
1422513526
2448179467
3843429788
2333124345
13244082
3335092503
835892792
1205794533
2569547182
1062538211
1129476756
1969500049
2253166186
105203055
3005163184
1229487357
3477703910
2540646843
3654446732
3011562281
1167527202
5414087
1043441192
716883477
4002337566
2741375635
3356092804
3918059969
2796051162
1780670239
315364512
1213084205
3128221782
4057009771
4226335612
2682960729
4049297298
4279463031
1223447064
3777438021
1175753870
1144227139
22731892
3437285361
1223097162
1177396431
3628875408
2029384541
3886206918
3967604507
3251115116
2381412233
392039938
128378919
2413935112
1769408629
2616226302
3666371571
865356644
292491809
3912202170
1918932607
4250838144
2750595213
3656014646
1503497163
4187971932
2952265657
3097892978
4050128855
1152441848
2730326949
3591990126
2112859811
4073010772
905355345
2842218538
2977346607
3884074608
2327288253
908231334
1109273723
3109923404
1562465257
872054498
3597788039
2092482024
2093841109
877035742
1421108563
314350916
1979349633
3241804954
1626013151
1475748960
393707245
853689878
2510928171
1320283964
1095791641
3051503954
3282002743
555243992
674891269
3220091470
1138853891
2533982260
4189954225
3993638154
687371151
1538866768
2368040989
142648710
3668652507
789262380
2368233545
2829344706
1753976551
3735990728
1180048693
3158900670
2671908531
2734350116
105059041
3808428410
2895779135
998937664
3077860685
1628741878
3729626763
3885526300
638326905
608688690
3348194967
370853304
422887525
374106414
3647017315
1772075540
760074513
3103967722
965403375
1810441776
450328189
3363125350
1685841723
222864908
3592330409
1586737314
3855346247
3418068392
3014193045
3568299678
864647187
499585284
2103499585
1589210714
2017844383
2098459680
612469677
473525206
3621856235
751491836
2084760793
453960466
2065046007
2544902552
692431557
2280296462
1841711811
3791643636
2982097265
143322826
470155855
185204240
1516612829
4223155014
4192750747
3129871340
1008470281
453013890
2718627239
2513922440
3193827829
3123924350
1994557811
3097047780
1651233697
2694728506
2462471167
2911519744
2335627789
940091062
2461819211
46217436
2920083769
2372885490
2282061143
1439722872
402965797
1602299630
476656675
1939996116
875151825
920290218
3040989615
3893609968
4268233533
1140960806
558391803
424894924
255370601
2132976226
488681735
3405393256
1812800597
1166744670
3131394771
2766750916
142343169
1894160410
1995668319
434471904
2754369645
2755285398
2335657643
3388180156
1904354713
1252082898
3291975863
1014212952
2970226565
2210934222
3970026883
2382235572
765821489
4197025930
2518044943
1845394896
1165404573
1594462470
3438552923
2282792876
3951849929
137511746
48569447
891019592
3461252789
3949943614
1009368115
271533732
2393461857
4090123514
1269125823
3407721408
3019507405
1820748918
2846485515
1591329948
3367668217
4259093938
830755863
1938937144
3421342181
2004329646
3519551203
2626421140
3813307025
1689255274
4217077871
3284280752
4197019645
646439910
1531157691
3778928012
3106893353
258429986
724580295
3660875048
45750549
3164080670
617078163
602093700
3758873793
2843836890
3820214815
2250953632
2335696173
3097818966
1114388843
434893436
30285401
777610898
4257466231
1596125464
1279734853
1497861006
2872315971
113503092
1714459377
3836076618
3454623695
3428236688
1930978909
2419369670
2525938203
2069037932
2889456265
3388593410
2581201703
4231797000
854055797
1706895614
2312613619
92084836
3015415073
1849958074
3187085695
3422872448
2256401293
3427660342
366360267
3483504732
3067404985
1062182770
2194533079
2669608184
565120677
3824149102
1144895907
807257428
2473583441
1145255722
2727866159
649348464
2463861949
2915555750
3039663995
684202316
1153627881
1226950114
2126151303
422223080
2490355157
798406622
1823551571
3597986884
2362473857
2051681178
88537311
3651396448
2388931053
121199894
1346364459
3497270844
3454457625
1878476882
1182449207
259913944
1203575045
1848158542
1413288707
2014416692
337666993
2847931402
3124702863
768785744
3356156701
2902031494
1501043931
940908332
1323533129
2048337602
900311527
3942125768
1760161845
4275877566
3131859379
3024268836
3127023073
1640736890
2424016959
2818560832
394436685
3844028406
2315338123
3906608156
2031876985
3683148082
4204937623
3359106232
3322499941
3937001518
2122980451
974604564
1566184465
2538877162
28777967
4171900208
222194045
3615592294
2445693499
1941050636
3803398057
638711714
1182762311
1738306728
4260250261
1413948830
1294025491
3093192708
1468653121
352359770
3798783903
3960517408
577846957
4256662230
3346157291
1632373244
915165145
2033904146
2099016951
491045016
2955656645
3895166734
1383912899
3450270452
2956260465
3946304970
299351375
1513258256
3910016989
2467828294
3631232923
571931372
1682582537
4064950402
1695813799
3239037064
2903819509
1284375678
3915895923
4164944356
1264473761
3760255546
703778559
382632704
1002966285
79314358
2028670027
4265732060
3494892601
474407666
3619772503
2661059704
633100325
2439355886
1265450787
2251853012
432604369
3751996074
796462255
3781412080
1846675005
1635058982
332254459
96194764
2210416745
1610082658
1899973639
1699351656
3690297173
2691257182
1087903187
2237633476
1224212225
1801764634
1105557087
1429291744
2082409325
3386861718
2059631019
3388860
1551796377
1944341458
1080617911
406276184
1381180037
2903516366
3501414531
3007583924
1932412209
181235594
1265830927
3644194000
987896989
3763365894
2520191579
1561892524
1026397385
3427994178
1993946983
4265820232
4230502837
2760970814
4039771955
1832195492
3480147809
3137600506
2971454911
2419126976
2282633677
954139510
357799691
597259164
1026583801
189473970
418066199
2450322488
1837636837
2648906670
900145635
2688651412
1635562897
1592747114
43891567
1218520240
2048287485
3378658022
503580603
3802483852
3635024169
1888721698
2914636487
1911776296
2336582677
1237139742
2190846099
3107489668
702209985
792111322
2859521311
1824887456
2418907181
1500581462
4243809387
2699764092
545096025
1236495762
4011860599
1343590424
3136505669
1654030990
3114310467
2494102132
1439454705
708888906
2647726799
4070390928
3796293981
4066540998
3582766363
3436835436
3930963337
1643224066
2042175015
3797055496
316976757
480632830
1804794355
1860299108
1867782177
2218051002
213486719
1273438848
1360340621
1330481462
1375396299
748732252
8242617
1918183026
2095039959
3528006648
2318180773
2514639214
2281161891
3555873876
2369070673
385457706
300231215
1445086320
3054206909
1292447910
1395196539
3459156044
1378916841
2443513058
1789860231
2908257256
681451733
1174597342
219806547
2410232644
2196930689
3526775450
1657730015
1250796128
324855021
1512862742
2697072427
4147268924
592001561
2758299474
2818709815
3567228888
919350277
1853792334
3087310339
2643828276
282011313
726786826
4289849743
2921872464
3288094237
3876475782
2570127323
354094636
1013622345
3437620674
1014220007
1828548552
1846133557
2324458942
3028462771
419855652
332273889
2373144442
3817409343
1102123584
2879181645
3586510582
3785419915
2904017692
452451961
3676629042
2187271319
1326515128
678028901
3206764334
1293887331
755685396
3048363793
3380713450
3020904687
4054262832
1722899581
3928614502
368885051
1276609548
554951337
3169599138
3604947015
4147729320
2428474773
1257921694
2602896915
74559236
2633949505
2250488922
1908396703
3326702112
2053960109
970037718
2028960235
1992898812
3315708633
3988975890
1238290423
1972723608
3533557957
4136140302
916414659
3117023732
485930865
2948644042
668301391
3549887504
2227344093
2618550598
2749637275
2577132012
3292811017
3874488194
1305029543
1577330568
1247254517
2214902654
3864600435
1197658340
1704778145
3900676410
2622179839
693027328
1818574861
436720822
923121483
4173240028
1298052921
2407164402
1747530583
3089410936
3036670757
526783726
1339902499
2001411028
3014936529
4165423530
4292626351
3270493168
2429024573
1585732646
2302621691
2686468044
907275113
2888380514
3775522567
4015385448
1617545813
3462629982
2809585875
3545359044
2160067073
1019143706
2651025759
2008613344
4196253293
639664022
1480303787
1399841980
675736473
1334006482
1933985463
3266766680
1529361797
3765705678
1613816707
2500208052
3003320369
424498826
2365310735
3936975824
2304348061
2939371270
2019949915
2115798444
3533354953
1238356290
4235809383
891723592
2760780981
1590610238
3688256051
2511791268
3447741025
1729733370
1572882623
2055221696
674131149
701733494
2229879307
592781980
410144761
2568334258
754846231
2101613368
1554952165
2087359150
452078819
1047732116
536541329
3842689898
3423336047
834413488
4178531837
668504550
2410705595
3456678796
1106293801
3642483234
938438087
4117644072
4099718933
100562974
1825534867
2013910660
4143309505
2814889946
1851379743
3063697824
2268023597
215557462
3513159531
2162577532
737731673
3010032786
2200468855
197406488
1563122245
3523312014
528033347
2601126260
3417577713
2310516810
1709495759
991935376
4135668829
2116834502
1500944411
2791104876
2016272521
1329947394
1464088871
841275144
963477877
816486142
800736499
1606596708
1949866785
2600561850
245892991
1829069184
867719565
3538493494
3188427979
10186332
3170019513
3249974642
2409472215
3459201784
204879013
1542508654
4179480483
3460490068
1397123409
2441872682
2942199087
1707885424
608662205
2212923302
3423628667
2576414540
3043638505
2105824226
1246737543
692214504
1767404501
3884656094
3857630803
777620036
2288026497
956201370
696446687
2595447136
3596720109
2612759318
925907499
3001842748
1903664409
3275052626
2553639991
1618818776
627523333
821073742
523774211
4153781556
533326257
3804219914
2840634511
3434724176
2969159965
650062470
1238758107
3055353132
2243807561
286307522
753524711
1421790920
2243270197
3478660286
1019541427
3242609700
1116052449
3589731962
1438811711
4171125056
2747467341
2735236598
2502727563
609319452
1000325497
2468179762
247986071
2594579128
1884715365
62443054
4112527971
846882580
1716951569
3213557482
9671663
1189094192
1462783869
1886272870
2703173691
2256073484
3242231209
2468513186
1189788487
1787966120
2619140245
684299166
3449084179
4060151300
2109727809
572711770
3594440095
4223545632
1551148205
1082634454
2623055083
1564633084
1501763033
3903256594
2435656439
2426535576
3231441861
587298062
3392007107
2523468020
671382129
3324355530
234828623
1731689232
1568867805
2259402822
205786523
287103212
2349494793
1760675458
204097191
1555334792
3324406517
3499586174
498494067
2516688868
3777453217
700071994
2580530431
3574268160
1292792589
3891358646
2097963595
3795273180
1429838393
1460269298
3913092695
2456341112
4124016165
2038598638
3652801827
920234708
837520081
4039620778
3597370031
2092417776
2525621309
2872029990
832348923
3632312012
1446219369
3551950690
478183943
1495124584
694820181
1064943966
2659298259
2126524868
3755214081
1425345818
994929759
1904001248
1311273325
687707798
3550465963
3014136764
81481369
1300126162
214933943
737314392
4220078213
2381583054
1260023427
591672500
488885041
2510896522
179339791
2455304912
1625096861
1001526790
595650651
3676075180
3688094409
4037580866
1137012071
3385196104
4152360885
2317910078
2907610419
2041885604
3101547873
1745570298
26198975
2047570112
3294273485
2942579062
2825579787
1309462940
2323657465
389821106
498918679
624374328
3378594533
2198735278
833173475
1730195092
1321548689
1728197226
128332143
1863525040
2803124477
2984962278
1615388091
2473077388
620975913
3103795490
2043742407
1420108328
1845498389
1633398558
2473934483
1347888516
2002576833
2201286362
3748580127
1403981984
2688351789
1121795158
1875229291
2849865596
1413498713
3682302866
1776081015
2184105496
1659858245
394817678
2361241923
166140020
4159167473
1930073930
3592720591
2514369168
3754409821
2744265670
3528229659
4158378092
2245657481
32844290
3799733287
3685955080
3598865525
298536446
2253230067
3357509476
4066975265
581571514
1942127231
526360704
1583844493
3340810038
168310731
999431516
473140153
2641638514
1795652567
2194758136
3620456357
2786805614
1202707107
252670548
363048017
603614250
721657903
1169310320
227501501
3261062822
3487815803
2062509644
2658131945
2092931810
3449573255
2095593960
2258552533
2217696478
2804912467
2726680900
3441067649
513974426
157477343
3121946720
124930797
1004970518
3280626987
4087524156
3899785241
1012817234
3340029751
2736182744
1133400581
629050958
970437635
1980873780
1896918193
1074376970
1729847183
2038905424
3204660253
3691774342
459726299
186313772
1524427849
3063380930
3071015655
2453417416
3756878133
1027595198
57885363
2634160932
1988697825
2874580346
2535981375
3167195200
804600141
3169254646
1420051083
1049045276
185836665
1936848434
1339871895
2599895480
3452898405
678053166
646790499
979760660
2672221457
3916457450
2537803503
3897893424
247153277
3662582886
3811414843
316039692
4080609449
414502050
1185044039
2980516264
1342585749
1572129438
2490410003
1896631556
701294401
1493043802
3219769503
2087645216
4169684909
2178533334
3786264555
79140604
573602009
3655794450
53970423
1584045464
2854614725
3717622798
3173545667
1401167860
22953329
2657520330
1951723087
85195280
2739894493
3269433158
3247437979
2023344108
3952907529
3897527682
1345806759
2904614280
1350647285
2722507134
1065334131
3558633188
3992838049
332457786
3531620351
167985152
230925837
3732341430
4211019083
2863396060
400588089
3807737842
184346967
493414776
405475621
263914222
2567004195
3034855892
3295595985
958668714
1663483311
4273717744
2941771581
3078031910
3169193467
2665291212
337588585
1184874082
3550682375
2460068200
1727426645
1672214622
3589830355
2007662788
2519992321
604451866
3385026399
847020000
2822710381
1115073942
2632972971
282870460
574337433
3721748690
3171220663
1139418456
1668701061
630196686
1097857411
1308509108
3784347185
4024509578
1955675407
3225713104
4050417053
4123847942
1200083803
1679319980
2295922121
819814210
4240279655
2887867720
620614325
2526951230
355657779
154043044
3246874721
769192186
1284193983
2127736768
2358432461
965789814
802723851
2478866588
3277460985
4122917298
2603073559
2045137208
3818903013
567115950
701252323
172637588
500924049
1423284586
1701604463
4037419440
3022339069
3617144806
1070418107
583244172
2984376873
2151706658
593404871
2140668200
674194709
3419727390
2793867667
840987780
3675252929
830348762
2913977887
872271776
190230829
1803375446
2282808683
198225532
3377703513
837386898
1396519799
2740284696
4232020037
2737530766
2976791619
3510642548
174563057
1446608458
2660256719
4074289552
3457823325
3532915398
4027477531
2975252332
1129457289
3925930242
3411963687
3472725256
438511477
805831934
525130483
2549634660
434479393
2335095482
3960012159
1391845248
19054477
2616479286
3857769163
3448032348
1312845497
1972222834
3206371031
3761207544
485317285
3831610990
598599075
2253914452
72150865
1044697898
886364975
3855892848
2716031165
2020947366
245580667
1649005900
1027703529
4283884002
2761222791
2554992872
2960202197
2347733982
14441555
3694012484
2166393217
4079142810
2993611999
2561859424
3599695341
2863511830
4124086315
2840910396
3090703129
2145608786
3835701815
2355918040
3242288389
3156772174
3085123331
151636788
883126193
3006240778
3910277775
2760948048
504934173
1995757702
3185821915
68475692
3955756873
762987202
2329548263
360025288
2897296437
1145279166
3096284595
2621041188
3755516385
2106737786
1471773759
2116865856
2150853709
2472645622
3490180491
3954759708
3109259129
3961683250
4120751511
1074028728
1892917093
2637675566
2439399523
885884180
2424512529
3073494250
673188335
3322290480
3176281469
2546658150
2351431227
3778007308
3875392425
3181581218
2248536391
3161977000
3699084949
1505493406
2679664403
1905499140
3508922945
2595565914
3737174943
945532704
2124941997
1841815254
4176411371
1562953212
1336531929
830670354
1340989687
3471785112
3208382917
2521260814
3213820355
3776655092
3640918129
2827186634
181840207
2636937488
2250763229
3232722502
1942479771
3222451948
318421001
3574158466
3387980967
1061766280
426250485
1762713726
4222943347
4055055844
3156239009
381914682
4133272319
3090644736
3733248269
1838717366
1625143371
1109173212
3310575673
2738683634
2104018007
1227163768
1276290085
1376745966
1035299619
3781871828
2604536017
1096582826
1443756207
956023024
187814461
4082786598
3676010747
3811937484
2681656425
1961166178
3060905991
2346813544
1225704277
2868522846
4259004883
2920337348
3554675457
435510042
4184171103
2864201440
945936237
3800810646
1680614827
1527542204
2959611033
1887987666
870733751
4204643416
3270471301
390594766
4080108675
87315124
810111281
2549418890
2057173007
1684797648
1795680413
1300481030
2491072091
152064684
162144457
2054039106
3613500263
3426270280
1560782261
4096781886
3280155443
874795428
394060641
679647226
4004690367
2027286208
2966881741
945381238
3409068811
3832557468
4076861689
2761769138
1430166295
1800499256
3681183973
3366516654
3009105379
401591444
3174941073
512032874
2506008431
2792693936
1346514685
149133030
3728585659
1813710988
411868457
2665264930
3835182791
1715920936
1391114261
3043630366
1443157139
224772996
1376709569
581125338
2300363039
1200131744
4168901677
4139346518
3393720427
2529156476
3140685145
649300370
4014575223
1597508632
1494979397
3840564878
1032505155
3776263796
859005425
2739168586
1864894159
1108293776
4051215709
2066864582
1656510747
3268259436
3767945609
2003351554
3253570087
4228117512
877656693
4217420798
2864195059
3209504100
447620129
1150247354
662403199
4157087360
1273623181
3244549430
29724107
2792586076
2199474617
3120775794
1004483031
3595147256
194702757
2261005678
1024979107
605851732
1329738321
1349204522
2094143023
909262960
289622973
371625126
944680571
1067467852
3252626921
1967794402
2134476167
1801975784
382692565
1858849502
2733975379
3411179332
3564276865
645852826
3567706079
646749792
1941418221
1477496854
2114108203
3288533308
281724441
4257508178
2698478903
209589208
3464525829
1693350990
1230686723
2692602420
2592223921
2888924938
3744781711
1037449296
4265222685
1736028038
3779900379
2433403436
1753166409
3854109122
1481912551
3463113672
469831477
1415793086
202627251
2934815012
2926847201
3165252474
1198978879
751701568
3296567117
2524457718
3075971211
468092700
1985964665
1831797810
2953480343
2043510712
2305045093
3525391150
3853210467
296817684
1779131153
2563716074
1663583471
3488817200
2465540221
417546854
1276012859
3783606284
3431886505
4058864290
3038088263
2063912872
1904009621
2363439262
2674670099
3818318596
2747985217
1464359002
3804479135
528772640
517193133
1951528406
2451318251
1452668156
300891865
1601899794
659569655
3526351768
803085509
3172227598
2170653891
791559668
3740648305
1417435338
2172937295
528545808
906780381
4028319046
3538669211
3615991276
841276169
2669616002
693475239
53322632
1356522485
2499254142
39209843
3737521380
2072962465
2727490874
3043309055
3483876864
4015131661
89534646
1588093771
2559136476
2375172921
132154866
4034961239
94185336
3246798629
2961174766
2010478115
2892847060
3864613841
2037444010
1596011439
460832752
3658990909
3470374950
1010623483
2508848076
693794665
3464907874
1961644807
886925160
4289926741
2237949534
3324644563
301145796
3369602561
2797568538
2050186591
3392142816
781224557
2034031510
3646181547
2184749244
3747641241
1972858578
561230519
1074619224
1240760709
3541825486
274665347
954622388
961418289
4259639946
3436622607
1859090384
4256127901
3000408838
3126438235
3120841132
2387035081
1029369154
2209463911
437001032
3483203765
316515646
1748991539
3935707300
3938346593
3355983610
2550543551
1477782976
1629960397
465434230
712502795
807132828
1232198649
2480392114
4227954199
3916992312
3770743781
3886050990
2119588067
2148621204
1558971537
873490282
1199366767
2155880368
2875924989
3049909734
3952746171
1601075084
2298691625
2228551202
1836964295
4172398376
506596117
2384155678
1374592915
3525776004
207220417
3332664282
565558303
2119126432
2544768813
1418821974
