2101566567
962928968
1971766965
315267902
3612081203
3597436580
1195742305
3577320698
1372295871
2559505344
2184857293
3209276534
3910413323
750716060
3571370489
1295244722
1014141975
791352632
2721434085
1654842542
1048205027
1729708436
3019289233
3740220778
2752626799
847472048
3648630781
3072009190
2654854331
1030954380
3747851817
294556706
716076999
1629340968
202529045
2677230110
118103443
1187018884
214441153
814793178
318380575
708580256
4288161069
990394198
2901834091
3631297148
101867097
3612386962
1439827831
3311153432
2360308805
1746062222
2802208835
3589352308
855429873
3968148042
1740611535
968359312
8955485
3093817030
1286144539
1881686892
1385028233
230757634
2927117095
1438996744
2925534069
3562563838
1127870195
3573176932
1687672097
1794334394
2791133567
2528519040
2969449357
1313944118
998274763
3469168732
3275301561
300343154
3086756567
4294458616
3694612133
3864732270
1596979619
1407911252
1817977681
2848093994
3180212015
3803546992
3731606717
1033574822
1852299131
104683852
2067216105
2659780066
947437191
2505301224
2450001365
4191287262
2368958547
2727488580
3519856001
3164171162
919419103
452272992
2130997741
1490853142
3238667307
1614372412
4067104537
1009682514
3905486391
3136764120
2355452165
875817294
508515075
1082052404
153920433
1021262858
3864358543
2289302864
3787137821
1953283206
2782026971
1311399724
628605769
2971559618
612887015
3653325000
4171378741
4105696958
3528368563
3439324708
2742998497
3116034170
2602684479
2951811904
3728924749
3596777462
3588981131
1497324572
3317709689
1902092594
2584773015
240198840
2765198181
1146429486
2277268579
4146366740
2122732561
672362730
3471662575
1105945904
84846973
2794770278
21008955
308761868
1768390569
247019426
4202546503
419804328
801538709
1170367902
3957555987
1841012740
4106624577
1385157978
1446188959
178385696
3478224557
1587200726
2122092267
38881788
3142619097
2830248466
2846536951
1308491928
957611461
2776024846
718214595
3478401780
226571377
1234638282
271449423
3792944400
3472777181
969626182
4211767195
2574007020
2870897673
1553037442
1848791207
2233010312
2433549557
162088062
2672432243
2587705828
2897909409
3545248314
2530807551
2617230080
3737668877
2772270518
722816075
535242716
2637435961
3042845426
560961623
167103608
1757714469
2186337774
2195685155
478530772
3275048145
3684838058
4008660143
4158981360
1377977917
2949137702
2038959355
2779844812
2595522665
467609954
1602063367
2347977832
2181936981
4179923806
2648331731
1677513668
2121547521
3828612890
938194527
2432860896
624905069
2046994582
3087907243
4068013500
2172831897
1184598994
926362551
238061656
1601921669
2711315662
4148533379
774985396
2025489713
1953279882
1544113167
3461823696
