562451147
1320909916
3626458809
3924290418
1188153047
2566465784
189483685
3704024686
3253818787
1583657300
991027025
3991208746
2736212783
3889426800
3422505149
763389350
1700049787
1810662732
3164893929
1392316898
3408222855
171952360
2383088085
2455815134
498846803
1244059716
1558280577
1804531610
2601342175
2036240224
3613847021
793045270
2661154859
107186748
2081903385
3050673234
3507264055
2995659992
1293374725
2208675150
1784590083
938375988
3831521201
1466419210
1393330831
3202902352
2494340893
3726116998
2949462235
1066371884
52625225
146305730
606242279
2864921800
1707289653
1070383806
3617914291
1997183524
1385271777
1888908410
168815679
3979378496
3414383693
2953888758
3255655819
1352632348
4079646585
4021071154
3804372375
3212710072
2518781797
4291619886
3021584483
1720333588
1966608401
3691117802
2849143279
1689637168
4234028413
4245035878
4115230267
2055373068
3528506281
746144674
772170055
1629331624
1829076629
375206302
487055123
1698450436
2530662977
2488361306
1993290655
2713149216
2423257773
1854869206
271346411
4125586940
997772249
245708306
3653914871
2478894232
2046949829
1609863950
2927260099
3249528564
2930831473
3656098250
3225491791
741615888
162257885
1879219782
807490459
3812452076
239446025
3816260738
480832679
3745969288
2104099061
2999586942
859598963
2855529956
2429112993
2734145082
2418223871
2280337152
851757325
2658650550
2035492939
984830940
2669301817
1710698226
1073558615
1062123640
2555417637
1322559982
1423498019
483883220
501416145
190625450
1529899183
609972464
1328398909
952471846
3333220603
3157802188
3877225577
787166562
1340221447
322386024
2089333589
1305173854
1268429267
3614015428
1937832705
3301018394
2967720543
1287909088
1259980653
2407724182
1507431851
3749388732
3022455961
618305490
3409102775
236942424
2628083333
321204430
2391602307
1199112884
468074801
2257402762
3950536719
404990160
3950762141
1963389958
2336501339
3286958764
3638890697
3960231490
1401557863
652635208
1543083445
3155762750
2205852467
2052391332
1041617761
2112276474
3756599743
1496948416
4261869005
2909310838
2048373515
548855708
1555491065
1451716786
1564674839
2284527672
1050171621
2409506734
787398115
218922132
3453137297
3182768234
2381387631
2391068848
2301501181
1585366758
3158254523
885897356
2881457449
3558008610
3749228231
2152501288
424978453
1852525854
3828630675
477000580
3147815873
2929685722
3490394399
3527687840
4230239277
2145426006
241533035
3068038524
3336699225
3795171730
67501687
1902754840
1103201093
1123520142
4116068163
889841268
616583665
2131531082
192050895
3396790416
1591514461
1256524230
66439451
3310902892
1942043017
2083973122
3615881767
3244401672
3190942325
1903815678
1663014387
1127077220
2201424929
2468581818
3760318591
2564542080
2181685901
2862814518
3071999435
3597282140
1824539065
2333962866
4183007703
3386066936
1975049637
1206478190
2367381667
2196324436
3720815185
4106971690
3637806639
3404853360
790576061
2884746406
2025856635
2818765900
2432833001
1437620450
1267332487
3357386728
1613323477
1845295838
3784611667
1879779140
4159929473
3282771610
453332959
1241009760
1481613549
3983015958
2156931883
802273596
342472217
4034304850
2734945591
3445605336
3054921733
1428925518
2375432707
3055716916
2180981425
2770972426
384779663
1257105488
1217270301
257744774
2633376731
2336586284
2946114121
2914466242
2002559207
2927139784
550698805
2829875646
753617075
545155364
1223496929
879631226
932013887
1049738816
3549269837
602364662
3810330763
4019009308
3489028729
2373530674
2465134743
4094111672
3933348453
3178652462
2048836451
2318255124
1719685905
1918854122
2459612399
3244478512
2244024445
517894758
1592777019
2576871436
3349241513
2911079074
3268803655
3395977128
768004501
37775518
4269517331
3456080644
1899748673
899975258
2559717023
2342526496
3562778029
1171858902
3273233899
3189023996
4252905177
3109895442
2263657463
4055993240
107220165
1870760462
3255631043
3062033908
2892149617
2594474186
3299791951
1632151568
1297108701
2687399238
419774107
2037536236
489671433
1515015042
3251505063
2917880712
3231503349
4151363454
4221418355
3993418980
938988961
1938187578
1290511871
35352064
3344038925
1727357110
1893585739
3219129052
1192833849
2807739890
1758793559
3062290296
159655717
4127531246
3233343011
4003071956
1086211025
3090226602
3523453871
429354992
2446570813
1963255846
2442023931
1296870348
1079863145
2504817762
874300167
653465448
518850133
2700449374
3047783635
4060860100
809041409
4132155930
259116383
788245984
2768796269
3069447062
2831270059
2506576060
2732550041
1722392274
1317020343
1850676056
4285165957
2008623054
3178921859
3790279092
3702195249
3242009226
2339447567
2504468432
3521334173
2602158854
4209187163
3013538220
222442441
465116482
93990503
1064946504
2588895413
3011958078
2851532339
1200017572
3105314401
573337338
1190962367
1530453440
4061604045
2173511286
2468175371
1528991388
1390988281
3800168370
2043012631
2165456696
4289653733
3075841710
3953772771
1005456276
88142993
134256490
1842303599
995086256
404165117
740629990
4082863803
3336644492
2885038121
2261462562
1310607815
1031237416
2421947157
2145158174
1105072019
1475330692
4255833793
3076561882
107228191
2345336224
3205891885
779661654
3293096811
2844376188
3847053401
3793469586
1484675447
2462604056
770283077
328369550
1788789315
2753230196
194516209
984841290
2717266383
782854032
4211542109
1574887622
2236593179
495668588
2425445513
1270525698
1367414055
2732851976
1789574517
4071531262
3535200499
2294195300
4111177505
3525327034
209740671
2175405440
2828866957
1097772086
1016834251
2501171804
874849465
145684850
2223078615
2204722936
3115479205
2267536494
1169255331
3186216788
214459729
1670238506
4240294191
1313599344
2638950077
2180977574
655853947
3390399308
2066462953
3149897698
2140835975
767002344
2664673237
2494902750
2648269395
996898372
1649508225
3936568730
3291040479
3117288800
3611579373
1512511254
1752061483
2923161660
1703418137
3581125202
3282522167
1861051096
3735124741
2832048974
1949943043
684890420
4058637745
3905394186
4278059151
892299088
2910553373
104707718
3138064091
1526163756
2010989897
68288706
1950530535
3622435528
2926498357
2326278334
3499987891
3446552612
3566508001
3575759482
1144447551
1831796032
4288922189
878309878
538489739
24569372
3951967609
2745285426
130536343
2907459256
3830363493
2872826414
3650080355
2152551188
1880397329
2358823658
3582914543
978046768
1714424701
1951582566
2407679035
3668533004
3736994217
770298274
4149319495
3614662312
655631509
2503974814
2220586259
2554259972
2800541761
3251875674
1333864863
2428820768
1649631405
2814328022
2817704171
389927932
2219807193
2859549714
1857750775
3531483800
508698565
1563066638
1158383555
1540488436
140539505
1832480714
1497927503
1889085200
2382414301
1911966790
1591028123
3483583724
1407577609
511644290
4238287527
2655761032
2723915509
288587390
3194685043
4048915428
7493793
1022430266
1423974655
3582438656
3421187853
2819553206
2958327371
4094210524
971249209
4246355186
1113123415
2927294072
3963861541
693213166
1912926499
1322817236
132482769
81888426
251846319
2802806512
2005248061
3235921702
1331412731
1012734668
3345812073
2533999458
2751684103
3664442984
3319617877
4147891550
1881425875
707403204
3560767745
783407386
1865140319
2825874656
2500013421
1157702294
1435888555
407863228
1650707097
2329191890
4168711607
1295692376
3116074117
375987918
131336835
3906543796
2277230385
701041034
664133135
1755752144
22462109
1053336070
4084073563
2672746668
1969968841
885122114
961956199
1976117832
1127300021
3692071998
1994340659
2419367844
3781482849
3679327738
1698439103
846470336
2721274829
2857221494
537856267
2156543388
2682695417
517504690
854901015
4139081272
4266753765
3341358510
2580599779
3041630868
1828403089
237502058
2144963951
4233547440
2517370109
3848762598
1231288763
4075853452
3858289449
1893692706
879748295
2522762792
3622784533
4033461022
2616449683
1827475844
3003244993
3808281306
2850629407
1485683872
1679014445
531417174
68671083
2771446652
3766797145
1616758674
3215111287
786627096
1033742661
2051636366
2807254339
1000866932
1757140977
1077306186
2695228623
1696065168
742226781
3396646854
3147144987
2914663532
3979181961
2694477314
958935079
2653053448
1303351413
16734718
2495228915
97219428
2687244833
1106829242
1544216191
3149155456
3611052173
148259638
1644712907
2059110748
1582696377
3533471858
2556123095
3048965624
121111461
176313198
2612229795
4284898900
4162168913
2855024682
3201498159
1642196592
1182998973
531131046
542831739
3257127500
2871090153
4113229538
391588743
722298344
2047476437
1988716766
42610003
2621949252
3422257793
1350003866
1182352863
3101674592
2219116269
3850513942
104366379
1906448188
2675080217
3570182482
3807816503
2268529112
4139290117
4002126414
3460911107
2147395636
1679861937
2453765386
3141057423
1840047696
4084529181
851086726
3121347035
2661636140
2347526217
2076755906
3402946279
387406280
1050060085
1438640062
1924914867
1843005220
629676769
3266406778
3758906687
1762147392
2143679821
1365805302
687890059
1985778972
1978802297
2720416306
4048334487
3679284664
3015133285
958222638
2188171619
954786324
3254049041
2595107306
581905135
3211841072
3450535549
1835212902
922791739
766955020
1202103465
497817762
2071540295
2016951720
2297264021
1062917790
1588019219
3019520260
1743381313
2833176154
1268524191
2703596576
1784091565
71390166
1857547243
4049797884
4293719257
1373719314
1094017527
636930456
4056691397
2565830670
3883274947
2711423988
4071242097
3249166026
772688463
1243981328
4223481053
1431970630
2979075227
3587191788
3798470921
2685196674
2099002791
2691174792
1386641909
1880241534
732189043
2753583844
439933857
1865921338
1476434943
4063226880
1888510477
3519319734
3887540555
3341639900
2809854265
3610625010
2089338199
388699512
1888439589
1488588526
415038499
764618196
2740505041
1634593706
3257801135
3166924272
809737021
2354550310
2954177019
2036959692
2890444137
2753759842
1335228679
496948584
2707008597
3231581278
722146003
1875143876
2408383489
3723755546
2148647775
2837392352
1258938477
2846505366
274077355
1479782076
582233497
22785234
2032064695
2598523224
4221081477
1597314510
496604547
1279471540
1293453873
808513674
1877383439
2185373136
2849386909
3490937094
618983259
1996148652
1096841673
2804329282
2663277671
3117713736
2258570933
2780185406
2587067443
1147039396
3875429473
424393978
3936852671
3471530944
1046187725
2544522358
3505173515
2163076252
1940951545
2072708530
953130007
3641998648
1786778085
790138030
3915636451
1764043156
889289361
1076585834
1947191407
3248082352
856487933
4198878182
1851286715
2835088780
2311550505
38779938
1114472391
2063674664
537829653
806547998
2725619091
1265000580
195355841
2708924890
1788486175
680295328
454913325
3279740758
2110980459
2580814460
3901236825
3439054482
3916631927
901355800
2698886213
3877401486
1534318659
3954250612
1814797041
4287973962
3078727631
1573021072
578809437
10915526
1455917595
1709517676
3113591433
3939908866
1048267559
2736570632
2537579381
208408830
1495889651
2857648740
3029900577
1387103930
2126600575
922389376
1038580621
1893325366
3613458123
2002663516
458418873
1491470194
3839963863
1355392248
2387187365
1106823790
1059160483
928968020
3484347217
950443818
3474208559
4122209648
1522996413
4109222310
344612731
2150515020
1357053673
1911696866
3267348103
2954839272
567039445
2205786078
3215390803
2191529028
1693549953
1697092506
1375027423
925731680
2404497901
4286137622
166636587
1778665020
4062764825
1585557586
2968651319
104636632
777756933
2523238734
1271192323
2879829812
144927665
295134218
4221531791
3831915856
1249536797
80962694
1241048283
1179600684
466062153
2228981442
722661863
1543551176
21657653
2046009022
3276155315
4056012324
1808244193
1830621306
3138246719
572357440
2213816397
3943899126
2916354443
1044268060
2669806457
4177971506
4286417303
1846185144
2292964197
3608856622
615900259
2751492372
2350980113
211785962
704341487
1087491376
3962696061
2047833958
90905147
2193636620
844842921
3972685730
4283223367
2629377192
2203241109
1888619934
1029638931
288458756
3828540993
1522924890
1021517727
2898418464
476497581
3412028118
3345553131
1015296508
2690013145
531452434
2925247735
3693832344
2966570437
2463133454
1498193347
2011437812
2604661873
133643722
4076864847
3723371792
3330648029
3126458950
3241738139
2079924972
4172690441
1324785794
4081408167
2755686536
24988917
2215439486
4081687667
4133956068
3041615521
2052741690
105715455
1209281280
3846280461
1410737590
3339048011
692981724
3218988089
2779597554
3345260631
3768005752
3328630821
4097738222
1692469027
2060039380
1125649617
1037456042
2609206447
1253272816
3960311357
1198189862
1673172219
4101109964
519065705
748179810
3872691207
3767448680
3781295957
1830566750
2522734035
3000679364
2452162305
1947346714
4062428767
554363616
4145845101
1424969878
2298626475
1158929852
332435609
977187794
2154836919
1195765848
4110527109
3256683726
2932547715
4230561460
1556172081
1148508042
342053903
3524895952
4217480349
3204075526
1061673563
715308716
2703334601
3806818882
3855777639
4221298760
2493047221
2155346494
3287535411
1409564068
4192460641
1277518842
2269058495
547265216
4136616397
3114462070
1438015243
1280154524
4266030329
1754893490
995522327
405773368
1950000357
1596195758
2321738211
1199224980
2371075473
235588714
4201775983
2065222832
521792253
3670024934
305713083
3640882316
3345094953
2870739746
672602823
3680504872
2562323477
2933401886
90402963
3814436740
932440001
1657540826
4168555807
3955702432
338894893
2313746006
3782880363
2004044156
760711513
2549470610
2247060087
2538354712
2276052805
3389745806
922772291
2755011188
1172790769
3905958218
2525586127
145286288
231629149
1886676422
115701019
906762860
633980297
2590901250
293234215
2714968072
2002597493
2230634494
3489972723
1717113188
1649483809
1950231994
614716543
3816606336
211725965
3917050166
1285925323
2063394652
2602290617
193695346
437456343
1150534648
2129078693
2643149166
3757804707
1439923284
3281268305
2130511402
3716248111
4190235760
169281469
1909397670
3013986939
4097093708
2624627177
2719315170
836002183
2901222376
3323635925
730191582
2234499923
3732169540
1563658369
2561915546
2526886879
615991904
678063341
403463190
596694827
2271376700
2376811033
3801266002
3717816631
3690872792
3045766149
274434126
2628544003
2613757492
259141297
3603516170
1882337679
2304500816
3800817181
3968351110
449957851
1106589228
1466871369
2404013506
1157434599
2527467464
646597429
1732466110
1916564659
1227203876
3612549345
1147451258
2235257663
2288958016
1009670989
1901704950
1586738315
1226568476
2535319161
407064626
3797574807
1434692536
2469162597
4113841966
1886056291
2979266580
4271464209
1382875114
2608046319
2926496816
4056212605
173526630
2864809275
3385175052
3470518953
189048482
852256839
888535976
1178869141
2565162142
3498235411
2682574596
1271392577
1200170074
3545635487
2744850976
2827123117
1830388182
1644577259
3902890236
2508962521
2211797266
1714296823
3843819416
2338609349
3134023182
1250896067
3467061748
841072497
2954896586
1478344783
468886544
509221597
284545350
1036839579
2988315116
3335542537
2604427138
253391783
2580860808
3739230197
3173229438
3311069043
3626629348
27910561
3461939514
264606207
3342100992
1509869581
2667822262
4265639755
174767836
3003957049
3632321010
3538713431
4206842744
499807013
1809775854
108073507
645678036
388190161
169523626
1258852271
1088383984
3672342845
1645888550
441188347
2641782732
1331950441
2691274850
431959815
322605928
3052819029
1823896158
1646045395
3815574212
202443265
1628196378
1969338719
3320288
3376105069
3067111318
1872391339
3471838396
1706619801
2776480466
3194850999
1113952088
3589717381
2938176462
1802021763
3901443508
3870691377
3600072330
3305901839
1210917840
637081501
2071799558
4069967195
2856758700
3299786697
1476671810
3197278823
723470152
2636035253
3696603454
2753567283
2938506404
1242915425
3822783226
3942813887
395172288
4207932621
2151121526
1584138763
3534310044
1873303545
1443107762
3934867991
2751904568
1266759653
3343612590
751695075
1078740884
2784100497
3888526186
3271573103
416533424
2318589437
4141251046
3842325179
1929831308
3469261865
3678685730
2506929607
2809850664
1911637781
3703136286
1958558611
617414276
1724836545
2533177306
58726431
2453535136
2136265517
3807448406
3742193515
772700284
3740462169
827055250
1159185783
1134221080
570548805
2467717518
3925405251
1429680500
636428529
1810307146
3988594127
1439392656
505992285
2313043142
2079285275
237963628
1640622217
526502658
1646625063
2319810312
503712117
3667492606
2840333555
702144612
3646268193
380294330
4256321407
2973436288
1935794573
3803514934
1909871819
1972868700
229683385
1519195506
3891325143
2165957368
152091813
2369370222
776050595
1254361940
63271249
3979308330
2585439535
1577839472
2222127805
105672614
2913809787
238493516
3184149737
4120165346
345308295
293012200
2532637653
3735948766
52727379
2680468036
3837889409
1528553882
3295753951
1904019808
2140086253
2671473430
52363819
3116147772
2717492505
3506421330
418167863
4168867544
3158689541
3429728078
1895821571
1080743220
2827809201
1373057546
3371232399
1284334416
3953742109
1507398278
3700865755
2174166316
1860292937
185932994
3365087207
3070719688
3730185781
2377059518
798932915
1678079012
2552931297
3095944826
4002729535
2348546368
3631517261
1413238262
3946798987
2264244764
2380646777
1876678450
1239629719
2176371384
54067557
57259566
361495139
1369673492
1230873105
3692455658
655875055
4165454640
241424253
2386306406
3607359547
4073134860
1294503337
3910856098
3321365319
820959912
29454485
676625310
3356664083
1343497732
3467177025
3743959898
3203732895
1974458656
1051339949
1500485846
4002376939
3854209020
260906457
3998834706
413954807
818456216
2978114501
2162580750
1799205827
2514893044
3880747633
707070922
224885583
4096992016
859475421
3375212614
3612136859
1748959468
2092333577
4108201602
2157678247
1898262152
449770229
2337692286
1373123187
963168228
794059937
3677595706
610929919
1603315968
4274518797
579687350
1030171211
1518562780
2970067513
3752876274
1327519319
1436775032
2797209125
798716910
2909609251
548066004
1333433041
909844650
2159528623
2403822320
751137853
1281727270
2211015419
1685509836
1839437417
1872158562
2555759111
2778886760
1326884181
795650398
1044870099
4051392964
759500033
350385434
3117134943
915826912
4049992045
1062043286
1948161963
3855104956
1215125145
3004744146
3809929655
2084646488
3463958661
2520840910
57816707
23682228
452383537
1452320138
836815375
3564937936
1503431325
1973157382
4006719579
3857095852
3691504329
1987903554
3640571239
945727048
3492841397
693069886
3937953075
1170463652
127067489
1349300730
3320974271
2746816704
2065442765
1533548918
2601366795
67172764
4158012153
3016399538
4134022423
1822022200
542362341
3616469422
2158297059
1134155412
2933670801
1029544554
2109372783
2328545968
2757218557
3196637414
2529011131
1728467596
3489357609
46698786
980308167
3478243880
3686046229
699832094
2692941459
4290399620
3377851841
2919915226
1001722655
200325280
2357364269
1049961558
646742635
2913314684
760893273
150856594
3605799031
715486744
2682647877
2990364814
610105667
4004790388
1011016689
4175036234
1830607055
891937424
2207205213
3169063878
1709525787
3729651820
2643856265
3920728578
3766262823
1282661896
3141196917
2103064062
2499762163
3839274852
1235625505
2851306426
3119303295
2419411072
2721125517
3431767862
4143120331
1462650204
2735838137
3052051570
4269458391
4133224952
1556500389
2164535150
3656622755
103848532
3225597009
4080915498
3034572847
311552624
4191874493
577095334
2996871291
3191180876
3840927721
3698328290
453089159
3451707880
3294318293
217203934
3917830483
3062956356
731614849
476055706
2339451359
226412640
3300905709
84314646
1486433579
4044542780
1595148313
2580071762
317462327
1270185432
1921833477
983266894
2025815043
2307318836
66303153
4072741130
3051071375
502981200
2513617949
3167086982
1061660123
4113896492
2451633225
1748755394
1708475111
2904872392
1487794485
1563870142
2876050099
845234980
3729663713
965215610
2803517759
482687040
2294726989
62579958
64424587
3888861468
3011095673
1875926578
3860339351
3802786232
147952741
1908092206
3289974115
1949244948
2624447761
429641194
2095585007
240962096
1913571965
1975286886
976378683
3989080588
3712037033
4132254882
1758436935
2158213544
3855270805
2397024926
3557714963
297760004
2631266113
2443407962
2948599967
318806048
249421741
6402006
486840299
600817404
1046118617
3476645650
1977011703
2939241880
1395424965
1427854350
1800945347
3181463540
3939059057
3859149514
3269277263
1454350864
891748573
1392607046
1035518107
2388389868
1248369929
3420190082
4157122983
439455112
3846817269
1587876222
1220640115
170104548
1850402721
283791162
4097476607
19458048
60632589
1320348342
880399691
160963804
3922625849
725344242
3959435607
3779301752
2436208933
2943609582
164964387
1498767828
471717329
842500010
3969058223
636185072
296970045
1984754214
1345508859
963855820
2846833001
169879138
311977223
2277921128
3703765077
624877662
3671998163
3439700164
633671681
4287929370
1868672863
3023448032
2677845101
1583781270
1183761067
2040294076
3958225305
3541027026
2657895607
3839413592
243590021
3883725262
652722563
918776756
696489521
879266954
182551823
1728586192
3326868893
492229894
3824720731
3447884716
388826569
2924595010
3843477607
324666696
1573804725
3613728574
1203548211
131967652
1650223201
31086842
3356329663
3038795712
2809420493
3140792438
3147522059
3495209116
3335527929
4058849714
250808343
1642658104
582114789
4293814446
904399587
1097033108
3625092753
2127626602
3667965039
3237857712
2642985981
2715232230
3613528251
2768355724
4210688553
2443761698
3340495815
1122281768
100920597
97504798
951374227
1680055428
2401824961
401835482
1360399903
1222604704
1807497517
215300950
1744285035
3862484604
1217245785
2399922834
3949755255
1013716248
827721797
2541768590
2519598147
1621970804
3101861617
4289259082
3299382223
2529452432
1845607005
2038819526
1959212571
2523457388
154021513
1767725314
1015002919
3630054664
2130423669
3711364350
1126081267
2270133860
3812796705
2652381882
156452223
1886095232
3373025165
385889846
2348526283
264303708
2336126649
2376344434
229678807
2488934648
2852643493
3907692142
2467409315
2014914900
688650065
19413802
3721470767
122939760
2588860605
907746726
1920994171
4096785740
1105300201
3332852194
4112134791
3518939368
2119016917
642939870
3897697363
316231748
1640075649
1283469210
2610769119
3904669536
670860781
3110969622
3556726827
493158972
4110052121
2901265490
2073522743
3316325592
140504325
3404033358
1676347139
1730081588
1369864113
696713226
3874644623
3986973008
285751069
2236530822
4075065563
2362377004
4046198601
381594306
3435355623
1761490120
3314664501
1171946174
2510771635
2755203620
3653085665
929279098
1590412351
717911872
2099573837
4023745526
1482339723
1537015836
937004921
2283857202
1727591831
1750534328
3556124517
2955453486
739381347
154578196
667559953
2063414506
1290031599
3769485616
1288027517
819516262
2219623995
2864576780
2938491817
2732293026
3411228999
336894120
576722581
1015474590
2759210771
3571893252
3863933505
3472529754
1438059423
1804424992
1226674861
3522152150
2640691947
2464214524
1374938073
2524278290
766322935
1347806360
2690814405
2808892174
4208904643
903370484
1821313137
1405278666
679407951
862462224
1411347421
510744134
554740635
343203564
1608957961
2419440770
614581415
2230971528
1850775797
2802829438
1511442547
979002852
4002245281
3749508666
792134399
2617059072
2558419213
2473886134
2474147915
128502748
2371971129
723740402
1502350423
2376052856
222112805
1533567470
3416863523
3229348052
2903316689
1846537898
1050296495
4106971376
3115145789
1339050278
797458683
208385228
864476265
3758452066
948371463
2846240872
2398833493
3190626142
3890285011
1712060356
630264577
2434974490
1176742495
1762780896
64970605
2216406166
2531978667
2053937596
2151292057
1969410002
2691538871
1814850648
3323852421
315943118
2244562051
2023324340
1113348401
3759960970
933903
4023361744
2617733277
3803032582
2181793371
1360689836
2786994377
1870827074
2463820647
2886820936
1979198901
1452725822
1798110003
3849550244
2322721633
1747189754
2706702783
1002673856
2950204877
261965686
1880427275
665081756
211157241
2154539186
3827950359
1945376824
2191323365
2959728558
4237759971
698938516
1368705425
471885930
2310205295
2876033200
2781198077
281116390
1458731963
486092940
2143593769
4158988066
3950347975
4063463464
551501845
3775202590
3981614227
1107880836
3897029569
1152953562
4087548191
956970656
1291971629
3182514774
1397676139
3351774588
1619858777
863367570
848877175
1760474136
106044229
3000977038
4016738115
2602720884
3419302385
4032023882
2757775055
1788534928
226504029
801358278
1486168347
645912172
3566358921
241508354
640602663
503618568
2571666037
1781507070
1672080883
21253476
3593153569
1662568890
2615525503
1105053312
401832589
839896374
3773846987
2404361052
4130822585
1371122290
3314710999
1259618296
550860197
887954798
161200291
2424158292
1847671377
2263786026
3303956015
743565424
2513359805
2976674982
2638968443
2686872652
77540841
607817954
1390333319
226271208
4107007189
2597237470
2945118035
2761793348
3073610881
1534875290
2767529951
4080420448
3645192429
745584662
626098987
783495484
2477575705
2054083410
49204535
1448917976
2914975749
3981141070
3800207875
3375563316
3248831153
1713956618
204807567
2877939792
2370415133
594777990
2808970203
946139692
3154328137
2258465218
2908584167
3667104712
1426167605
3080335806
2655887539
2844582180
3128503521
572216186
3316203327
2785785408
3851364173
2290881270
2563399819
3530207004
1258648185
684551218
2089144471
46147512
2493954661
783424302
4252441443
12205076
460483345
1882889194
1192004847
1597687856
3465064573
798042726
1699950907
431187980
4074141353
1590018722
2642596935
3678500776
3884018069
2705989790
3913941523
2307527428
3675518273
120438874
1624901279
1867912736
493438381
1041882582
531820011
586030332
2052671193
3020780818
4029645815
70681496
3374621893
3889775118
3385939139
4002113012
2627783537
3814441162
3998002255
2052890640
3223578333
2608672070
827627163
3934899692
3979404041
2985001858
3072778151
2709408648
3856886773
3566632830
903353203
3121427684
3759926689
3068894522
2237627903
537748992
3983250445
1624381622
174271307
1152744156
3418377017
1332145650
1204021079
1253560184
1255194405
2742606062
2733194787
1176403924
843602897
1506039210
651000751
3957811184
1421036861
1223663654
3519654907
3445629900
992640873
1632023650
3122764551
4215410536
2512363093
1782009438
357553363
2895005380
1554585089
965536282
3994133855
1160357344
1311642221
543998870
355670187
3627600060
894599065
168941266
2568682167
37489496
625150341
2286477262
3491157891
3068889524
2508266545
3383515786
3244751631
1590894544
181330845
899711750
2030727515
1622043052
3101379529
705647938
2454390375
4068787016
1219362997
384077118
84493875
3464841380
2949869153
4081690362
29916351
664982976
3293102285
3366051446
1752872459
4193257116
4180141049
3477483442
638369303
2461742904
1880327141
1493259950
2226266339
3966403476
1264782481
2236338026
988883567
974636976
3977161213
2068305382
3312379579
3203178380
2388346921
2776458786
1467687367
3443418920
1548129045
727071774
1851549587
2305440388
78837441
2757350362
3546022943
3429954976
1616092973
3240716630
2559705963
1112749180
2774038617
1715206290
1550922103
2687324952
1322921541
1952071054
3759348291
2383637876
2768645361
987411530
3158575567
2695716752
2450169949
1335728326
3243183131
2123548012
801272969
1221125890
1300884775
224852744
975263093
2487507710
2795583731
1119165540
1382002465
1760915642
564411263
4102817152
3202788749
2377868342
2781937867
3319419484
335297721
1915433330
3592443095
176840440
4046391461
3574305902
3985752995
1063143252
3213000017
4103145770
439851311
1904994160
475711165
72993702
3808616827
2987973452
1562956009
1697241058
3830409351
1895202536
1473660885
3664177630
4012882515
1541271108
1542559617
3109322138
1467556575
485229920
144305133
3457142550
4237274667
352149564
1797992729
1917573714
1492265015
3989461720
2460619525
298670926
2760252675
2680361268
2213543345
413584906
3584284815
1202413392
982981917
120876678
216164059
3891716396
581328201
668481730
3080950759
4058313416
922577461
578152638
1969220531
844935204
2961223649
1773075066
2343746111
2122904896
4060437069
1038002678
1965427595
1010064924
486364537
3252024114
3602819991
2716157624
2061716837
1566020142
3897042531
1253690132
2808524305
1767113450
459327471
2047067952
660054909
3789914470
2370149435
715446028
3629324713
2584480162
2405330759
3324663464
1697561749
757684126
1384762643
531194372
2871326785
2856118106
2166948255
240833824
3149985965
3034576086
1407981803
3287763964
3884624345
2550234130
1834868471
3134399128
4252153797
2254584078
2284838851
3619321076
2868809329
80783306
3292948303
462233360
2838780381
975504454
512000411
10140908
575079945
2700954242
1599601319
1606331016
2080521973
1463367294
2349162099
2033976292
1928753313
120996922
2796812543
2103026944
845465357
650882998
1228527179
2965252572
3572182585
134640882
1722270295
143388280
2045792805
4154806254
1066748195
3661434580
3687816913
1700052138
1428993711
4215236336
314916925
3517642534
3874952955
1817219788
4036633193
4259576674
1198011911
1822027368
554692949
2573043038
321560531
2425132484
4211939585
1758662938
388735071
947741920
2928199021
2740574870
1902592939
2197878716
993452697
18669010
947148215
2533861976
1542724741
3084441294
3050332803
3787036852
1391583025
1628979594
4276860431
2752683728
1117935261
2251250182
2029345883
3963508908
2137288393
1308105794
2473009511
3602129480
99603381
2286830654
3310457139
3004372900
42004833
323702266
2573727679
1757287616
348451789
1447196022
1422680331
926397852
3162883833
1316796082
2224789783
2923320888
454432485
1773456814
2117676003
2041057940
4118630289
710096490
2656789871
1560200880
2741214461
1365912806
3537326523
2061241996
1455287081
175222050
3140271303
3288679976
3896108565
1422095134
1808937619
709331332
342489537
2799106778
2688614175
4078154912
3585167917
2268954710
3888197227
1171940220
1190124377
2539519890
418745463
3525833240
988692805
1274098830
405251395
696286324
1955196913
1329437514
3159606479
687595152
731976541
1226010566
1593112347
2392962156
1254004617
2290658818
1653671975
2525321736
2441488501
3413447166
3154412531
1000467300
2279617057
531503034
1250866815
2021016704
3991265421
2583886646
2325588939
2741043548
344793017
1593358450
4015665111
3267132920
1259641765
960891758
4008955555
1958401620
1294975057
3121573930
2376913967
3338790512
1576188349
2665685670
4087762043
436685388
2071884777
4185202402
1500251015
3962330600
3614218965
1427841246
1463846227
681196868
2147195521
3590890650
1663639007
1440597088
3858407149
239789590
163174699
3225653052
2876609561
75817298
765559607
2079586776
3877709317
2825605710
1509271555
3671007284
3364274353
2969613578
4080964495
2986925648
1223725085
2693875078
3544404443
2340737068
1427472457
1785659330
2610278119
2666680776
2609200437
4134379454
3403560627
782794532
3956552417
2115936634
1625830719
2755802176
3532098893
2144157942
2641213067
2298088732
3720427641
3275389490
631473815
902194616
3064717413
2887321902
2625974627
3610597908
4222021905
3595135466
2044789487
554223152
2268239485
3084245094
2888042299
3448915468
2409348265
3299758242
1357253191
3301914024
3412594581
1344573086
2419431443
2269425924
2256665409
673713754
1722023071
949720096
1411689389
2789346262
3927000043
1711045372
3381136601
2991686418
1429748215
1680589208
1833749189
4077334542
3858393795
3781526516
3349696881
673287882
1517036111
117022224
1062259933
1785256774
2560650395
1185393644
791226633
3446346114
3442808231
2948270472
1621955061
2667048318
211724659
1743180516
3608998817
1079831354
1127511039
2749490176
2540304909
1432438454
4294738251
1002625244
3638694201
3305241586
1714920791
3072068984
3399214373
3354248942
1370313763
1826069972
3651330513
12657578
2042098095
315844080
602092349
1510100518
521175547
3644654028
2211825001
635257442
2421870855
3987590504
1626096725
3147807838
2440129235
34006212
817699841
2398435354
1903270751
856499168
1424980077
2095247766
1535602347
1791305404
3253159321
3397641426
779727031
445598040
2586914693
293916110
3874876803
3909330868
2863571505
375400586
1755083023
2945326544
1937885597
1146761478
835471195
3821684652
700027337
1262281538
1177500775
1218412872
3720193717
450100030
1543887923
2199709348
2994369633
942208250
406024895
4011152320
3511494349
679414902
3842640907
3480970396
2259659257
1846492594
2950067223
3061675320
3013913061
1384400046
2569811683
3244401044
2145620625
2067176810
1676779631
69322160
4173631485
52986854
791395515
1086815628
149720617
2529293346
3330955207
3330811176
4105779477
3444353566
2511601043
346085508
1198324929
3157271002
173144607
2633135008
3709535533
2146277206
4040972651
3260912252
1968389721
920389266
405137271
4007563544
4203631685
2846108558
1202204739
1567198068
1784263409
2642182730
1418690511
4085669264
172197469
2351253190
3783713307
1185719148
1434892937
1034188034
356786983
2841622792
3480681333
2143406334
1406390003
3691690596
2796336417
4148346554
3332714879
3181151104
3572568973
3336999478
1062622923
400797788
669647545
2283945842
3242199767
1672125688
1585852069
3516695150
3183597987
546530644
1193870161
1198118698
3477999407
481551728
2325130429
4043864486
2134226811
3354507596
2409633513
1360815586
1647615623
1864252648
2744053205
2062243806
2545766483
4208102468
1397857665
563661722
2013599967
2383119200
2707902957
1562508566
4241490987
545635900
2223765273
2702829650
821878327
4040792280
3676584197
556091726
3000054531
1784098612
3211363249
2671156234
352669327
3668073808
3897951005
1602886790
2861579483
319733548
2203099977
3194078914
154388967
3518738632
2996375605
2743162558
1321763251
2389724708
2624828897
3479849082
4115247167
121074496
3071656013
3193427958
3248578955
2830875676
3176209273
2633695538
422863255
2925757624
2013295461
2331410478
3392027747
2519525652
1211315217
656068842
311246319
1145685296
504990077
560082790
1911452219
4068193548
1219518377
1319933858
2451154247
3341817000
1244488341
2050737566
1380803347
2958819332
2636840513
4042208602
3242915743
3726136096
378822317
2185241302
2451730155
4177373692
1347514329
1929218578
1472107767
4030750872
1219681733
2647140110
2469459395
4220293876
580785265
3176035786
1623055695
748821776
2994290653
2622009926
1336432539
2897255148
1138183177
2805258370
2965254311
2171824264
3286492405
466789502
1738798195
1980604900
1016034977
3529478714
182513407
2208703232
1283140877
1553128886
3735759947
3586361308
128250937
4133061362
4134762583
1181232248
1825798181
2219982318
2301714211
3991809236
1539450065
2617871018
1148136623
581133552
3087869501
1375053094
706079995
69562572
618489961
1228048738
1157196807
1853729896
2236913493
1090384734
1076114899
4043125700
767106817
468934426
2900596319
618193632
1902259053
487065750
2207488427
2139444668
4184058009
3594972114
724241335
2094196824
268059269
88917198
327645315
3167336116
3434571057
1501826954
2927176719
1900387536
3446488221
3760261126
1401893467
928134828
3889870025
2447223362
1520654183
944169032
1538485
1047900734
2032543539
782415268
4022335329
3521289210
774565311
2863174336
702634445
2941756278
3375609611
2998604700
2275773689
2650653874
1472024343
2608370744
1774140645
2205137838
2240496099
3013030036
446027153
3891659882
1001642863
528532656
489784061
8575718
2322343867
11463820
3571921193
3127786274
697561799
3301377064
2982448149
82960670
2617362579
947267460
3451649985
1415923930
3247371551
3121427104
2794502189
456765014
1675854955
2816262524
1619173721
3031829906
167920247
3864080408
3183109957
4252181134
513063747
432970356
3061151217
2509728074
888617679
4031569040
1576139101
2295537094
4177841435
2528350828
2149244297
3625729026
363019815
905320456
603180661
556433406
504306163
334465380
3737466913
1605592506
1172810879
3019817600
2752005773
2221287734
1945829835
325214044
2115167673
1571276402
4224837079
3713317880
1535361445
235862382
167503011
854062164
3714991697
211828266
2400930351
1654776944
3527843773
1791611046
900801147
2883070028
3381508585
3693063394
2930325895
3922467816
3963437269
3151466206
1621498707
3263617860
99852417
201650842
1175262175
3044360800
1793066221
714413078
2245144363
633597244
644766233
3087724370
319043895
1014708184
2662550533
3959111758
1595457027
1046167092
2560116401
1397261066
3942123919
2977422416
1221031453
3021927302
1120479195
1855237676
3713517129
2477821378
2961040615
2051084232
2889409333
2578517438
2971585715
1102322980
4066326753
3448893306
4174850879
2540220992
3484414797
1769893622
2445347979
2339990300
3953983097
3205990450
1634811031
4223443896
4007724645
1777334062
558057315
2007005204
3171645201
3418896362
2506455279
3553018928
470580349
2391443046
2393169211
2304844812
865141417
2819022498
49889351
3175936936
293516693
460258462
1221668371
2330939140
522191169
1955748954
1092481695
4006679072
856691117
3101309398
4229929451
1828378876
2884031193
1241878802
619769847
1326514072
3215257797
4138016270
1070825667
372220404
3957315441
878140618
2268829775
2089196560
850244317
1069844806
4087104155
582322668
2421255945
2656739202
3119729575
3303524232
3584473077
1036606334
1293238131
2477813988
3545102753
759052602
2914609663
212230656
2174246925
2892002486
2504382283
1858090716
2436093753
202181106
3344651095
2792377208
2425817893
2631054574
2518772259
1300282324
2452449233
2804806058
1699899311
447702000
4282587453
696581158
3087489019
3708411852
61934441
3622031458
356779783
3741944680
3192449621
2574789214
3477274835
1299153604
570499585
2144175642
2038534495
4259357152
870375021
4090044310
2576073899
2973861052
296487833
2489709266
3733481143
2916255576
3981399429
53525454
3951362947
1292617140
3909888049
2592339594
2155996943
3644398544
2154082205
3380862726
2386435419
3604358572
3922188233
2447012162
2160292455
2510962504
2633845941
1664313662
3434246707
2779022500
3931208289
1350058746
2337171647
2339885504
1317113037
1523333750
2974376459
3505832604
4016533497
1313360818
743451159
1294971704
1835388901
1819751086
4082519267
1078509460
4120123537
3767626602
3584169583
2669396912
1084913149
3111727590
2493027003
2861718412
3937260585
3849749026
2487848391
2931942184
1331420949
1806899230
784044947
2244441732
3612803777
3749081050
1979183135
979628448
1645374253
3374433622
4040601451
3864522876
947782745
2162955410
2659884407
2826948376
3027401285
3076397454
1290618435
1320135028
2296199409
2811121738
227210703
256859024
1454140509
2937910470
1433319451
1857454444
4202365065
3354395394
330193191
742946568
3204227445
531576574
3400951027
3545258084
1613347617
3372223674
2018912127
1268580736
2334882189
1115799606
3633032395
2245856860
1191692473
1334398322
1326432471
532339448
1913476261
1587376238
2208427939
2612560724
1073711441
2041750826
2098496815
2295063408
1694667453
2082940838
3340275067
3048904524
1497849065
176092130
4006204551
1278606056
3782710229
2279589342
1643832915
1874274884
3353453441
88938906
2101415647
3155886432
1919203309
3869518614
1421892139
3221101628
3239886105
3109549650
2209846327
1322833624
1640914693
2028812110
248269059
1188777268
2215840177
1026976266
622249103
646536016
2588207389
240110214
1273893595
2383846700
2469062985
1515934914
1098121191
2290249416
3093607989
1224524990
2715883443
947121188
496417761
3902117498
462464575
1154871616
1280714317
4047570422
3184310155
556997148
2564088185
2576355122
2925139863
231850680
1263376741
3104140846
1371820643
1804601108
2318383633
877764330
2993271791
3212821296
2970316669
1867439462
2991015995
2185401100
2151523753
1086137762
1401215815
2535838376
1364986005
2747151262
599849235
117349892
1012991041
588350298
2518478239
1522913568
3650602157
3121631446
3624453355
2985560060
206058969
2808715282
1825524471
1889377944
35849157
1839076622
2615282627
558805236
1399691889
4248585162
2112181071
3869711120
4025361885
3302776902
880553371
2562095340
1150784009
584869506
2564056743
1779967624
3321203445
1960579710
1827834483
2966372324
3411573921
3237535802
3686655231
786604288
1723962125
3033140150
3553395275
4139312604
2777594425
1981583602
2297376343
3342101112
1709612581
2171546606
679310627
2072988372
2900667089
2452510890
2355208879
3942081264
696585277
1353732902
2028258043
1407864524
1347464809
1106319202
2973409799
793864808
1003044181
890134878
4006464467
123589060
1033184513
713272602
2269875295
2921619680
3429601645
1898329750
1299181483
4026119100
985689753
1960901074
4170301879
2643338840
1647339653
2066789070
518950531
2311705780
799861553
1231019402
2394333711
3613956816
3160941213
1887614470
2446919771
2991985836
1602288329
3140696130
1754238311
1355390536
3832487861
4178387006
111852851
3626128292
3526294881
602532346
3751666623
2172850368
1865269197
2598162806
1296764171
439251356
3992277753
4008628914
3717137687
3148010040
4002964197
2107287982
2458736611
1467371156
1088314257
3574125162
3787215215
1928512176
2469357821
2651556070
4256234939
779209356
2051045161
2279262498
3064670407
1954071080
4252971541
1905282846
4259405459
3969172868
2487092673
3445855962
3616336671
234270880
1067458093
4188396630
1203100267
1842290556
759523161
192813970
2243885175
627731992
246844741
1197805710
2192691523
3960256628
294714353
1130444618
2387259599
1083038352
611508061
1862454214
2797904667
3199561836
4104594313
2099235330
3211097127
2086065672
3499193461
3947884030
164212723
170731364
1524252193
2737353658
233874047
1953972352
3126504589
1899583286
487086027
1599323484
2999495609
3452359794
1794743255
450689528
3525502885
860350318
3669228195
1258623572
2665270353
4271967274
1228521519
2133975664
1925875133
2501934758
3815503995
3583575628
1858928617
1278884578
3533074311
2254166504
3007178453
1325661406
1270591827
4066605380
3374032513
2104574106
3449883103
2449260640
3891620589
21971478
429557035
3744746300
2224496665
352386386
857141047
401765848
1416983045
939208270
1911280643
1943493684
2983840945
3439350026
1935769487
701946448
214850589
3726418310
1979645403
1637125164
3570011209
2187467714
1813388007
3967798728
119310645
560233406
3507446451
1655683876
1310342881
2423602554
225845567
4286525504
1560828237
3315571958
4123288203
1508428060
4106798201
2623837746
2951672471
3567444408
3175492709
3895911726
196173155
1643877908
3751804177
3501655530
429518575
4151624240
219570813
867120230
2362815291
3441426956
1589004457
2295295138
867989063
1153085864
969235349
2200529566
2468135955
344583428
619579201
1819060826
1883760799
301371424
975927213
4125255638
3588091883
3085514492
2708838617
4213808914
3747194359
1155939736
1076696773
1924336654
1465685699
216645620
2303155569
2281515722
4105899599
1526962704
440047837
2609919814
3259504795
4273170412
2427041033
2763664770
4251025831
1627686280
3301989877
822790526
2000409971
3177844452
1420754849
4254041914
1156472831
3663388672
737592845
3855590070
1245654347
1571656924
1958059321
2760382450
3945728343
2561968504
482488613
2720506606
4031086627
1746524628
3689410001
3440033706
1771888047
2205901296
1725103933
930589222
481177083
1489419724
985420137
4149894754
3369942279
1330989416
768970837
2210437214
1321506515
247996612
2960467969
2350240794
2252441439
631513056
1795310701
85937558
1329601195
732816060
2762002841
3887595730
692526263
1007011160
2661120901
3712788942
1573132675
1661199284
3499732529
3591881866
2300009743
1540626896
2977404317
1159564550
241169243
3117548460
2030443977
2112356162
3255281767
1503984968
107803317
1879234366
3608086579
3055297188
3612901473
3157758202
3675872959
2093633472
3152409293
3750324342
1295562763
2120360092
3008312825
4025571762
460972055
3604083000
492238309
651829422
321938147
3911179668
745840273
895236458
268602479
2332410288
1153457149
507109350
1974823099
2085435788
3013548585
295374882
1085850567
99328296
3962471701
2257159710
3111332243
1558058116
879823041
2385296858
2521687583
616918944
1866060077
482734934
411108715
776097404
1859701337
3295421074
1872712567
1292963096
4236681285
495454094
1877105731
3789932404
2156969713
3641712202
1731619791
1946704272
4148515421
948216518
2634452507
1991270252
2661238409
1739297026
3368587047
371275016
2293385077
4094469374
2336815859
2827351652
4275487009
1580030650
3065453951
512589696
1637212045
2156719670
4050715339
2412145756
4048916153
1214274418
4287592151
3199932664
2881780389
4228800110
3207726499
818782548
705040209
191591210
2743794479
903078256
731805885
632673702
984310651
4218647884
975086313
290554338
168757895
2285746408
2442148309
2168730590
3454565459
982239300
966896001
3832637338
3878487263
656047968
4220657133
3935721750
2220929067
1936095804
2698871577
990250066
3508685367
2278036696
2796061957
2569348430
947347203
3041880884
1374457777
1923495946
2245540495
2875218256
3496202013
2474997894
1895557339
3641604908
3526700873
2076500674
3764663783
2520329416
3361758261
2464690878
4004097459
2959575588
3018441185
892396666
2122816575
3076812608
835095629
1452946422
3920104843
630880284
797484921
932519218
372231575
1076887736
1959444325
1736727598
4278872163
1256400148
3982245905
284716266
2062952943
1806025008
1613583741
1269533542
3461357115
1509519628
4277857193
4030575522
1402999111
3054211240
4206538389
699441566
1189383955
2744204292
147262017
3231961434
2141119391
73617184
2227907245
3696262870
2778667755
1859806716
2607741913
3041240594
747634935
3152731288
2848139717
1977877262
574824899
3372273396
3178045553
1150947786
2612840783
3382450448
3784510429
870321734
1291846555
1152145132
2760366089
2482238594
2543492263
2578244744
37171445
3797254270
468787315
2843794916
2672919201
1392651834
2571819775
4279181056
20445453
2943433142
2828916811
2476622812
782794809
122658546
2652562519
183543928
3844719653
1862015470
2641988387
52455636
1329017041
3351455402
2902726831
3560661232
3878482493
1306198310
1399036155
3684641996
4076074089
1746904418
204199943
789915752
3295535957
4119777118
2670158291
1403940804
2862689025
344193818
644055647
1415569120
1067775853
531915926
1325155755
1415451068
2135766169
1558906834
547911607
2033804376
3533082245
2575605966
1476764803
3367629492
4224872753
2964040586
530847759
1450940624
2408777885
3075761158
3016941147
3712610988
1716994249
1241040450
1026278247
2688310344
855033269
940871230
3990836019
798093732
701367137
2304849914
767613375
1833799360
1688872397
2563899254
1628594955
3985756060
1869945081
3243237554
2517678871
2394755128
698452197
3627390894
624913891
3846532244
3898007953
1904975978
276088687
3612655792
2237484797
2852402918
2896548795
2216994956
3335109929
4072101666
3799146183
1394245672
1265227797
446610718
292615315
3332596612
3891268545
2446451930
1648025887
1859137184
551519277
2726431318
322449515
397507964
758656345
464923026
204189303
259238936
2917315397
2848390798
3296651075
540726900
98337265
3634038090
1213081295
2579421328
4280534365
2074245574
3895752987
2259111532
677603721
4153628674
3755452967
3920073736
392108661
2850380798
4281615859
2656748900
2082423841
1779302842
581539967
970964608
2967278221
3766256950
96841163
120920924
850293177
794157682
3167834583
4216666104
787615141
686871918
3776712867
1024602196
293294673
269605418
1007171119
2628903024
3212733373
2649173158
2094452347
390718540
3946595817
3385116898
1161012615
1104910312
2892926165
2392877790
2558609235
942675780
1232317569
2857209498
2045050847
1802780256
3711619309
309948438
1158863659
1821681980
1173349913
2607221586
232367415
2388243416
2288490501
208346190
309258755
4215503412
2487964337
2653429514
209384847
2602948688
352666141
2659864454
3974419419
3833883180
3144438345
3062081986
1314803943
1974373320
741355317
227011006
2863659187
295393572
2131051745
1187548026
516233023
1552264768
4203790157
338742006
1232582795
1950885660
2031389305
3676415026
2434574487
1081679800
2715505253
2800603950
3687805795
373732372
3815015185
1695929322
2256430319
202555440
3662694525
658760294
649496891
416210956
2433453737
3876059810
1664068679
3675811752
3292266901
122935454
4011350547
2752809732
401345857
2411133018
1948376735
571215392
3916881325
3713701334
4148970987
3334968572
708075225
1170058514
74603511
3316349848
1860517061
3878746638
2895490243
1167318516
534700913
2735929546
585794639
577804304
1979154141
4257998150
2225335963
1520518636
2956065545
1619639170
394246055
68240264
2921989109
4173084542
185756531
1695788260
3678406049
827381050
2295551487
2365545984
377826317
2175717558
2666038091
2290807516
57107257
242427378
1370668887
233359224
4011677477
1475121390
3759773219
1017313236
919761873
4065824170
110580655
3442958320
3667060029
64641062
3439657979
3430128588
2834798441
71363682
723940103
3197175656
798111317
4202235486
2415275219
3322986180
1545154049
869147162
397507935
710385120
2052303469
820345750
4238635179
1510621372
4207253401
1148849874
2394280631
1160315736
773562757
534288334
3182636931
2867593652
3780588593
1226543754
39637775
3076462544
2260368285
925317894
842123611
213770668
1467245513
2405797186
2314985063
344963912
2584516789
3242345790
4212891187
881049764
4186932833
4217822970
2274645183
1124912576
2574932173
917935734
953683467
1472036508
1382480889
3540674482
4250113559
3546558264
1131944933
28118702
2025486563
1004993428
2760189073
4187424618
2467496559
1205845936
2231779837
2976550374
1384267451
905451404
3821035561
2603589154
1272445383
1275420456
1261513493
2647651358
3051011987
434418308
3736800961
1213402074
3948141599
3692490144
2224109357
4208599382
3889912683
438086780
2556661849
2170302610
191105399
1553091352
1389020741
1545729422
814182979
2534139252
3514057969
2986470474
3784434127
2712754064
1812871261
2824622278
944661531
3734650220
3253963913
2631343874
3029517607
3874091784
2895637877
2094666494
361468147
3685454948
45336353
919251130
29889407
3060661632
3627042189
17308726
168188107
3047148124
2798867641
4071057778
1388260567
3232454392
2343280805
703548526
4034010019
1607647060
2235340113
2090090794
3266408751
2748047216
1584029373
1840546726
1508784507
421286732
2988828905
3851685858
872693895
2738190056
869851093
3877151198
1535513171
3679479364
680636289
1057338778
902363871
1326054752
3169813485
3908601622
196150827
3133069372
2748205337
2787381842
2570911799
463950552
699575045
30217038
2949805315
900958516
2834699697
3213231626
3075059855
3911669584
179483933
1865098886
2579087067
1945524524
3228529993
2728292546
1711565799
2061494984
1653342773
21209278
3038921651
1984636964
3748448225
893137530
2653852223
3739413824
3882283597
1852006902
3308479371
905041436
23883129
4144638770
3501556631
3313385144
1954014565
376654382
1375764067
3022406420
4055418385
1024408298
3962740719
3367747376
2877242237
913848678
1174991931
4188032780
1156067753
3710796194
309020487
2749451944
3326694549
2350059422
1001923859
101964292
2187137089
1235623770
4258322847
1525730592
2553188525
1761651926
2061857003
2947597308
2110112217
479310866
385922807
1378359960
3214102469
916058382
2790537155
1923280116
3768362609
325574602
977551183
1434523408
124252637
1767095366
422828443
814888172
3819445769
2054914690
756077223
2419171976
4171814645
3829329534
4104107635
3760356324
947554465
142310458
3280457983
1949015296
2615041805
3431491510
3709808203
745775580
586303033
703769842
3052837463
2442978936
1788668453
3438872558
1747296547
77694676
3266950865
3167220906
643206831
1584357104
1896142909
3379932966
965897979
457444044
2361866857
1002320738
3586985479
3989366376
2671937877
41893214
3509647315
1441729988
4108136705
1509181722
170621023
2542492896
1259232621
2830275222
137927595
749891516
1191836313
241505746
594488759
2413077080
3777803397
3762851534
1053604483
4187623604
2972186417
258439562
3779169807
1853789904
3337481885
882250246
964473947
942526636
2086504137
3190707266
1484257639
2795444808
1806592949
2072771646
2932074803
3035729828
1990003041
2185790970
2559823807
3993504960
2320927693
691481974
2223618315
2900700572
2351226617
2501963442
21131543
2496089656
2598022885
322995630
3181478883
3708062356
2432657297
1031695978
1205681519
3433479856
1941648637
2758599910
390769083
2177336972
981664553
2063852834
753505479
3769384488
461667861
2149395230
1454410387
1185022340
1221726657
565195482
3784890143
1553575072
3394169389
2513320022
1181386347
629398396
3764056921
1700673426
491283575
611117592
457103685
2761485454
1677458755
911799412
324536305
3578057546
3808533711
2078267024
1845799773
783427526
1028935451
1854483564
2605690761
3346458114
4143570983
4259861000
2019344501
3706374654
2119097331
1350067044
3264498209
878923706
68324991
2218278016
126843021
1378857782
2922578891
2332457308
2110011321
39121010
1901660119
4273829368
4059116453
1862910830
2637440675
2299481684
3041515601
3237128234
3884362799
992075376
945967549
85842598
2180097147
4041917004
3202059241
3569309410
2256591751
2622182888
1473196757
4205631710
3338067283
334280004
117158529
312073370
3403216351
3252403296
3400546029
3725827606
2285580587
1306855228
3933776921
3409779026
592206647
531689944
3129589253
3914009166
3231842307
1419745332
3219970225
1186983178
910453647
2237978192
3781961757
1969749382
662350299
2003060780
289314889
2954180546
3612772071
2513258952
2608059701
3726333886
3187707571
3463903012
86002401
1888213370
2898529599
779889728
675882317
3576822006
215682699
1519879452
4170207353
4216238642
2231000727
3208601016
480278629
638894382
295536995
344052244
1213794577
149201386
1544739567
2443230768
62533245
3913846886
3695664955
3966615052
1251005609
1118865570
290644551
6696360
820160405
669927070
3703828499
3113167108
2014974785
1584481882
3433813151
2668727328
3237102509
4014130134
3765083115
429257468
3324191961
2848045842
339415543
1365293464
3419235013
3558795278
3212755651
1076755444
799435121
93898442
2445933135
1389205008
3320079581
3866596166
3132081307
3061785580
1860845833
1372146050
2286808487
772669832
296987125
350070142
2291728755
179129060
3875605409
1216488250
4184361983
2761153536
3242430989
4294835894
323082571
1868058844
3175688505
3385734130
2061923671
2249000312
2275966245
1042382574
