1129881563
1471006252
187563593
3118556610
789109991
2116003784
1729534773
1715692990
4221387955
636499236
3539759329
1373489018
12657471
1863993920
1581558605
3764111094
1678673035
3476587292
3622909561
1692295218
513422487
564214712
3356278373
3564654382
1967112035
188911636
701935377
3261730794
2947379439
238967856
2460955773
1646124646
2586858811
1766210572
834878121
182695586
507525191
2662828968
3564662165
2037208222
4257981971
1064789764
3684251969
3406443610
2101602975
1435413024
3443575213
4003697110
2288587243
2324033788
4018604761
125331730
2648041463
3850475416
401385669
4254692878
2370566339
3172841972
2609319793
941962442
3569324111
956970000
200043229
1027858758
673430171
2137432556
752854793
3018028930
1878410151
1776181128
1320972277
53719934
1250670451
1585744100
4188221857
2346848570
3692782079
2825910784
2506430477
924175542
2039172939
1813466844
2049969977
3609977330
2046577495
325903224
2516239141
2519928046
991289891
3451573204
2461048785
1848101290
605183919
2134834160
689819965
1727026214
864735227
1015478220
211501929
370714722
1677917959
764158824
2608505429
2622390878
4080367827
1955568324
1077041665
480075290
1478461791
1958099424
793351789
1768585110
1942830251
2489621692
3993256857
1664142034
1222991543
1465589592
3452898693
1157436366
1173715843
1821498804
1214996529
3668561546
4001226511
198489040
3906693021
1557870342
1857918299
3206495660
755896265
1857767746
1715366503
1941493576
2353726645
2037760318
4112575027
1863359652
2388570721
1634999034
3626524863
2203675072
2676376781
1364824694
528931339
2682641052
219916281
381625266
3429442071
2571389752
1459718117
1286572718
1631765731
3306870676
3251589265
1340293994
819596911
3317914544
3585945085
3099363814
4162063035
2712105868
911215657
3607321122
243303879
39615272
4274362133
1801547806
967183251
931106436
2403351233
2594064346
4010666015
1498515872
1991451437
3600489814
2433754987
2803042428
3851304025
957279378
4066350455
4246759192
3576312389
2348970382
743816771
4274897268
3488903409
4228655178
2482957775
1342370704
106636381
810306758
1508257819
4204239212
477706377
1143528194
547442983
3681488648
3699530101
3737751294
2518473971
3008655460
3119444769
1683219642
3685228415
932616576
3513266573
4243003446
1220617419
1046750812
3514040505
3981976946
3567302871
3806819064
4158721189
2108541038
847669155
1025678164
267567441
1767669034
1824816431
160136048
491604669
2504163238
2324432251
1550298956
530683113
2271464418
2356726919
1021874920
454642645
3697679838
3420282451
3288810052
1367530369
3066884506
2295269087
455121248
1480421357
3824517910
854708779
1985033276
1994716441
852676178
3104082999
3868290776
2059278085
946442062
3945578755
2677105972
3940696497
2114732554
3154295951
223671120
1227596061
3579257478
3965553371
3582965036
3420528969
1307323586
1843328999
2697004744
3156373045
149888190
2285866931
1192231972
1695806433
3863047802
2371526207
3169290560
1070259789
3346947574
2818191243
3679597084
3354990969
3837191986
291704727
3759561400
626610533
1861076526
3114322531
1100095252
2514154001
2085844714
781298671
844585776
1150166909
4198643046
1303560251
4035422988
4182760873
553254306
212587335
3169872552
3442851989
2770111390
1687908627
367441412
3485088833
2733202266
740484511
2447599904
1219001517
4281968854
1815231723
1977556988
46689753
3124523026
2073314039
3815650968
3410672581
1878158606
3980035011
983353588
301257329
40508362
491342671
193639184
1443683805
700168262
3907233179
3016200428
3422931465
1707425410
3703004839
2205073032
1743471349
2376493694
3863544435
100882404
948810913
4177311802
1409277183
3406575872
3211676429
4276052918
2951871051
3396337116
2976576057
1184590066
3245352535
1083245176
1277842981
640648174
3243371811
2653512404
742908625
176697514
2365692591
3890674416
1346356285
2776345382
1682455291
2714199756
3021661801
1569058658
2111412743
573833832
2983916885
994359646
2124432339
3906857412
312892673
1353942298
2680783967
1431959776
2092190061
1445432982
261187499
3648834492
2851645081
4178301394
3637426615
2205597272
2475696261
408750798
1564411523
2075126964
2112627505
3940922762
781359631
3529781968
2445204125
3409579526
3526918235
3103730860
1839674057
628363330
3152708967
54015560
3701266357
3266279486
2331587891
2347658148
2635871585
1850065402
1448598463
3653544128
3843192781
2966038902
2473100555
528320924
243895033
482716338
3817340183
1947691576
2568231653
1764950446
3562655715
3735578260
1811518353
1438296682
1590970735
2449103536
86122749
347005158
2970383803
1944511116
12758825
3066536226
2395087047
3430111784
633924117
3567167262
1420547731
3098336644
3808902593
1911254746
1786962719
3175368864
3911243309
3598660694
2949599851
2498377596
1295359833
3640718226
796127351
376112664
1615742277
3614009486
637159747
3465203828
663237617
1497304906
647932111
2845930128
553752413
395453382
3944487707
3371599980
3246742409
3870859778
439905319
1608347144
3606522997
3184150014
286271475
881934180
3145692705
3621555130
2065865343
550557824
91710605
2868817718
1159581643
2923091292
538239929
821406834
912954327
2859045368
4174815141
3182968686
1031303843
1322199636
2913993809
1605035050
986298415
1481734768
3891609021
2241582758
3602870395
715529804
1342650345
1719603938
2921686919
3681448424
1170185941
1726633182
3783141715
3239285060
3382500993
2018580634
3540976095
3781318752
1118708461
771791382
2678848811
1541890876
2369738777
64738642
2655250231
2886405592
2118461957
316114510
4062989315
1592620084
3347645617
792078602
4230838159
2567074384
3902084125
746846598
911111643
2272109612
2556445769
3276993474
3328250599
2568906184
3552198965
1421267902
3545094835
464245540
2088204001
2273383802
1763711295
2549139520
895291725
2067592438
2010241675
174579996
3872193657
216755762
953674391
3544676792
405922917
1769946414
124638563
4200443412
170603793
3927498218
2007099119
581720624
1031346813
4127362150
941697851
1237654028
3534258345
1718371490
180579911
786778536
4001305493
2816983710
3755424787
4258399492
254230337
2510586458
3761103007
2574526496
4263260077
3396059094
4058474475
2721337084
3403010265
3814487826
67018231
337040792
4197764805
4033307662
747966147
412604404
3601765745
243991242
1711212111
1749496336
2369343709
3889139526
1989120155
1478787052
2197286153
2500003202
1327790503
1857756552
262542837
490021246
3966913907
486418148
2294560673
2398314298
2265995263
4142168064
1233354253
1866791606
2655298891
2277813468
594662713
4201050098
697303383
2658214264
1676011813
1917319918
4244240419
2903765460
1512777169
1992595370
740087215
2563439088
174962493
597885478
4159809019
352572876
2036762985
1884239458
2472293639
1721229672
3167176789
223801438
3396800211
715667652
3160825857
3148196890
1486847839
2100934624
1344994413
3649086870
2034340523
2609969852
649660825
2705512658
4284748983
3729677656
2698851205
1440285134
4294218115
2806643636
2377705009
1493015690
3671282959
2670703056
1940802973
3879003398
782199643
1591417772
3524023753
4119385922
54698087
1618187592
2272963253
1829056318
926777395
3561503396
1227208801
3220400378
4222834367
3043747776
3601509069
2497101942
3946197003
974207132
1455648249
52965810
122869783
2074511672
145927653
2647816366
2833046243
4071749012
913299089
1198395754
788169839
577591728
328406013
2352822246
4176535739
2418168204
4110504489
4259833890
4138712007
3796252968
223886613
3438796318
3692929427
3277204612
2585411777
2618594778
3273907743
3832743840
765102381
1224690518
3363470699
1002268284
2175337049
659487378
4013181815
1517397272
4278081605
3907805070
1460327491
1992548212
3848795889
810415690
2439668687
2239492496
3233024605
2289302214
2705196571
2136045420
2522709641
1050962178
4051404583
2919746824
4160225141
1508310270
1315926771
2638876260
3864787233
2889953978
2915636607
189208448
831690637
3115468342
1365670603
4111303772
3246507705
4042208114
2430627543
2594681080
4082643621
1910421102
1440120227
385333588
4156114769
1574259498
385545007
3881007472
3718852797
1838230950
3722369915
2128645452
3057179369
1224104418
2742944391
3249557736
4243714517
3700067294
260764755
60547140
822272385
2830188442
1719336159
3873445728
1261098477
3332878614
844245035
913936956
2087041817
524344402
4063183415
2554375384
1633172741
258047310
3700938499
2999288628
2524694449
1983647754
2156147343
585888080
1493862173
3914125446
3509280987
1564971820
2695587657
2316679874
3901697511
1463272648
3722318901
3113913022
2361927091
2479071780
1227291105
2778512506
1142002751
4030072640
1861960781
1805093878
2207614347
1283035164
1684856697
1299969330
1157154199
3946092728
3499521893
875344942
245817443
631586068
3066525713
2075804906
987636207
3476904240
2909801853
3311330150
159094331
1694402828
3989644201
1262128034
3364292935
3835046056
1750361749
4056873374
528418579
3879293956
3386917441
322677082
1231346591
1547757344
496755373
3225016022
3381170923
4286938620
2007970777
4074274322
3876911351
1736144024
3567968709
4009253646
4217084355
1192158964
431249521
3431459274
1591787855
1061138704
3782329309
3883886150
2166848411
1551724268
2176192521
2979843202
2000524455
465796232
1978460405
568318078
218601587
2473915876
440842913
3183871546
625791743
469284608
1671737613
4165374390
4102246475
2484427740
4503609
1653503730
1650187351
487407736
221084709
3934024174
2651718435
3933896916
1280993489
584908458
2976125103
2179660016
2275912253
1365661990
2659651835
2252096716
2357079145
3195305314
1418383367
3937910888
3963591509
2189764446
2260326867
703498180
1836212993
3446919962
849443423
3696588512
3652038509
1668660374
1625144747
3399559612
2487577753
3419791314
1822781367
1474427992
632702597
1836120270
3725991043
3747613364
2815535409
2498855818
2738884623
1647784144
3198795933
550222854
871519835
2696088236
2319284425
1324981826
3964058471
2070606920
3169090997
3900106302
2850933555
941492644
3262856033
3330084858
2017120703
105850560
2756632013
1837062006
3606043403
3751864220
365515001
971421874
3888755479
2683414584
3588047077
1519251374
2395727331
4046947476
1362237841
2499639402
1363984239
1729910960
823133949
2405928678
2143374267
3864641676
1124857129
476327714
4132001479
869603368
3849555989
3295483166
2147183763
1199274884
3833152449
2300165338
2834356511
3202205344
1948269613
2652594774
2333190251
2341246332
3001574745
2482569618
3785401975
3107210264
3778702149
814438030
1871142723
3883462260
965982705
4047035722
2221022927
3549589648
359824733
4075934150
743174427
229140076
3405881737
3152818178
1449828903
3052284936
1870975605
589280254
4265262579
3716078948
1787067425
1367464378
597397631
3875100288
2243545741
2567036214
496707019
47985500
3854215609
2638527090
2483177943
2745290744
392545701
169946478
731941027
2241611860
504269393
3554390570
2975346223
2794551408
778642365
3173156006
1340753531
1226243148
2184609257
2664014050
478322055
3752734696
1890600149
2907095774
100908883
2074095428
3082085505
3085788826
4078106591
463066720
2712897773
501925910
2598654763
4127703356
1951931929
4110541650
1690737975
2603764696
1408716805
2651288654
1517249027
2333708852
2277149361
3273520906
4177980815
2601611344
3398171165
2075240326
1827949531
1193116204
348293705
305430978
2221492455
3406635976
177071925
2811904446
1689153715
2673307940
4213341409
2962514810
3459190591
3048687168
480606029
143532790
2068131979
2441559836
1893253753
375946290
3854934167
400406456
2122779237
1056320302
2135681891
3009989652
3417291537
2704780266
675699951
671766576
3295871101
3629595238
1908539707
842266636
2059257513
1063572130
4126581831
3456305064
1790294421
4073861278
3549614611
3256656644
803554625
2343489626
398972575
3393824288
3609695661
1352920534
2736111083
2110958844
961844953
1487963410
3570881527
3449557912
2326590661
3685044750
160310467
3053581812
184949617
2892026058
3085859919
2155098128
2192979677
2563456326
3098240667
2966576620
4164956937
731026306
84062119
2055723912
3401563125
195465086
4161332083
1499972836
487931297
4118064442
3736423935
709424640
1037165581
165947574
1655569227
3747744476
2011405113
4010933746
466859863
2892324728
2013335333
4274841838
1418595875
1180504020
852863953
2127652266
3436661679
2470901744
4159544637
2663755814
134773755
3849368524
492949353
3086337122
1902471943
2660474728
1883500117
181362270
1667802323
3601913540
1439327745
4129159706
3721360735
1655518688
1228694125
1678168982
1986390187
1454201020
580767641
3905218258
3499281079
3761347416
1377524101
3475304398
2812520323
334633396
4231425073
247556746
936954639
192589776
2729522077
3892220678
2452701531
1854339500
3325729737
2714133826
653710951
1142838088
2899988661
2768543038
2466911795
2809125028
958185057
4058167034
2079214783
3161351616
2113867981
2864967286
110462475
2922140
2073768953
822165426
887918103
3505964856
814994405
258303662
908521699
3392738196
3963640977
2926108522
1976236655
1342658480
2375612925
2385372646
4118656699
1720528780
451057705
2185000482
1032778183
2971662120
3726304021
721308702
4031068051
891079300
4062463681
2835014618
3421099039
1015317920
3971084077
1171487062
2811548523
1951908988
284411993
2399078546
3065577847
582148888
922910277
507923854
527428163
279575924
1410039025
201311306
2944784847
2212818832
1329393757
3339430086
1011211291
1677415788
2406597769
3465541378
4177902887
1737526024
1839048053
2306108158
3497134323
3845106788
2012806945
933134522
2358905727
2749863296
837614989
3102569526
1505480907
3349602908
3166670009
2784379250
4023395543
3042438904
2499762341
4135560302
1859556259
2327631700
1353698641
834541866
3118557487
2248898416
171251389
3830438822
3705778555
2034854732
3825213673
3623413730
3375577223
627576552
3506083797
1226766814
1961396819
421559876
2377312129
369462682
685175519
1871680864
1984445421
2747916054
2304933419
2324820028
2769715481
4112443986
2785671223
2766138072
2250400517
784952142
464710915
3622412596
3410316721
2245778954
364226703
4050841424
1830382877
1404206726
3114874587
888107308
614837577
3417262274
1240425447
3835593416
2311698997
2394290366
184597427
778518564
3261726689
409471610
3078130239
3631514944
1851501133
3256924662
249617291
3381718556
1007723897
3618702130
3409869719
1229117112
1375968613
4191920686
157087331
2477284116
2028207633
3398505194
4024080367
487806768
2994860925
2666238310
552889403
2707777292
2843371945
3001751970
1125269319
3677087400
631442581
452028318
2886901011
2122052100
1899382849
1862137690
4216770975
3549324576
1522485421
3953788118
781117675
219929596
1069939161
2229570578
2101718775
913879704
1278937029
644761870
120369091
1433470196
3668172401
504739786
556283727
467971856
2701568477
1806898246
3441119643
1159941356
378951177
1927568002
2826160807
2064136840
1042190069
1250510462
1568026227
1591120868
3241132193
2784973882
1665779967
299185408
134944525
337493942
2563024459
1504360924
3125706297
267486450
100110935
1014595192
3563102757
523853806
3497662755
2965085908
1033694929
4204907690
779519663
3168728816
2336198717
2076247846
3832932091
580985548
1544647273
3436383074
2582382087
1915453032
2027176277
372610398
277049299
552543684
2775476481
2778997018
170487903
4256992
3470202221
1261693590
1775899563
800425916
29504153
1745874386
3677103543
1732065880
1443654789
3941918414
211628675
889202868
3135713073
913133962
1218283023
2331651792
1338287773
2899143174
4183567451
3092703404
3053698761
1575955522
1666380135
2861412936
2270962613
313414718
2727502131
306030500
3708436833
2988727802
3066939327
3351880896
2478523341
3164898678
707211531
2343847324
3090749177
1484244658
2663082263
4273727032
1222010597
744021422
1324219363
1840685716
932880273
61884010
1282749807
3442366128
1496182013
4170202342
170271163
12361356
2894412585
2674965794
2088799431
1244059176
659437077
1890288414
3707437715
2084182404
4078651841
1807223514
3691958047
1298613408
3343884845
2955382870
3456368235
3860788092
3419089753
2288062354
511532151
2263712280
810979653
572343438
381973827
3797355636
1691303921
4037192522
3268777167
2255711888
2652070749
1958838214
2167129883
1917469804
330164105
3868179970
2303514663
3002001928
574781557
4242874878
1964332019
2757524324
1052344865
3466012602
2563016319
840029312
1714172045
2306149174
3049814987
862818652
1989177273
2063845490
1414135767
3217690104
2619665317
2801408878
3480788643
374957652
3214741585
3883696170
3767968815
1975613040
2701986237
1394160294
885333115
4286044748
194364393
1686384354
1502598023
2195582440
1305537237
538128606
205083987
3424439620
3808225921
855225498
3083267551
3535885408
4176015085
3359962646
2915871019
3826786108
1050731545
2409099602
1710838583
2773060056
668562949
833053262
3496114179
2301997108
2434535601
779470090
2257609615
370175568
1890770973
3780072838
1732911579
381509676
5558345
646320066
3911286503
2481709512
2341571893
3740118974
801048243
821235492
3472720609
1293398394
2951611711
1215153216
2484985165
139415798
3999827595
3835075868
4128540793
22383154
2774750871
1868821944
2064396389
3571259694
1557791075
3060001300
3999547665
1741060586
1100665583
2656589360
2812077693
2300307558
3339900731
2727532044
2852326569
365781154
1608112711
4228957608
3374079893
3660357278
1493067795
207044868
3184741185
757669466
2752629919
1745822752
3630365613
21765078
468980715
2640382716
3137559769
3883176722
2422213111
2450608536
1230314181
1062420494
2755082947
358355956
3096289649
2443615946
1250816591
26291728
1818434781
3493260102
1853308059
158350316
213416201
4153549186
294708647
222599560
614901
1317535102
3981408627
2478924516
915817377
1063648058
1661617151
3265098752
4065348109
2264094390
1187467595
4075776220
4152713529
892144626
3502730583
3175718264
1380726053
3150042862
3251774499
429272532
2628792785
105788330
2252456367
4004705776
1906148157
1482186278
3822014971
768446924
2022511977
1829524066
2115936519
1434410344
904959061
347589726
1040857811
4171855044
2354998273
1275480090
1739549535
2769335264
2591934573
2298282390
3946462891
1169798844
1639093657
3115775186
1014071479
3708082520
1636401029
820043214
3171073411
847919028
333705777
2079668362
2240692495
3501567440
4125366685
3745005830
426973019
1847777196
2308497865
4084462402
1364921447
2662928712
2087319221
2708736830
2290527283
1753708196
3728983137
2000815354
3638117055
409002944
360937165
320937078
4054113291
1916269724
4221762041
541740466
3577103383
423298360
1319434725
560485550
2300643043
3417321876
1665196689
80981354
2236313711
3465631152
3285114877
1049531366
1840942267
2766671244
670293545
3825271842
1662920647
4008293672
4044196117
91535902
4129082771
215181444
392056001
1095840218
2304756255
3783656352
871978285
1293395798
2925472107
3504480892
326012505
4028569234
3371022199
3588497688
4248216645
2886744974
92602435
1283464052
2615083761
253858378
1850822607
3409833360
838194781
1813206726
2868752923
680866668
2276854409
1944814850
3074421543
2282309896
3178449781
3983661310
2619645683
184896100
4005954849
2255212218
4162519423
2172130176
1383555981
2056823350
3787531979
909131868
1127043769
2355974002
1903155927
3002608888
1557560997
2341507694
4253460899
410121556
2597737297
1695999786
3581402927
1706259824
586218685
2038335910
127174523
3416410444
687302377
3026941410
2107141767
3893349608
389234133
2720229342
2079727699
2224364612
3885165953
2127158170
1340270815
892277600
1502978541
4217113878
3089290283
4070198844
1895253785
879556690
1419030071
2356095192
1763477765
379672910
679346947
2398994228
155112369
753642506
4220984975
4176080208
89674525
2491952262
634850523
3699855148
3620729673
2461587138
301963751
3371516104
1071996981
138503870
2196328883
2533023268
1356662241
3198376058
1737457727
4121101120
3186364493
1259988982
3386651019
3533196316
3471076217
55972146
607400343
2051085496
698401637
1073385518
700648547
194738452
1546683409
3906461930
3448180207
2614711600
3552827773
115883878
337461819
633095436
2891427753
3624642466
4232934727
548512936
2233578133
2692994462
2320904979
1538166788
1169968705
909133146
3254306719
2009850656
2148708013
25834198
457522923
513948156
3675045849
4032862738
3190187255
3496341656
2986028485
2522101518
2427307459
3854770932
3569575025
1997768138
3827281231
561622288
348884957
911655494
1287595931
3988335340
178691081
698083458
4032430247
557643912
1082143989
2275587198
1469367411
3894948324
2907227809
833135162
2381758207
748794624
748780813
3529829814
481688651
2603620316
1602765881
3468989170
742606935
517323896
566478885
1147555310
3633721123
1894563028
2148496593
299276970
2218327215
415429872
3674699325
2760619302
3054812411
4143317196
2731849833
144808290
3455925255
948911208
3617122133
1985348446
2617050579
1306510276
983199489
1497657114
2791401055
1092383456
3694164845
2372016278
2860935595
2293884348
1919875225
1304034258
2757942199
831027288
2761069189
283694286
1758742659
4237313716
925676849
1331240842
2662005775
3433901264
3306130589
4013889542
2725642843
2146092716
1895433417
3528768066
2702124903
278949960
3154364853
3243622974
4108777267
2588755364
1825130337
2973477882
2450570687
2654216896
861383117
507097974
219055883
2746721180
1977146617
4168668338
2287804183
276177976
1912573157
1586744238
2495615459
3559243924
2670929297
567481450
3494751087
1144018096
4252750589
3492342502
3493525435
1125088396
3173941545
3219999522
2707931847
2405995560
1800985621
1499066654
3953825939
3605575556
2397917121
2579912922
2212283679
3907044000
1655638061
2359541334
4171650155
614551932
400421209
909712786
1711936119
4288069656
3449993029
740242062
2612104003
1059400308
691717617
3615258954
1643711183
1111780496
988039517
486616518
1773903131
1994138220
462040457
3869461506
853478951
3604981768
1865424501
3407515646
4120898035
153753956
3089008673
3474748858
1520270463
2182763136
651073165
4233640246
2376454603
3220107100
1385575865
1244845682
4148278743
2128759800
118755749
339937646
2835395747
2164687956
307992145
445468202
1216682543
1172403312
3219189693
3347046566
89125499
3452483660
1814366697
934198498
3847031175
1157475304
1562480853
1062182622
1948183379
847866692
3413438593
1769341594
2703942623
2262356576
3360576749
2903450646
1483013931
2786622780
1813621273
1402863442
568068407
1246808024
2045484037
1303859278
3557133827
3644968500
1672320689
4047344394
617208207
2315218000
1527367197
3713860486
2773481435
1984773676
3675723337
2152177090
1955181799
1941610440
3603247925
2058427838
3028262067
1350479140
2013825249
3708485498
2388458303
3490988608
465978189
4202725110
1362877579
2207644444
4135603833
1303550002
4155575447
1507472312
2378258021
2872313646
538449763
2202994708
4064855825
3183822826
1134512367
93738032
1727450237
2286982758
3088297275
450999308
3765981865
1772482210
3362590791
957252520
2310210965
3723955358
4028235283
1552015108
955339073
4195576922
84656799
4072972832
2177786285
1550076374
3699534315
2162125052
3487703769
262709522
3063463927
3782643608
3056419013
2607885838
2089832643
3064345076
1598367601
1046244554
2648533071
1805528080
3393192669
236099910
401805979
3791526380
1080082185
2030153602
4107213735
2800834440
797116405
1708747646
1279659891
1275789540
1430735265
3972483386
2484025855
1071772160
3875450893
1718781110
3398477643
1114425052
576137017
1287133682
3362464599
1360911224
1925667621
690406638
3301325347
2797554644
398112721
2369454506
3629922223
722400240
4152191293
3495627814
189147131
1847226316
182999913
261283938
965203719
190520168
2379037269
2869967454
3663450323
278008516
3760353793
1029608986
1983865183
3294900704
3287232109
3361943446
1472107691
3904246972
1677155225
2484667090
3271571127
1422399320
1327998341
4211919822
3222393731
2199016884
1421965361
546899594
1140045583
1860217808
3980853149
1289875206
1147465051
3719214508
2619811785
1787920706
40845927
4030975816
1982438581
3797121342
2545107507
2542736548
3097152097
3490796282
2457090239
1229152704
490200269
1307462262
744763915
271798940
1457176569
1359174578
1747974679
3563930424
3806732261
1406878382
566959331
1998016404
460417169
3400432490
3715884655
504058800
909428221
492782054
3785843387
3409111948
2620728361
2738197026
3881655751
463696680
3325046549
3696961566
1839489939
3396994692
2311606977
3843522522
2072363039
1400340896
2205203245
3737900374
1557757803
3512500348
152654937
3400475794
2782031223
4093992728
3516582469
306850190
2303333955
2856728948
1021479153
3115540554
1305265615
3683052432
3906911325
4153083078
1835370523
1293881708
4280963209
2931233538
2888444199
2406614792
1735979381
98518782
830944499
2395662436
3401780001
413736122
1884026751
603492736
322029965
2125713462
1769372875
3232341596
3570079929
609508722
2512359639
327707384
3403523237
2970714222
2179383203
1075254100
1445779793
2011149610
3921564975
105608048
2816271037
2904373158
3723976059
4125828940
85896425
1582171106
1085121671
2309458664
1335616469
1738003934
2763241043
3321477700
3198350209
1660823962
1537138399
3082719584
1964181485
1298021142
1049831979
4002589756
1611140377
1563100754
2110743607
3471730392
2319888133
1189693262
2197362947
1476517172
3496499633
3949689354
2989003919
3109088080
2714188061
734911110
2511659739
3557764396
975845705
1597138114
3233796071
2218524360
2150696501
2789004478
1954670515
1300134948
1954548705
407807610
3562436159
3351347520
3719067213
2256737782
881297291
3884952092
2632462713
1349197618
3487164311
4264514232
3614304613
2257157678
4023984739
226400020
3769436689
1452191466
1407419375
3415167792
2436218749
2102717798
1660295227
1912808204
1986327977
983315874
1949870919
891773608
114317461
42353566
977914131
4275121668
3346158657
3906114394
491437471
3371786528
227939501
2178572502
262903019
3021510652
3380839897
3041699858
699865847
3041078936
2246792133
3198821646
400481219
2013610228
2282941041
1468093386
667362127
3489573648
3166729693
3345641542
2148728219
3594455276
3722895881
1438873218
3471849127
2388768392
4245805813
1496064638
2070108787
2942947300
1586613409
3770806330
626242815
3965595904
1365762829
3004963766
5722699
3634722268
1878133305
520593650
1430191703
1143077496
1968631333
3657645038
912409891
2869811924
2477914833
3900401834
850096815
362214128
4143930429
1271292710
2472776443
2201673420
3771203177
4057999202
1891529223
3185769064
2290978133
585527646
2837879763
817914308
2901832961
1750383898
2269731935
518516960
2176442733
2852144790
2732769195
1437483964
1716240025
4241754578
1212780983
918795864
2437462149
1598866126
1924882051
3054527668
2627877681
1605692810
627601935
2807048912
2659873437
1746978310
2940196955
2003739820
991972041
740968514
628841831
765668936
3671814069
1953312830
552308019
1347216292
4055387489
1136851450
2315498431
160342208
52694989
306110838
4289060107
2813002140
3467158265
2582241970
615437591
1428185656
3512251109
1899936174
3762431971
2760171156
133933969
1868948074
1557537135
1277317808
2650388733
2519832806
1375718843
760371852
4110927657
4258912546
3841915079
2207928872
831750677
4269301534
738864787
3615970692
938431937
2470749914
542817055
290078880
3325980205
3012553814
2331552363
3339956092
388020057
495004562
944162935
2737831448
958324037
3465617550
2119082307
2112047220
114707441
633751370
3788275919
2265279120
1810181981
1806752710
1710977819
2606628972
1654027145
1009179138
3542172711
2713740808
3595420789
230686206
4292509683
2347218788
1454607905
3541156794
3911611007
1460850816
1201732749
1907058486
624109515
677399900
4190895033
2329011314
4243155927
1625983480
3627235237
3522951022
943245987
1168351828
2521439313
3977124906
1763938351
2532405872
182769085
2589363878
1099614331
873043532
602165225
2554940130
1069170567
2785896936
513947349
2331774174
3182723411
786827588
4045207169
3680653466
792648159
3084931168
2414066413
1279873558
447567147
3154697020
2093117465
3239316818
409911095
172492248
3391996421
1916223054
3847791619
4215139380
2137988273
2339725578
1404260239
1994287696
160476189
4024086918
2802175451
3855424556
621370441
2675518402
2795629287
3933822408
1814616373
4209281982
1928344243
2113555236
1984138977
3765325178
3917214015
3433742400
866036045
1596042486
599732875
4001716508
4061926521
2071963186
1554956951
1463841208
916880485
1106965806
1225141603
2586453524
1465732369
590616042
2924723951
3720630832
2189472381
1442137190
3301212987
455119372
2652739753
3136191650
2947565127
83640744
746171285
2117171870
417698835
849116420
557799233
1919793754
3132471455
3932823584
1399441325
3790370774
1690353643
2823669500
4159760601
1363980050
3347150327
1003212184
1362454213
1878989838
312043203
434130932
2133634417
847395530
836558415
1050356240
474802397
3529393990
891218075
3128686572
322503945
803290498
784159143
3347977608
3643583989
3516586366
2498536819
38051556
4180168609
2107152186
4056166399
571895808
2614957581
677491382
1846148427
1306141916
2019093817
3048417266
2193545559
3890354552
1500676389
3338384110
3714732067
1842899412
603274705
2476199850
1126608303
3361403376
160255805
2261629478
4268555771
643255756
1416864105
529100386
597757191
1076287848
4158251093
1306044510
3093128915
2657792196
3507910657
1244062746
2306824031
1084731360
1167103085
2721668502
1005775531
3215094460
2842435993
4159377618
3829329079
3346748760
2599799685
2913515982
818997635
2240443316
1053752881
2091701386
4077464847
1710991824
148497821
2969279750
2466693979
1026200492
2112187849
2266959682
3123935335
3099495752
437863093
3886212926
1083168819
3028726436
1210175585
2085658874
683617983
3474317248
354173645
3677059190
919832587
1511960732
222463481
1126984114
1842982935
2190442808
1834436069
649998510
2149921507
1282305428
2496786065
2147043690
4267465839
3195359664
1691003901
2862608358
3510909115
1500367244
4154878505
1071259682
1246532551
3075289384
3716338965
800167454
3604740499
3994068100
3378665665
340643290
576435743
307822496
1528308013
2062549846
855889259
4123451004
1911822937
2662281874
3446088567
4246117656
875491397
3505657742
717171779
2851886964
3071676145
2343906890
3455597519
884992400
4093092445
3916608198
58547739
1368977260
1976473225
4277313794
1472487207
4257924360
3954087797
1388098814
278514419
4034954852
2347766049
1851157178
1965878655
191434624
4095487885
1161756214
1893454539
3876781148
4053327545
3987434354
3703523031
1460185336
1595198117
3875696238
2079774115
2175545684
45309777
3927474986
1991559983
3889394032
418957501
4281066918
3758764923
2015626572
4168479465
1436586466
2457000583
2318354664
4197747157
427574238
1864453203
1565415492
2464348545
1117943706
3423261919
2000555872
1220570605
433088790
2629009451
4269476412
4064858905
4015592530
2713328183
3965560024
1772147973
1067529550
2871275267
3002465076
2697060273
1096501258
3110734479
2997348688
3261472541
2575534214
2302851291
2609318700
3417603913
2971398850
3593471463
2524101832
3400313909
3903341246
1607105971
3522304548
2907902433
2775184506
2110614591
3469737792
1302125645
4099687414
3470974347
2289502236
639367033
1055927602
1311743383
1426952376
3681226597
1300786222
3684644963
424785172
2254016529
2478144746
49281519
741691696
1792517501
2184289126
2373905979
104464652
2275556265
1520223138
718528839
2559385768
716111509
3237523870
1005412115
3890465796
1985501761
115663194
2370614175
1192681248
2202630829
3969552086
2344741611
1300166140
2334804953
1403565586
1073205495
1695575192
1208711621
527438606
482341315
2352439028
1955754097
1063199178
1813944655
2809374992
417684445
2666405446
3877032859
2125784812
274147337
2002453634
3291901095
1115059336
4090724597
1059426430
1222766707
882601444
1426772641
860569146
2841684735
3507138304
4133374221
910379446
3282610251
2450183132
1804324921
2159718130
15381591
744372344
1327109157
1611672046
1776180003
3743348948
4169433297
4270864042
3117279407
861597936
1596408381
4050719014
4234307835
1198505164
2515223657
143570274
36677639
2183575656
196227925
2615598942
3087020499
1234239428
2088925953
1389693722
752964191
430141152
1064519533
554595478
3538884011
378708412
1566082201
4116584402
1189103543
4142855256
2620317317
1444982990
2857530499
3783295668
1799864625
3883973514
1557522447
2598578384
1546999965
2540860422
2679746139
518161068
2490798281
3949975106
1888981863
2174086216
1675826613
2884935230
2795512627
3023864228
3956757345
3921299450
514238911
2312707776
2199942605
414453622
2179805963
395206556
1118333177
3167416498
4088433431
1287299128
3873560805
3831080878
2977185251
1590951060
4059312529
1818800234
1913558895
1694781616
3131547389
3400156902
259302331
1065695372
3557887273
3644221218
3343265479
2797342760
4194183189
3758542110
505005203
4262851460
1847679937
3627218138
831041823
1185136288
1912460333
2766936662
83558507
1299582332
1234402649
3191421330
355696247
4055448600
4073390917
2306018958
1050392387
512845428
2107757041
1535120714
3260020431
3568724112
2971014493
3771763142
4125837595
1607458412
1758640521
1729783810
3927144999
2475762696
3617286773
1154837502
331683315
2895467876
2591593505
1517752762
3294587007
821776000
1218667149
1768854838
4235230667
3972115292
3962683833
3168858738
3846250967
3856844792
2407685541
1613030766
4246790307
3828400212
3412632145
3741248042
3262252591
3908137072
35175357
1268595878
1769315963
2990175308
3000210921
106158306
3906434439
638396392
307420373
2199419614
1761220435
1093838660
3556048001
146710170
3791835103
3856125536
3483967725
636715030
1957014315
2783525180
4036703769
1476008786
3383850295
1697596376
2560616453
522660942
2220603907
1865026100
1684054705
2099064586
2471282063
1554868304
4232548893
2563268486
3966477275
3845978668
1579917897
68860354
4285145319
2015894472
3418128181
3750230462
3943745715
962980132
1236178145
3611401082
1095427903
3190898240
1537675085
3056786166
3857877131
2774841116
1760025209
180139058
1415346327
3885412280
4122714725
422699822
1470382947
2062894100
2644628241
403891178
28849391
2799849520
2050660477
1913254502
1831164219
592408588
1660083881
2309425826
2510519367
3755605928
829444501
987490462
1398876691
245832452
4139605313
372770906
1158655647
3472858656
3442814381
300197334
883889643
2477532412
3006246617
744537362
1125788663
554765208
2590870725
1023216142
3864165571
3205131764
2554606449
3994552522
2257343567
4203227152
3800682205
2635724102
1174060699
317314540
88165129
2620443522
1062963111
4011512712
2097566709
298600318
1195588467
913194212
2721666465
1910105402
4230555135
3912953344
2431351821
1287708854
2972930891
2503443164
2039132985
4028511730
2143457111
26630008
2253236005
356557038
2344511011
4007757780
1096795089
2573508010
1184965551
1184296944
667759933
4222642214
1027855355
3598986188
3576620905
485489762
3161080583
1944229736
4095116885
2098271838
1477377235
573787844
3745152513
4066325018
560942431
2581278176
2673998445
2524941206
399982763
1249824956
2987452313
1697455826
539861687
3038679896
3304321413
3367282638
2403336067
3119681972
1376551985
271622794
315532047
906405840
3365718941
2340768518
2237176155
211186092
2933109705
3374095682
4171738727
2015972168
3896043701
828527934
52194867
1064194212
215537249
4227854074
465183935
702045632
2100340941
987276918
2431835659
3489271452
2665106425
1992652722
1714644503
2745286456
1844997093
437329582
607078627
3417672596
1331852433
2763265898
1743573615
802115504
3482358269
1716559334
3163623099
3482888076
3125260329
971943458
200001991
1105653544
3070589717
2138571806
2982383507
4153885316
1445748417
1324620762
4259425311
2653584800
988776237
2709795158
2967350123
3189849212
3456032857
3961471122
3215710583
1897388824
2767394373
1745749390
1776566851
3416421748
2323223793
86441034
1859367375
1458104208
3544221789
3251265734
3980735515
3053636972
1805835401
3835571970
974034215
1393787656
3390324085
1409950462
3109839091
2955289700
2991396641
125024442
2260591487
3083439488
1966511501
1312435254
2012293323
694966876
429302969
1752332658
3329162455
4252559096
2575036581
2908970094
1807149987
1563512660
543810897
1002524970
4233838895
2320199536
4131696317
4020933542
2379024763
3528254284
2197633257
442703842
4075294855
1772553960
2533175253
936423902
1530847827
3398628932
3830644609
2646001050
556190431
4088237408
1419629549
3769800470
1384371755
2723375164
2813958425
1794581074
1079300151
1690100440
2267740933
2160665422
553600259
534386996
4199245233
2931496458
2438693007
1693378384
3879011613
1571370630
2155908827
3002001708
208586057
141918402
3528473575
2140764872
2673365557
1334030526
3301118899
2757081124
2069239777
3858055802
3824443967
2328788288
2377990733
346386934
418263947
894330396
3934240121
1323645746
523588503
4275818168
3046651237
351754798
1830112867
2937377556
3442873873
541870826
1521250287
1036734256
3769207677
2508081510
330810427
1650515724
1611628969
3087880610
2686392135
3403865768
1891476629
1541087134
255915283
2531682820
3530448961
275197786
2449385887
1914985760
1630331053
3251289302
260587755
1792365564
2684424665
1265943570
2162722551
1607314072
2019270597
950403342
525404099
2723773684
440530545
2930569162
824577871
668509968
2839167453
1021430854
30058907
1729807596
569863689
241341058
1345102503
3178967688
2764383989
3113156222
1074824819
4156361700
280221857
2839841850
2585633023
1520905472
2609164045
3688527798
3869900363
1197486556
3528824377
1943911666
2940627543
1468692088
789396005
1452087278
4077547811
2367690452
780601041
3558147242
2577424047
4061064944
2474584125
361479974
1896955643
3281296076
1111394921
3433907042
38854151
89814632
3775322453
1633111390
1216989139
408001988
691962113
2563070234
388581471
2974739680
2505878893
1921819286
3131796395
1265041340
3616885401
3076007378
539426231
4060754520
1162151045
1969528526
2409204355
4276134068
589121329
1723632010
3304283663
661006032
2114993821
4248052230
4091774043
4131807404
4244428489
2418369602
40094055
2356718152
3608853429
3891006526
100972851
1176248228
3676723553
589403642
3489243071
2668862656
860675021
2979609974
333744395
1935785372
1373122297
3776708274
1969373463
2001002040
849018597
937727406
2287358947
2199067284
3709646737
2564521578
2415332719
248925872
3548742909
3985831142
2291759547
4188542604
3662304041
3523409186
3359466695
2026753576
1150864917
2114272030
1104763539
3398734212
2978177473
3901833946
929474335
149765280
3857529389
3770173526
3870119531
935881596
792085337
2556512146
2094019703
1798470168
2057775429
3703897230
1553517891
2704245876
228415473
4171883338
2206428367
2874631824
2323053405
4234164166
2576031515
1144110188
2923364233
3883791874
4155879463
743563784
4078506101
4032485886
2975837171
3945984868
57514529
3846987706
1816682111
2413022336
2849360013
1671545654
2472399819
2366835036
2848425913
1616904306
810080215
2378892792
2902557605
1052627822
2008610467
3702382164
834086993
1885321258
3564141615
3152113264
628924861
1532226214
4245714043
3361428044
2566052841
30303970
1621404551
1157424616
3090383573
2812602590
4126125395
3916383556
4093444737
1904929946
964085215
2428456032
127829741
3121458710
3863871787
3820590908
1201929241
2555390290
3047435063
3674636760
1698827781
3565623886
823054339
3037079604
2458003633
1177877770
1670790031
3144443472
3006167069
1478888838
4118903259
4103919660
108914761
774653890
4276246247
2630277576
1971332405
2828756926
2632015539
46237476
1917426401
1099229562
365550911
614972480
333411661
2142505206
399892107
674501916
3672350841
2070528562
1589259927
2329734584
1258342501
2966999342
3421657443
2779800084
1159092497
476164586
3184306927
3773845040
3458498173
1552851046
825634619
3010350604
2935497897
1439668386
4198937159
1235729832
412546965
2482394782
529317907
1889646852
963339073
1701992026
605660319
545594400
1865454509
1816974294
3427625963
3271197436
2174645465
551865106
2841829879
289819032
299217605
2188048398
2008781507
639929332
713800049
4045264586
468437583
526722576
2633413853
3997541190
3397817499
1799861228
2524549385
1039161730
2796141991
2643956104
2601515509
2792207742
3813265779
1753733860
3497679777
1233859386
859708415
357526528
1177149965
1401949878
336374091
2558845148
2783738169
2079933426
1064715607
507155832
2035862821
2482343662
1338145827
2849678804
4026157521
513895338
1657510319
633531888
3527220029
2936215078
1204464123
4271966668
219819369
2277935714
2212722951
646862184
42150997
3099165790
963678931
468446404
2324595713
3053944858
3188671327
1342090208
1365467245
624277910
1802213035
155922108
4259687833
1541352658
4140587191
2645676376
1294079877
3425736142
1532958083
2689249204
242879025
1529114762
591665423
1593943504
2895098269
1551825158
2606395227
3421654956
2935093705
2961845058
1036772455
2927888712
1619562165
1066517310
1599669299
3091590820
2260720737
3474930938
3949271743
3649756096
3581218509
3975533686
3133289483
4056247452
2342654457
1808696754
3510443031
3080977720
1690931685
2916355246
2380881635
1961666964
3408067217
3101615466
2586658927
4061744560
4136007677
3497085926
596501691
2914223500
1679357481
292764706
2889547719
997240104
3535282453
1269723678
2119902611
1728962692
2955306177
353003994
2383913503
1995176864
2734091565
3532152662
1449689451
2859178620
2637801049
855592594
4238380919
3490257176
2749840453
1469576078
3334035523
2402849652
923605745
2785593930
2959026127
3254904208
112815709
9572038
2864515611
4200377196
1621566089
3753491714
3540568871
256655624
2192171893
2311557374
2882467571
1304150628
3185188129
1677788858
620681599
2837056384
377551757
430266934
4273372875
129349724
3435424441
346654578
3536761559
2262377720
4195554981
2218019438
3508994467
1386638676
793799505
3973717802
4205950767
1840475504
3217069245
4271456678
1732239227
2221261132
615808745
748006882
3792520839
2819540200
2784351701
1117069278
3909908563
2378667076
854787457
4097512346
3673342175
2903313248
413874669
570737942
3758369835
1511769660
5922585
1342517330
3651110455
3087802584
1659183365
2321617230
1686788867
514733876
1560603569
3012224010
3120363151
1344660816
2419321629
4164871302
4218315995
2588329772
2086210377
3846115010
891318759
3215997128
2117335093
1523523262
594258355
1151948324
1586044385
1508937850
2261473343
2075982656
504211533
1734254582
2460584331
1846920220
1779663737
4868402
3270183319
2073693368
3858062181
1557547054
607872099
1321726228
893557777
2085820650
3675842031
2152811824
1923838333
926611302
1973459515
108510476
2142029737
3538804642
1411009863
1277729960
1492929173
1395494302
876907283
2346256388
1538549313
2237234522
2875236255
3391216416
658523821
2171267798
452892395
2350625276
2282215385
481350162
1820933367
628811928
2530985413
2320232206
2677153219
980130548
4179721329
627752394
4141712719
3509429520
3988727773
558201414
1345224603
259039980
2462561289
2597986434
4073904295
2138042504
2414267637
1214803070
3773766771
2026809828
294444705
3266173498
2005571327
154381056
3235583245
601990582
3915076683
2024116188
609180729
2020657906
3763478615
1168553080
2502975525
1031407086
1374062371
890320084
3048836305
3909735082
1378014383
3518164208
336006717
940993830
1903170811
2007595212
1707200617
3191591266
4045542407
3346936936
2290843477
4080515934
3670236627
486685636
858425089
3123029786
3324067423
1709861600
58069869
511365270
3658989995
1948999100
1426198681
3267507154
1411232695
2819977304
210446981
1025019086
2727387267
2385559220
1143131441
1567119242
3720401935
3436782800
2216371357
426102790
733829723
2107260588
4105379017
2588602946
1524629351
3461048392
3028443573
2824043070
3206106931
2246819236
1067802465
1878582266
503092671
3376290496
2477343181
1559128950
898359051
992287644
2084041977
2262633650
700708631
1421810744
881075429
3957293998
3840436707
2437036180
1232420241
1958628458
915374959
3382201520
1754491645
2129371878
1030639547
3686462604
2276694313
1748992802
1743035079
2043644968
2439214101
1483974942
390656147
3171102596
2182440897
1147113690
2985598239
3626416800
2718736429
3874780758
2953817195
101370236
1208551769
737760658
4011649655
2409347096
1353928517
1216801422
1480975171
2243797620
919133681
2101588298
2774983375
2330485904
2013782365
1046472134
3504010523
3364067948
3000714633
1028752386
2080892455
3959595016
2831595125
2421180414
1487553011
3351286116
294821921
4086410682
1625379967
4087106176
3946327693
3762614582
1778067915
2304010076
2995604921
4115598962
1577094615
3634578424
2964367781
3989225838
671157411
2937781332
1228254801
556828202
522121775
2411818096
4111501245
1232771238
2086357627
4134285388
1447174633
179893474
656531847
2195497960
2420386005
2023839454
3834987347
2812011332
3509913729
2512861850
3046816735
949406304
3083070701
2291653654
4020655915
4118410556
31244825
35010386
1548149047
3956129752
2954114053
307693646
1802626563
1288848948
2312351409
1723648778
1150267791
320562256
2923781661
2918431622
1111969755
2481763884
2650811977
2645415362
621448423
3629488072
3916679989
3592345022
140637363
1510810916
1880400097
2671261562
3875066687
2148416064
3695696717
1000683254
963196043
4143149852
3356452473
1300680754
4224181399
3239259064
3061182053
2297413422
636514147
2589687828
3451576081
2954919914
1653678319
200166448
4265501821
2508410470
2432107835
1266494476
36530857
2674402978
1570367559
3261430696
1642962325
159433886
4251473427
3633075972
1766418753
3759973466
3620969119
1593481760
3109812653
1898250710
2879111659
3057180924
3812440793
2933446930
2052823031
2355857304
929945797
3226002958
1188341955
3475941876
3053666161
3147015370
1912291407
758260752
3415448285
1172394310
1120037531
1133875692
1189205769
2501896066
3836212135
1392791432
3007946741
259990398
3909117811
412186852
65757601
2225897786
386077183
643033600
999835661
3167698102
378928971
3619831516
2105425721
3645133298
1104804695
3184448376
2996040485
3273293038
2843120163
516146132
2948911057
2739812778
396758959
3856591856
2296185149
549831718
2650898427
514713548
2083877737
3758954594
4195135239
3626636136
2736771669
2161242718
3699517651
194284228
1393723905
354405914
3747559775
3809618400
3683960429
3462129558
3064982699
2080869564
216691609
1543584466
3894087351
20254552
3011526021
941392846
355347331
3096628660
4095184945
3716693642
2758381327
1626121168
884119453
2749933318
1426867547
4215156140
4265623497
3177691458
161487463
3687761736
50869429
2452697406
3578108467
2668465316
903275105
1974373114
398463167
1580030400
2649322701
1904411254
876710411
1065405084
1402591225
2722599858
787927575
1050032952
3519723493
1644624558
1028879587
3356739476
2282979473
1014608746
354270831
2236828592
1504468477
1761737190
2251995835
1941857164
1964653609
1181207074
2872718791
602565416
2962933525
341106718
3164781459
3161751172
1464888001
3868243930
1392351263
480082336
321803053
2382138710
2745358187
983955580
1604611161
4082064530
71648631
2582271768
2970313285
529654158
3242094147
1958654324
1020305649
3998914634
312122831
4127908752
241325149
633978054
3152338971
2661714284
3571148937
1883589378
2729640231
2994011912
2507114869
1945435902
1743883507
1229021284
781656865
66999482
3488599935
1599768960
1476092301
662734902
2234242251
32446044
2334273721
1917883762
2178836695
1932092152
14302373
3950327918
742856611
3792407380
2942759249
2103635242
4055379247
302738288
4117527229
2885152678
3965891963
242130764
1570489577
205011938
3756162183
3311829736
2803792853
3116994014
2559184467
653013572
4274195329
3324993946
2037298911
593267040
350789613
1573319446
3308552747
2782143548
2083202329
511917650
3986308151
1716215512
2093958917
3697868622
4123357443
796022068
1223586225
3486167562
3008261263
4098679632
1029886237
3913585286
2047621851
3515786540
2608025929
3346570434
2124457959
3602314952
3879706165
2324335806
4223942579
854389796
3605799905
2170281594
3864153663
563837248
2123238989
1820839414
3155484555
2999788060
618088825
3542046514
3109076887
1263028920
3967975781
2770679342
2165406307
2020282132
1048519185
667543274
70605807
1942440752
2698860413
3882329446
859402299
1920899852
1719274921
725511586
3334832967
2623429288
1667952789
653261726
720904467
1186702852
2452253761
3854289754
1500681631
3473889568
1434692781
2876971222
774171883
827461628
3275660761
1197269010
2195321591
907552408
596372421
2489441550
495137731
3563960564
2435908209
597199818
1027930959
594715408
1718881757
3424200774
1380079003
4155932908
3804756489
2629938818
740888231
139767432
892891893
1806817918
2877141619
936396772
3616924833
4287047738
3248983295
1555048704
3865148173
2388186038
1270655563
2782588380
3782812217
242473202
336451159
1991438968
25396773
2497115118
108174627
1458721492
236720849
3178143914
1666534063
1380379376
1623127101
3641776934
2105469691
3819853516
2155157097
1564106594
1319324167
1217524328
2185241941
3515361630
4004312019
3617774020
440831233
922088730
3116971103
3077957856
163543405
2765684374
2972981163
283098044
1436472985
2543600082
1657039287
2568007256
1912688773
758938318
1664595587
259054772
1314411313
1266951562
658393615
188490448
3998616221
1812430342
3343331419
886971564
4221133513
2313191490
4195104103
3339593288
2082080693
1831528510
1373496627
4088093604
2572445025
1346384378
2293205951
2287507648
607496141
2595461494
1726166283
4007164316
1103608569
772676274
2429922583
1697208888
1822247653
2152362414
1193967587
157374100
3070083985
2148604522
3856136559
357190320
4191244541
4273230054
2918393275
1706939020
1548541737
468455714
641454279
700533288
1616779797
4015134494
510166675
1432472964
1607953857
1805508314
556962591
877672608
643565101
933274710
3777102443
943531900
336318297
4177617810
3961102455
3740595736
4109333829
1287182478
2980247875
1278984308
2032428017
1766686538
2818201807
4083770000
4190685021
651137990
467323675
1824880748
4138175369
3902083586
4144634919
1386438152
2024037493
2763372030
2309281779
3258855268
1156032033
88538042
573196927
3696543872
2362086541
1599610678
4751307
1636156764
2256737209
4222491762
3999810519
1181450744
445632421
3980373870
2381914787
3682081364
2447651921
1903252522
578644015
3834735216
4040453565
2517714598
1733697659
3161263692
1791059945
2702410466
3159299975
1605132776
444911317
1980613854
3035289939
4223172932
3952938625
4117989530
3597578719
1566460000
1612272365
294783510
279883051
1529500476
2672134169
357320018
1033475895
394591704
4178991621
1486288462
3011836931
3062785076
3394581681
1588893962
3057198991
3820642896
1837909021
439445894
1388127707
1126994988
2763158601
3533661122
4058170087
2866042312
2811719989
3893511102
2912062131
3209216804
3272582881
1885046138
886556991
1348778048
887112013
1778803958
3400305291
2443366684
2959813753
18079282
2877659799
171534776
3088782437
561425710
3852371299
3640040980
3079628049
1397706218
1879414511
2816231984
2324187773
2632449126
208132923
1803291148
3700601001
3866145954
1067261511
3390257576
2373206933
461058718
1827925011
3328636164
106393409
104264282
3762131103
174069792
733437869
2691510230
1385830379
3982966524
1477181657
1446831890
906251767
310429080
2335571653
1989596174
3550330563
975751156
3131753841
3447288522
146454095
2750358032
3999301853
602734406
783171739
466841580
2524585225
566195586
2035689895
2405502344
1169376757
3439366526
3630628211
3331004132
3163318177
2738736954
662177791
2621990912
4046892557
142502582
953111883
3538918620
2151679289
2281660402
116240727
1616056696
2986285349
581921518
416983075
3449610708
12539345
2808809386
3845162415
116058608
3417106237
3505943078
3219674619
3064645068
2726345065
2781062754
2665866503
146133352
1441560661
1431986270
3242442451
1898784964
3100020737
2410159130
90124127
3541411808
3187027053
301077910
2040808107
582216380
1595881881
3851634898
1947845815
1604865368
2014208901
2356703694
1017987459
2194336692
2196051505
391908490
373228815
3150422480
3775233437
3787609350
846076763
444205996
482248137
1874151234
3693367399
2148107592
1337449141
2839584574
3840028723
1942301348
2585651297
1873664250
550176447
935319488
1452137165
1216360566
2104549387
959195292
1992400377
2586878386
4284516375
3094903096
888921573
3064588462
2993523427
1160439188
104072849
2944696682
1488860271
1769818544
2030191613
2952964070
1687654587
2713272716
1833665065
1489786914
2296998855
2069113128
3501026581
1500204574
3969536403
2009799812
3416944833
1132922330
3432222239
255784864
194361645
1407236950
411905387
4006631036
2503946841
2903468690
1452931959
1320916248
1281329221
1073467278
3648226371
4231319412
465839857
1578919498
361108431
1929634192
1782266461
2977000134
2696721947
585131884
1212133001
373348610
688731943
3163405576
2187669365
2459069694
1841570547
582418020
2223253793
1735107258
126928255
1519060864
3114649485
4157322806
2337352395
2551739484
3568301753
23569266
1402871511
1114218744
768696997
1663444590
4246154659
2338367828
548239185
1834728234
1634640687
4149438832
390619325
2009505190
2637532027
4033314124
2914192105
961202658
1818735239
1101938920
444015061
493747166
3921126483
369152068
3351449985
2475929498
2090511583
3600549728
3377858029
335094038
2182404139
92045884
2603346713
1450265682
4232376887
4017790168
1424583941
4141935950
1420855043
3525735220
1040709553
2205843466
4249870991
3512983888
1858189085
2964996230
2086277339
3636888364
3921516361
790768322
785440231
1152234696
1518027829
1588984510
3452753331
4011889188
1686055393
3694603386
2190033983
4234803008
792622157
2753625078
355480971
2205450268
2596999033
1197761842
2187752855
3991308472
1228908389
1843668014
60264547
2885561620
1760274449
2729489642
1442959855
2553104688
3946790269
637817702
3431089723
645232908
2490848169
1090452386
2015410503
998512808
269063829
1461873054
1935390483
1200505860
4124078657
2978879834
473205663
15521568
1811354285
3220915926
3371909867
3665325564
3517277145
1266216466
1138403575
296051864
2657882565
3605515022
421808579
4032812788
1651542129
691427786
2220650831
2661785872
2472080349
3176977990
2282105755
2683068140
2448965641
2484681858
2083472551
3626593416
347740405
2741717118
532433011
3032606180
3805211297
3754980922
4168385279
3575424768
2350375181
2604663222
2379087947
1325419484
2312300601
3051808498
3396963415
1789866104
4094077989
3701727726
2427368227
1925411028
3081672913
3510857386
1295499439
4090161392
4188461629
2021378342
356368635
2275620044
307780713
698936674
2597617671
144027752
1311034197
2085132126
71731667
3358816196
1586664193
2402698010
1914776159
636577504
674815853
2242325654
3221253547
2709789116
1500224665
3051769810
3424329655
1157360728
4121392773
3318769870
1368312963
44104372
3250444593
2970612618
560709647
1653547216
1019277469
1964583942
1182860891
2618423980
2444208329
3739618882
1609067367
4139836488
2917248437
3060946494
