1069753219
1962108340
3650046001
804034186
1720846095
348830672
747229085
1915125510
2319465819
2612118956
179238857
1951863106
1222087271
3815759688
3989204149
3223980350
1761120819
2784240804
1209834081
579396346
1978042559
837906880
3631131853
4137081462
4132667915
2067423900
647401465
40692658
2313964055
1658671928
1425469413
563466926
4188302563
3540017044
849819793
3108637546
113391215
175989680
979342845
2993410534
2225779387
876477324
3928290345
1967333922
158182855
643269416
2679439125
586790942
1091679123
3840349828
3853656769
148312026
2946502687
1152225696
3717172013
154953046
1844498283
3379269756
842867801
1986049170
758562167
2617077528
3214121541
2597108110
2370528835
876038516
3665844465
3952537674
2444957135
310442896
3857812573
2690618566
3247495195
2771525996
2692882569
755802882
1038252327
900601608
1457897845
3645232894
3676079347
2034235492
3876903713
1907403962
151930751
565617024
1077451149
3471597622
364235979
2311106140
3411470521
2924342642
382460119
1493727992
3904795813
408686702
2249199523
3155174228
1848813905
1359693098
1549051183
2345501552
3520574141
230279078
927640955
2164668236
1843297513
1827378146
3591238791
1332452072
149992405
3955647966
4168156755
1148635716
2405221249
1431157146
1829318367
3322192224
2835470317
1734265622
3657071147
3434200124
2549865753
2842465874
2357441591
905344728
2349825797
2969294670
1531603203
2315447604
1456875953
3487500810
1734796431
2438658896
749340957
3895618182
1211118299
3593616684
3729918281
3793220802
3989315559
3985116872
3077428789
4281558206
1181169587
604212260
3986807777
132527738
1919469119
3935277376
1283671629
239838710
320264075
515291676
2319712633
1123331890
3553175
180314808
1897838949
392433198
1884451427
3112675092
3380795921
2856992490
1607062511
4196492080
2969603965
964787558
3264833595
791556876
3388261801
365544866
3437820743
3321590440
1878337685
1413796766
1582766355
4049485316
3707511873
967975770
1543835039
72315168
3948209325
459993302
2237850859
2286397436
3762771417
840841234
263940855
3948625560
1803822021
2588718350
343944131
1645629684
3343956593
2122638282
2656400207
1494792976
2775795165
660537414
3772665243
2456951020
1423880713
1832453762
3880289959
3401434760
1277078261
3350377086
3315116659
2180964324
75734177
4142497850
414582015
1144799488
3524178701
41200566
1630970443
2380039644
605936185
169947378
2230013527
667028088
1524088357
611175406
2200671523
2535910100
492292817
1187444906
669106863
4248371952
3701091389
4085445414
1230430971
2188766924
4012363369
698201954
3703489031
700910184
1904368981
3526689118
3984845779
2807919044
3612361985
2814659866
1129557087
2538471648
3645419885
1394661014
1122635691
804082620
736071321
976591314
1436410295
1273742936
716277893
1014977230
3819744899
1748071604
1689258801
1497922954
2907095567
4051319504
3037545117
4221916678
240855131
4256281772
1424497353
1747966018
2032381287
1292844616
297287605
2290335806
863034675
787608484
2491030881
276466170
582353855
2793189568
1704648653
3106369910
852831499
3941732764
430207737
227766962
2745902359
533754424
3534324453
87640494
1230731235
3769495188
40991633
1749119594
2338091375
4241777328
426019069
3112052966
2923634107
2124245644
2386007849
573008162
3025094855
3666764328
1784173077
2606165790
3770121875
3795084676
1192830401
1363424986
2847214367
3602927776
1738358317
4232084566
2773482091
3076702076
1535412057
2876423058
3169523831
2808614424
1448586565
1028894862
3012555075
135551092
666115057
2179585866
3405435087
2722069136
2151153501
3267718086
325501723
4222685292
4012786569
750545410
2988020775
3023861256
3304756341
1466338814
716165107
2258421604
3326434849
3864613818
1999159935
1225842816
1541917837
2357046
2058516427
163011932
2878852025
386626674
456506327
581605880
3310618533
1065781102
228727459
3789337172
3515870289
276409386
553246767
548635248
3961497021
3375570598
2485000315
3882133068
400826345
958847714
3260714887
4161894888
2000094933
2775227614
850514259
3718453572
3038168705
2817646746
3588827615
3664142432
1259506413
3297370646
4283737387
3530025788
267796505
798334290
1684213559
227546584
993432069
42585678
787084291
1837038644
3374116017
3660116234
3996229519
1932032592
3954408477
2592031110
4072742363
808463404
4101057609
3567172546
1625963239
355784
3802507573
169548734
102073011
2764004132
2191875809
3393576314
3167633727
599314496
3384113485
1697266934
3951985291
2112645404
3669484665
2957588018
1783304855
537952696
3751234661
420840750
3669982563
2792568340
2742230289
19899882
1064963823
1352032816
2576056957
543282278
1571279675
1082892812
3169675433
1750863010
899716679
1645236648
1960737685
2788166302
2654135315
2506722564
1778984769
3717024346
3467643039
2046832672
4167604141
431818710
1673007083
4106016508
2851387609
811482898
717604343
1310973336
3859691205
2984356878
3229267651
2217828340
3249175921
63294154
3450547791
737491472
2621421789
1620236102
1865037979
4277077996
4117812489
966184322
341156263
4029293960
2809757173
912353662
3764516211
1696181988
1918508961
3456116538
1516666879
3996418048
2210653709
905593526
4163456331
2605790428
1740946745
588036082
3484100951
3351390584
2385727781
2544255726
2071175203
4197546452
1356533201
3156434858
4254924207
876413424
644357949
2093632038
765480443
3453115852
1846767977
1770454626
4242627847
3091917160
962645
325531742
2650453715
3309813956
1857046529
3822482458
1523165023
1296941024
2757715053
697953686
2772056747
1377927868
1245704601
3616317650
2933079223
4175652184
597597061
823871950
2466396547
4159407028
1243401777
1619027082
3760684303
1415952848
4137465245
2998938886
190976859
2343412652
1122844105
4117012290
454805607
74095944
271979189
838432574
2488608819
1668006564
4263747681
3276288250
1991343807
541323200
517149389
2152990838
3544373259
1973797020
3548272121
2031483314
1242955799
2306838840
4259845605
2163785902
2055111395
1758952852
1921498769
2199181674
841133167
862413232
1467317245
1546420198
3871836347
2465782156
3692444201
3060248610
3336364999
1518420264
1971823893
584066590
1825130899
3908940932
2345412801
1821203930
16123423
2886668192
1136062765
3789591382
1453008235
3730173564
3516394073
249610898
1330344823
1569631512
2158477381
636921742
2436922435
879585140
1530126065
303611466
1550224335
876214672
529166941
4006036166
170438171
3123445612
3987105417
1640509698
2214375207
2089211144
3650840437
312689918
3165592307
4218787428
1321328929
1004403386
4168039807
4054261632
4020436877
301436470
1872437963
3769240668
1587850937
2082798450
2555090647
2500376824
460692133
1523383918
580920739
1042628948
1631137617
1472467754
1942690607
1976926576
2977142973
4232607142
735937403
1405031756
2008400617
2294161890
39004807
1752389864
4060699093
3391804382
90086483
1011574852
1243400577
3916564378
133506271
2919505760
2335129069
4031838486
3399143467
1293556284
3770458905
2149229650
720267831
2347087064
1240048901
4130587982
1710587651
1702300468
2913972145
4199471114
958945935
3543267664
4224249629
845682822
1849559259
774511404
3327938377
2558624450
498619879
1480510664
2154396725
2921255614
3023031731
1224157732
1291117025
2306966650
2254421055
1511919424
183741517
2024068086
2146577803
1881020444
167233401
3053042994
957083031
3659374776
2476466021
1793260590
2123925603
2245707028
900685841
4226878698
425085423
3813105968
2032301437
1524509542
1604468283
2481262860
1907493801
3662304162
3724816711
3252760744
1381224085
3208069534
578465555
3136347140
4066519617
2353295706
1988559775
720170784
4018686637
3265994454
335100651
305006076
3631094745
2499429906
545005815
1403550872
2351188421
3348275982
2078360003
1992847092
3125821553
3135418826
757918031
4178426128
806890461
1533193798
4200735643
1265104620
1573845001
1934660738
1997454503
1465025672
1096831221
2586583166
2509717619
665877988
2709299873
3186806330
2269313791
292077312
1166350605
35379638
1997011019
2009195484
2520227897
1884569330
1796670551
142493816
3541754917
3069884910
1495771939
196610260
3366605009
4049323690
964966575
595394800
3007451709
900571430
2765469947
2536164556
3133871209
1691108706
1219491847
109758568
858194773
2008379230
1054704083
548278212
2371635969
1187289882
325821023
3129573088
2776766317
2259616918
91645355
1632743868
3647755417
2000660434
3467941815
1150747736
337096325
2144551118
4257465475
337744564
3117781297
3046394762
2939435023
764229840
557328541
125240326
827653723
900043436
79585481
2348115522
3737117543
4186045512
423617973
747318846
1000698675
862032292
3038323553
2867976186
567867839
2403806912
873940429
3155992438
2275181323
190148508
2216966393
3035922610
757914391
2414522424
112371941
81016750
1024298467
1534921876
3001680273
2042904682
2870273903
2654363824
613576445
175560422
3728208827
1632651404
62971177
2718168866
4044783303
2519736360
4047697941
694508830
2504463507
3913483140
3821743041
3400697050
1700987167
3029978784
2715591725
706521686
835866731
776281468
3296152921
279628178
2488782455
2926660632
1854133061
3300236942
3596420931
2839705204
2768216561
203662666
4127082191
3094378640
4092126557
2489653702
1440127259
3500338796
3421145481
1009776642
1670105639
2123183112
3301456501
2063334398
1092249075
3351930212
2961859617
3795755450
1021425791
192503424
728380045
1952916790
2758790603
4271422300
343773625
1301971570
1041068503
2686638072
455290277
3660543342
1963602083
3236548692
1294889553
2531949098
80238127
2066972784
1372818365
385469606
2928209531
3054863436
3176359401
3417401570
1173865863
2425436136
2842143957
3389459166
544696147
1349498692
2121190529
2311990938
3006078943
819846752
2572677357
1521750038
3956079403
751323452
978257433
184265554
2418394423
2700563416
3894982661
4227447886
2959936003
1642797620
881750705
2689646346
4165670287
2708961360
2364170781
535621510
1789326299
3223325228
2215866953
2646624706
3560075495
3862178760
3233369909
1530825150
11933875
11204900
2089837793
3046714234
2132621119
2109689408
1077796685
3099290358
2151798923
3846948636
1208199801
3288745010
477677719
686211000
3173806693
2093773614
199070563
1203655700
2956436241
177107946
2640217327
2721341488
2143643773
1492550246
2022222139
423264268
407023273
3683949218
1981008967
3580759976
945103253
257587358
2603514387
1374956292
2785488193
3050805338
59375263
118861344
11795885
2251634134
1176921579
3499832572
2612231897
3488763154
2698935287
3957922712
2378587333
1264556558
4138978499
702250484
3779199857
333158602
1826268239
2959226896
2432474845
2278458694
847646363
1742530028
3187219209
2321963906
3212040103
4030129032
1238574069
1662179198
2503510899
3116584164
3253413281
918648122
1330345471
2648243712
1196575757
3604574390
2379391819
321819356
3749086009
1643628018
120512343
3656804216
1502508837
4067111150
3427251747
3149567956
3032847313
1450192298
2341958575
3136880624
3005744445
2385311782
