1005959027
3706095844
1889350049
848564538
1059414527
2884762112
2399082509
1072155830
2553630539
3065597660
3496611641
1411244530
1044794199
2267997048
3268723493
3108310254
788521507
1822217172
2955583441
2304362922
1906073519
1799420912
4046967101
3963769894
2763313147
3081304012
3646243689
2542446690
1657601799
2580423528
1725211221
3420488286
2308929747
1408342724
2754370049
3427753498
808028511
1765292512
1709413997
2335995798
3614915755
1611046076
3510518681
153275090
573529783
3692896088
3618180485
2702119886
517962627
2893274548
2464505905
1054592650
4043824911
685159376
771057565
992818950
1692898651
4215356844
3335000009
1496140098
3121113703
821745480
1956971701
570933566
2961893939
796040356
1599648353
2586188538
2771542207
3906693568
2468365517
204182134
1211161099
1820842652
4250249209
1706107826
984818199
2936425272
3185280997
1640073902
2670511331
637327252
3108589713
2098545514
1751387759
2479184816
399977981
1880000998
4080929467
516518796
487197737
2859817506
927630791
2426305320
2216662805
217280542
2584742803
1491177092
1295661761
3696248794
823650335
2949876128
2806850349
2859277654
4273612651
4105504892
1657289817
2969627794
1974048119
602040088
419705413
3658772878
1329577539
11518324
4100878577
1916676170
2156457423
1325724560
3312788573
1084116166
3658493979
951687532
3493017737
2157632258
2657833255
3132165896
2128370037
4183527166
461823219
3048632420
3840471841
788915386
313663359
4279802240
3204592013
1773738038
2070619339
2365990492
1538130105
239740274
3974805719
2594796280
2562395301
2227161198
3127928739
1610914644
3782000977
2827910442
2387508527
3113057136
3647425213
2123661222
263587195
3683233612
542872809
2899692514
3745696903
3978990312
1517505493
4026015198
4131872339
661209668
1769790337
2323575194
886638303
3550648672
2195156973
1774682902
2862338603
1173566524
2384393497
2093272658
3863907383
2941480664
4170716933
2021363534
1477886211
1668506932
3915137457
104743434
2458696847
3998675792
2185601309
396960390
4136078043
363967788
2577080649
3697159362
363395047
2718107336
410807861
2508266686
3618213811
2339505188
3926782945
1123249786
778346047
3865676096
660921933
3864026614
3835965323
2884907548
3962771833
3618170674
3551334295
970480312
3363173
1744815662
2341128803
645144340
1096086033
3448076010
974892015
3294190384
2057840509
362034534
1557971003
1906944780
336190889
2557214114
2306200391
2402445992
3331309717
716082078
1493528851
3142104580
1102330945
144399194
1110238623
2892327200
1833073837
923510998
3990633707
3347128316
3020058073
3593367570
1390297847
1311782552
2200222661
2718199054
2753856451
3229534452
3933131377
2627476426
3721612111
3465327376
153542109
2651699270
2098046363
4125724908
