4134795791
622203600
2215066269
1327951366
3330269275
4041149612
1464177353
2092888130
3757565287
2351306312
2012297141
2755156030
1747752243
2680834980
445027681
2397872634
1544633279
1617856704
1257428941
2741963126
1997006091
2396350876
2571102969
843614898
7167255
2952612408
453016293
2423513518
2347053027
419186324
2910581649
4221143658
2019928431
714881712
614105341
67879142
3120813499
3635856012
3532721961
4169302306
981434567
1498495528
2488093205
2409072414
3700373139
2541272452
1319214529
3405926106
3991683871
3319670944
2284926509
3499365462
2485039723
758257532
2350645081
888394642
2148094071
306243096
1097508165
4095363214
4097157443
1338945652
2738525169
328068938
3923773647
3363472
2242508637
2858353606
3770907419
1387685996
327400329
3403907586
2779106343
1756057096
816548981
2318607870
463702003
3595378532
2907297313
560163770
3560700543
593148032
4122461325
3833827126
35467211
1735570780
2871739321
2337836146
313521111
3727651320
1361248165
131669870
4200845987
251857492
4220675153
3865691178
4290451503
3839056496
2848824765
4091066022
2434191483
3512073804
3124074473
2769941218
1900201863
3626783208
2728656597
2093167838
1187088723
499085636
3650567809
1783101594
1507353055
1440495712
2619245293
3740629526
224091435
772752188
4236621849
346994002
1580812087
2411785688
1707182597
3261621838
1976019971
1443976244
2140890289
979699978
449763215
3547615824
530412573
2922436998
2371212763
1124959276
2998838345
341693378
422474471
30164424
1271832885
3959403454
1799436979
726119204
1117902561
3655857530
1972992319
4133136448
268267853
3684816118
1848720011
3984572700
3527629945
2351844914
880626327
3740096952
2799584357
3061849390
700003683
544312852
3295515921
834125290
1207125743
2198747696
28408445
3273616486
64523067
307558924
892788905
2179409058
1161875015
2072193448
2579723157
4171276958
2189073427
3093161220
595697473
8086106
3394715807
1506674720
1911328685
306225110
1224132587
2386308860
3397136601
2299483922
2471755255
3215766936
1209085637
316163086
3314577091
1704703988
723580273
1251599050
1073768015
1721307664
4137791709
945581894
2398548123
631529452
3317058825
854451586
3377584551
390659464
102397429
1599996286
1908780403
2054817508
2202965921
3392814906
2800334847
2435733504
1854135821
3599358646
772015435
1958513884
3477615929
2122960882
2761253207
1643577720
2297579813
2720586478
3836041251
419942868
3771565521
1598257066
1741567407
2903300592
822482749
799007270
889783803
3748902348
877980009
1219106402
2772014343
3809853800
376154197
2028982366
175795923
588519620
891338753
2136771610
103341919
1769183200
1046174829
2553644438
431026859
2172181180
381643161
3151345874
3189339319
834944344
3038352261
3408519630
240120195
707648436
3733669425
2783739018
3493115151
1096913360
1870048669
3869361414
1751567195
507181996
2636821961
3226711874
80740455
685864264
1548683957
973999934
166780979
1604590244
3624933473
3290056954
2397877951
1804978112
2785741517
3808141430
1951764491
283711644
586796537
1814761906
1639462935
3607914808
606014949
2425575598
3051895523
2223363476
3916576401
2966221162
906749039
3398384048
4236997629
3071940582
124272827
1014116748
1750053417
1931659298
1072503751
1856248104
1969003797
863026718
427884947
3651275908
3610550465
2561373658
2483895839
3700221856
4130007341
1586768726
306830699
4219815548
3255788121
2529286802
1028238199
902268184
966441029
2434613134
986068035
260554612
2459588337
1847383626
36422607
2878198160
2933680733
381737670
1550149147
277960556
1239146121
374294786
3664308007
1985326344
187457397
2446318846
3464680179
914746980
1772509473
1497895610
341996927
3176200064
189986701
3468109366
870701771
2512741468
236463801
517084018
715509463
1844285688
1696895653
125802094
3896630691
2930481492
924559185
672410410
1231835951
55925104
3909193917
2538474918
498482043
3977276748
1105672937
990984674
2216387207
1039020264
3545649621
501443550
2857260115
398966852
2457682305
3190300570
3133431007
3403282272
1310406125
320639254
2239858731
2954981948
1831607065
3281239122
799318583
3681979608
575970565
3396492622
4122162947
1097425716
927665
2229989386
3433403023
2900218192
2576541469
3866734726
1840431323
2691134252
2626275145
1319148226
417107431
4284851400
2406642741
1013148350
440108467
450855460
550590945
3682835578
3725259839
2116020032
3004933197
662465526
527754635
2534502428
2439200633
540988722
2115904919
375027896
4173518693
1286444078
2255634531
2738429204
3800684561
2262377706
4172251631
1059010864
992505213
3455828838
3669161531
1963878668
4057695145
2587192226
2693032263
817105064
219727509
3993491870
2007131923
3645191172
2948244033
563251546
2165193631
203081504
3136045741
596555478
2249716459
319643132
2027262937
2886426130
1944738039
4069610648
2080850373
2632530702
2849438147
2878523124
2678503537
2350303690
3865190735
219255056
3562677213
864831046
1594809243
830295788
636776457
1124576386
1324020903
2211536008
635521269
3481843838
131790963
3899708900
2790333089
1552737850
1386623743
1707251456
1915031821
990605750
2848108619
1754086364
1838880825
3123795698
2598452311
2148737144
1270471717
1709003246
1530487587
770597076
3296512209
1323032234
1519743151
632084720
4156557885
417544486
1629384955
405546188
1760332905
1246715234
2213031943
3870662760
3211000661
429786974
4231870931
3654969284
934068993
3031085850
2913655391
940529376
1901989741
3182075030
