614718023
1985136040
1249271701
1203674782
359163923
3652796676
936201025
4208664154
35376287
714155040
2231172013
555621334
1704858603
386075388
1950178521
1801884434
2947156471
2765312408
2301565637
1499807758
589380291
3275625460
2567414129
2480447178
1394078287
1821584912
2809994461
747170630
3399564443
1938963436
4235360521
1074012546
727377319
3632699784
2657313269
890895742
3468261747
1109615332
495993761
2518154042
3054781439
4129256448
1542081037
1069897398
1433489739
1838246108
3183436089
1646201842
2232511831
1628151160
4012258597
2396247790
2780570659
3900190164
707408337
3514839978
3284910511
179631600
2847376189
2376752678
1157190139
3639579084
3041334633
2659078754
1827184903
4055981416
1900713045
4098477150
3295951571
134968516
1616407553
2880981018
800680799
3381834720
1092077677
1523515798
1055145643
1096529596
3035403673
262730962
96174263
2445728088
3680731013
1022549454
2246884739
2725001140
3462263345
2418489482
2014855439
498576848
2868779421
1837777158
4288485211
3661944748
2471682505
2380657474
2502233191
2348486984
3569612469
4194700094
871410739
1491695268
524141665
1609827578
2514698943
2917327808
2031974093
2113084534
172940299
1859777692
1541208569
524045746
864044055
1593640248
629078501
3866776750
3070953187
1553084820
3401245329
3792022890
2899669103
3432207792
1978195965
2782958566
1491373243
1376390540
2125323817
1735590946
2078812103
2905322792
3865544981
1460058654
1183239571
1580558468
1163414721
855847386
3144272415
1745355680
3566425389
3504973654
201927019
1317282428
11046489
403773074
1010284407
749084952
2970657861
2854370190
409927747
2120358772
811139825
894669386
1255886799
4198493584
1628427869
744838854
455586331
2528588652
2876246665
1616741634
621409063
2538293512
3486337909
3087259902
294559475
1030179428
2311062817
18730682
522518911
2029654912
2953929613
2540347958
74131147
3033677916
1030181561
1566527346
2042223319
2595892472
1840283301
1117950574
1970317731
1800664404
3696251729
1414063914
3875659567
1169519984
1326120125
315656614
2092861307
2059684172
2578540265
2312992226
3227676295
3360804072
3331145173
1706387422
2522882131
402070596
1871506817
41671578
3958171871
498144096
4096762349
825101590
533517355
4064038460
4163979033
777975890
1910418999
2234591448
1458997509
112417102
2238186243
2195701556
2008601521
1696443402
3256950415
166456656
2926727965
2262445190
536939739
1286164268
361362249
3509245634
2848561639
4197925064
205479989
1154705086
3260240307
190635556
1171719649
3411368058
4170809407
1327825728
361107533
434890742
4135989643
3543813148
1662937977
2789740850
3598594455
67310776
1954202469
3909914670
3953986659
545093908
2007663633
3926515946
3373338095
1574655280
2044582269
3527032678
323437115
3604890892
923905961
4286424994
1763145031
586392744
4001084053
3591755166
1858089747
823169028
666259009
1273120090
3355625375
3259884320
346861229
3915133654
2364489451
2688825852
4232495065
3159530002
2238735607
1797779608
3654626757
2019964686
932693443
2611290868
490562673
3242558922
2494147919
343649552
937791453
1521009222
3504940955
1608198892
1650498569
3121473666
2988703911
1954478216
3336189173
909423742
1627309171
2659856868
4232234657
3495600698
2298527487
3894653696
2117827853
1396108726
1398799435
500307932
2378318905
1136038642
2290960471
1251458168
2795358245
3749203438
3833605923
1204731092
1971942609
621320874
1774386351
3167024368
4213274173
2715661606
1061076219
2853699788
1200535657
2182322530
1690778631
1557216360
4210222933
501744478
1248265683
1698808772
1989439233
16150298
376137311
3986584288
1791654765
657725590
640706987
2354832828
766048409
3953916882
363649975
1850374232
107778693
3841643726
1505642627
1953646260
1504097585
2878021514
959773711
2712612048
1646890141
1167136774
2963276379
4094477996
3803448521
3032922690
2363041639
2246209608
4234004917
3790062142
3360749363
2460960164
365119329
3790449658
4145724863
3149275840
2129766861
1359721334
1303938827
2824446876
1041423609
1063965874
2393317143
3728221240
819563749
3953511342
3937014243
1829224596
1856841105
1191515242
2681711471
3392296112
2543178493
4286245606
3815045051
4163992716
2078834985
2338278178
1647428295
3584726056
1219681301
1928065310
1679071379
810203012
619139009
3547879642
1575404831
4150444704
3947431981
3631595094
2119193707
2856538492
1830285657
2787843474
2169770615
3730358296
1769781061
4063310478
3600517955
2030512756
632604145
1169062218
3867347663
4182142096
1375619421
2773691846
31825179
3976077932
2806263177
454380546
1219038759
1847699464
1770659445
1571590142
2466900467
1133255012
3138947105
2446226874
698842239
27021952
1818793613
3777640758
3629109707
1183903580
3033544121
1663358578
2810951127
4003744760
4293792165
2471823726
1223341219
3689448532
3151337041
1371491882
34544175
2917364848
3556437949
684843174
2725900923
2229975116
1155467753
1428208866
3491170695
2906631144
4101738709
3403783902
3062426451
3454757700
3144609921
891814554
3845448671
4149924448
1256740077
2866881558
3893296939
2914680124
1532209689
2509242194
3878029623
3407005656
1338350597
97079374
1492094467
3575893556
975673009
1903137546
2471745935
587295824
3961767453
2544829318
3346659291
4000267820
2161186377
112827842
3025384679
754753480
2334077749
2135104958
468294835
3437276452
3573713121
834469754
3345414975
2979414592
1533035341
2438102774
2783304843
2352479004
4072296057
950310962
1375407255
1805398968
3231405669
474351406
