742532767
1616885280
3500565933
3539238358
1787629035
4173446396
1205364441
3930199314
1218159607
3061064600
67486917
3087524366
2414834883
517146100
973335409
2149867722
1950141519
340672528
1999177437
293588294
3677795995
3284495852
1459094281
2278040450
454754215
430173064
2643233781
2867666814
1006515059
1522324708
2730954145
3898359098
2279054847
1021773312
3124278285
2717694134
4115483467
2606308060
63925049
1324060146
3107981143
2730848120
3510755109
2851567854
186080803
288759764
2352708561
3923572138
3889011631
3853060080
3376966973
3208790054
1606142971
2607530956
4085358441
2490586210
3139812103
3442978664
3170418261
1256058462
2173039827
3691898564
1071920641
1917684250
798606687
4124263904
2089497197
3051840406
674052267
2544658620
2683412377
4209407698
732371639
1746512728
1061431685
1830256590
1649735555
80947636
1946434609
1964309130
3312917263
543473616
2230584221
1413686022
1930203483
193595820
2277665737
3800823106
945759847
2253022024
662118581
2849713470
1599039027
1960110244
2073988705
1532643066
2321587391
3558634944
2620776653
1517059702
