4165670287
2708961360
2364170781
535621510
1789326299
3223325228
2215866953
2646624706
3560075495
3862178760
3233369909
1530825150
11933875
11204900
2089837793
3046714234
2132621119
2109689408
1077796685
3099290358
2151798923
3846948636
1208199801
3288745010
477677719
686211000
3173806693
2093773614
199070563
1203655700
2956436241
177107946
2640217327
2721341488
2143643773
1492550246
2022222139
423264268
407023273
3683949218
1981008967
3580759976
945103253
257587358
2603514387
1374956292
2785488193
3050805338
59375263
118861344
11795885
2251634134
1176921579
3499832572
2612231897
3488763154
2698935287
3957922712
2378587333
1264556558
4138978499
702250484
3779199857
333158602
1826268239
2959226896
2432474845
2278458694
847646363
1742530028
3187219209
2321963906
3212040103
4030129032
1238574069
1662179198
2503510899
3116584164
3253413281
918648122
1330345471
2648243712
1196575757
3604574390
2379391819
321819356
3749086009
1643628018
120512343
3656804216
1502508837
4067111150
3427251747
3149567956
3032847313
1450192298
2341958575
3136880624
3005744445
2385311782
