3858627791
2431694480
421530461
659949510
149335835
2000161900
2574323593
1533593090
3112321063
2501194248
3873710197
3389696510
472726515
1325613924
3839994401
647049146
2007428735
3774946432
2801981581
3276510006
1742562251
988633436
1237161913
440324210
3078186967
3567408632
3754988453
3819021166
3962209955
366095956
1617901649
3055061034
1370688559
2913123952
1110290877
3971070630
263455867
4127826508
783084521
1319188194
2520333191
1055405544
4211512021
3032266974
1829059923
2632422724
3505984129
2830613658
832394719
2551487584
886281965
3122626070
1343590699
3594250044
1411517465
85391698
3265051447
2634404312
3373866501
651356750
3821559811
3352459316
3200399537
2614480138
530631567
2371204688
568821789
1139531142
258804187
821241900
1254094921
2280069058
1279190759
2077895112
1264268597
1562064830
71233203
2581714724
3469585121
580499834
515403071
3055881280
891061581
338548982
2061856395
1935566108
1474932857
3474494002
2507849367
470039992
601872485
613196078
2700339555
639939092
4074662161
904561130
3701422831
1728159280
1390775933
2528931942
3060383547
309108236
2780968105
4034029730
57360967
1642270120
3313108885
1675503262
1530023955
2137655556
2574742337
2758747738
1641034911
271215648
1215669165
2301535190
2359622635
2060243708
1932297433
2407242514
2917888503
3314915736
2747056837
2340866062
1392845507
2822822900
3722168689
2190386890
3246807631
765359632
4223648989
1792766790
520234139
15598572
1137418505
1299917186
261508519
1123737992
1660619253
96306558
3610730867
2197301988
3087952801
2591032122
3384585215
924630016
2608263693
3973701302
2511092043
3506385116
268601657
964170738
3049706839
1236395384
138927397
2792972014
357829667
3248420308
751983057
3690609578
3006146991
2418294256
3473812285
1644226086
3482204667
3740228044
1962163561
1077500514
4036495623
2904139112
695614549
460411998
3383108307
3590601924
2108331009
3436466202
3512062815
2012478432
3870847085
786925974
307439275
3597500092
3833839001
2621832402
2196039863
2488344920
488187781
1545364942
4013467011
3786866612
1490688561
4167385226
1114548495
4186633680
191414685
971294982
3127246683
183017388
3579054537
1172634434
1380480103
1782012232
713268917
431067966
1876333619
2785427108
157543521
1607732474
2675157695
3685231552
1859264205
1527751798
3941712907
1737473180
4073202169
1662866866
387820567
3446361400
3116933605
791141550
3557486307
1946220948
2802518673
3926373738
2887768175
2429197744
2070382589
3426687974
1038185659
1599198604
1292043817
3082161186
209686471
2152463656
2210083093
288768542
4079007123
477507716
1179808961
3550951898
116273695
657542048
73137453
2567581526
1944064363
3705531004
2296886873
355868306
2689146743
1492674840
3253619781
1045676942
2736973891
3757368180
679291633
521771594
3642341327
953890192
1973583453
247979718
609786395
849541996
270086793
3403975938
588602151
827298056
1588917109
2931253502
1759282931
1590432356
3951963425
75880122
2258463103
3683081088
65932173
747579958
1836453579
181405788
1090157241
365451122
2017411799
3606082808
622995109
1146624622
668504483
2299182420
3125312337
1641213738
1580484399
2427764080
3702629565
322376102
2753785723
1465127244
2662239977
2426961378
3319912071
4214887656
4043892181
988606430
3529640019
2390746180
2083460481
715645850
1230590175
899832672
1444956653
1968608534
67877931
1105073724
18378521
2752249938
618141239
592146648
3741069573
2548883790
428075779
3468330804
92601265
3630937098
2085062287
4082054480
523041565
121943174
1603925211
467474220
3302693705
4130987714
1354564071
2550368456
2085554229
2593058494
487143859
3372852772
1196240353
3661979770
637134911
779766592
1871362125
4011356150
3489208715
1317016604
4216951673
3677952306
1475058071
1442929848
4145310565
734664750
461173859
209469716
2135600145
85715178
539719151
2007145776
934052221
883476326
1695820347
1253444876
2595674025
3302010786
1266605383
4255378600
1310677653
1314217374
573184787
669079556
1744860737
60181850
2673291167
2064067360
1355110061
831306454
3583387371
2033058300
2916476889
2995233298
4015115511
3272226968
2164446661
2393358094
3172707779
2580015860
1756466289
3323694538
3803714895
4037473552
2898802653
18565702
787091355
710341356
2220475401
2711941250
1778346151
1578320008
3222396149
1928871038
2803674227
3229546980
3311464097
4073892410
3829999359
2353068800
2254972173
4033574326
2235229259
2254430172
3802491961
4247755506
4108496983
4200465528
2623500325
3946698222
2042107683
3390407892
3469843665
1436721834
147154095
3981720816
2434276925
3998498086
2742265083
2100807884
836493417
233742690
2350294023
659129448
935235413
3241118558
1564011987
2757397444
310810369
1345484570
3483881055
2401221344
688595821
4218200214
3141489067
3062738364
2950701209
1785267154
2658550711
3354706008
1958886021
138697934
3098161283
3973910196
2328026417
1240016778
2200658959
3097654480
2201236637
2584453126
352905819
2177928876
2673159369
1726333506
3181154151
54442056
649949621
2377337406
3788955443
3773566372
3465113441
535671802
3897238975
1822124736
3712373197
1044921206
3220926219
3324996508
2006844665
2238438578
1306822423
868641848
1103312101
1215517614
3444177379
1301710996
1100828049
2502368362
4005696367
1502190768
2914286333
3187241702
1107419067
4070130828
350071081
3854717730
912861895
3622493224
178684949
3376118046
3192815763
2141945732
1149335489
3258736858
1628122399
3383495328
3551637549
3233171030
1204239467
3988593020
3891730777
3044025746
2433055351
2177566744
1190813509
2860694158
4142887747
867824244
1685646833
2241102154
2489414351
2466362512
3341873501
802534854
1421247771
101313132
646796681
2679919618
1515484711
3343249416
1829881461
8394750
1744294387
2249253220
2340859937
4082531770
415229055
122264192
3370466957
2792276278
1929034187
3786323804
4211301817
1034804850
565255639
838505464
3556751781
3375010158
1626512547
3804187732
812498513
3312014890
1759609391
3825384560
306288573
3780667558
3816741499
1855619148
3028038121
2248918242
3107352967
793244648
3818338517
1547249374
1076548435
4120130372
2259753089
3413379738
2587970527
1114380896
91815149
791260182
3454920491
3531359548
4141535769
1029506898
3854528823
5050328
1147880453
3676493902
581662211
2585695796
2928918193
1524472586
219824527
2273621072
1568566813
3761867654
4038254555
1522730540
3938598473
1709745602
250027239
2850613192
265214773
2703140286
2487190707
3417142564
3843600609
3201107834
476537663
1410042432
1577380685
3063875318
1358480523
1822278428
1838511737
2947915826
4010308759
3837426616
4292148837
3005452078
1064435555
2505035796
3020091153
2821279722
3454251247
1954520112
58684541
1446059622
3937047867
1962638348
1098349225
3901421218
1128167495
220253096
2672864661
803771550
2643322387
30713604
567638337
2644079706
2181704351
3508529696
857803181
3028734422
1618170347
3633000700
1028344537
1810868498
2070161399
322623384
2043996357
3219437070
2795387075
197851636
3788722033
1803842762
2752893007
1575711760
3940330205
2297897286
2881354395
3820741100
2092164873
2469050242
1779729319
1793564552
1270132725
89060222
2171467635
2374093028
2214556065
2484162874
1510056447
178338304
1902467085
3164146870
3434450763
3132919516
2417250105
625156594
4104817495
4224066424
839058213
203312366
864559651
822612948
2770132945
3207006634
881369007
2998942704
2251166013
3661861926
2051346427
1232877516
2895086441
3338659938
3275833095
288711528
3667059285
3121201758
1362606291
1613552324
514759169
711761434
3743795551
226982368
2439632493
2123216790
3524754603
866770108
3691545497
1793592018
4038303415
1247043416
3019328901
1049121742
2911353731
880745908
922198065
424218250
3490979599
2650141648
3557533597
3352196870
144168283
3300162988
757223369
3242363202
3130829415
2315392840
495142069
2194735422
172173875
1733156004
3506106977
1155750650
4165902527
2731190720
2546369741
3323777654
418454027
3754629788
3812616185
2820039602
827810327
3873278776
2538194917
2581252782
3354723555
1101535124
2625343633
1277330282
1938837103
109353904
1594715645
3947874790
1963870907
4024218508
2793688105
2603260450
3892233671
2605038376
4062041877
811380766
2515028883
2354892420
1174174401
598575066
945039391
1331874208
353592109
2063490390
3046795115
3617081468
3016916057
604384402
2758661495
4116293400
2140303941
4241338766
573046339
2147156340
2797646065
2246797386
3352636879
2405708688
1036739677
4202663110
1241542683
3782007148
214792329
1240472322
255824167
1190678280
1106942325
795135742
3380550899
3033641060
4106957601
1661150394
3725483903
1413994880
635990413
2699712566
678126795
2945017436
2815967417
32466290
1674508503
3586175736
476662949
3793291374
1199089571
317709140
4074701137
1356578090
565886255
2542582640
316508861
3340091302
2110145915
735899468
2685785321
2664106978
540478599
3406942952
45190101
2292276702
1717542483
3257172548
545201025
4212928922
3562358495
2926696800
1927131117
1469629206
1572606507
2014737468
1701393689
1091178066
3042102327
604679896
694572805
1618267982
2940141827
436118836
3924722097
2469102090
2182675599
972436304
215736605
1053450886
1924647643
3718575404
3967115593
1190358210
918370279
2710193864
903523893
3771358398
434229171
2446148644
3627037665
1076932218
2986401343
383306048
814423629
3670121974
2917429131
3182916124
3734854009
3163432754
181489559
3090127544
1847693669
714671662
3167947363
2963234580
3238474257
2400368362
2512907247
1301846832
3864946557
1800762726
4146921531
2168253196
3389267369
3416341922
2594837319
2153360040
3910008981
2023213982
2103292179
4249089540
4143348801
3799554906
3119064479
41199904
529054893
2182932694
3711728875
2296668156
1368174041
733196306
35816183
2787604120
3191012293
2403183886
3213673411
3997829364
2034307697
3804847050
3047131983
1701573392
3858570717
1919875142
1165878683
488427756
1557793289
2450292354
3218448039
1501036168
904102645
750889598
371933811
3657471972
602535073
3995859002
3672513791
2721937664
2356054797
3244467126
471611979
1578450396
1213149753
565356786
1696491095
1038762616
4180842021
2031797230
4072942883
3866534612
3753124561
2290577578
3866614447
3496491760
3729785917
2513365798
67271419
868001484
353314409
3681365858
1175968263
1524449896
1106457941
1979709790
1436713939
4185598404
3525483777
3414344986
2949629023
3811260640
1339328877
675991190
115058603
1036127164
2566710937
230887890
698153399
191888984
179855493
1860717262
2110867075
2828872884
2373477169
3599037834
3643333135
2575659728
770644637
858607110
1158856795
3281284268
2931520201
3304804418
4182295911
4001461832
1054152629
1762310206
2568713523
690727844
1085830497
1052049914
2138971071
1849026752
3461527501
1653434742
2782053643
2757937564
1705888505
991750834
1903574295
3601902136
3931921125
2472427950
1946947555
1077257876
3886404497
2130307690
3934947695
2277218992
3211944189
3292668134
2265363899
1193026188
838266665
1206837538
3510657223
3126630952
1780558357
3063539486
703469203
847912324
2059632065
1744482010
1019814687
2824177824
4169209389
937587798
1834586731
2322560892
477749081
3505927058
2323787895
2745452056
2612430149
2771691662
3570174275
3031961716
525628401
2417905482
594864335
503493264
158455645
3737478086
3023461147
3033253996
4074347401
964682242
4057377831
2691083784
225406069
2875557374
1030907891
3675160420
1465628193
3280718778
2257115775
2994870400
1257743501
2348937014
1036521419
1684018524
2004427705
3532450930
4002993111
2990723576
777969573
4280516462
2339025571
161245780
832324689
1948918826
952105007
2605890160
243629501
879695526
586788987
2132500044
2440787945
1256608482
2867046279
3197612520
2119687893
807769310
4110444883
3828404548
2040077953
698374298
2811576799
1773377632
3461243629
1587796502
1668693291
581739324
2093193241
521344338
1133651767
2122599896
3186452997
2548221518
1866370051
1046131764
3885319345
4048906506
2336470927
4205032016
1564824605
2465675654
2510861787
2491606060
4193551433
156906434
2017415911
1860675016
510820661
3381793726
1576016563
191435556
1351857889
3463468410
2529581375
1726089280
387797325
3414177014
2528909963
835526940
2121350265
1908583986
1531325079
3227564472
1912218725
36338990
1134564707
1315630612
3596055825
702029290
668477167
4075657776
273242749
3826633830
983264059
1601853964
1683800233
3725821090
29470279
1196329384
1532449685
2556625566
1905884179
170870020
392396609
1110688346
4143194271
4278544416
1174171565
172949462
4226918379
2050592508
446304473
1641264914
864869879
1808799128
2115833541
1823646734
3085389507
826611700
1593496945
2615821002
3344254543
4146622992
3458830557
763547462
2888421531
3329867756
1422667017
239748482
457357735
432299400
2929612277
1498440062
357862771
2516281060
3575674785
1898094394
385259519
1125496832
126074381
1858615990
594470219
1617554652
995497273
1652436978
4131275095
2966053240
569256229
2721266414
1735145507
3663802836
2929157585
566482858
3465745839
910965232
3380475709
2432057894
4037797371
737744332
2606418281
3140908642
3298456839
4097909096
2648672341
1695690846
444157651
1615165636
1558355969
2742348826
4054171487
718816
2487958637
1755571606
160158379
3302374076
381503897
3271170258
4180825271
4215774552
2835706757
157565390
3649491331
959921076
3192202801
4053589130
1315542287
2605773264
3235810717
1277699334
2054794075
1852857260
1411421641
3792705346
698409063
549246280
3132287669
2959109950
1046462515
377846436
1304557665
2103617786
769234623
3202164672
2968185549
2207907958
379613195
66484380
786935289
2927587762
3191937047
4081043768
1794829797
2768091310
2173639395
960443796
1394349713
2645381482
61916271
3442383280
4276311037
3100669926
669720763
3898053004
3879047721
1544497186
2720922567
623868200
2729475349
3421707806
710926739
1647537284
316047553
4280538586
510271007
3297003424
2918893869
1734511446
520404331
4131563132
1374503513
742800018
4081224567
2091574552
3412498501
330801038
3202159683
3253804916
4264834801
338507338
1463854031
786248080
1512327773
1286027974
1129858587
1881585516
145866377
3731597570
2988033831
3281063176
4285546357
3833740542
1943122675
3905375844
3812112673
2230350522
3257881983
301488000
1746065293
3618997814
1662040779
4029858908
2581989049
528905074
1913564887
3078680824
971010725
2420766318
3704143267
3066362196
480610129
2673117994
1576088367
3746871664
892956861
2573495718
2199460731
1482018124
3098352361
4200438242
154944135
4191785192
2257203669
3267742686
2618111059
1270423620
3254722945
3338698650
3288415455
1680955232
1204491757
3024810262
2401003563
3258896956
1827273497
1199053906
1081967159
4290374872
838892805
4050435406
313136899
4147299124
3616016305
3847966730
3634000527
3113038160
2126169885
1287655558
159752411
1868354348
1128245065
488438466
2204986855
33621192
4187378741
3413494462
275408307
679535140
2118334945
3649830010
2058867775
874989376
1102808141
4175088630
3145713035
3101610012
2098274169
1062417714
2422670743
3981301944
996063077
2849502254
2212044899
1588755732
603174929
3900277994
873751023
1417582896
2973781373
812786534
1693832763
4289972492
1082221481
2413939618
679823687
1375692968
640460437
4283054494
708921107
412521476
3004990017
751495514
3911916447
3067225888
3598459565
3172800214
1821561579
2626338300
3363009497
2119155218
3215145207
1412740248
3918733765
3359873806
1068358083
3300665076
3271596145
115812810
2302083407
52490512
3546416093
707962438
2411838363
3486691052
2492092425
2011434114
744215719
2613886088
3857000693
4210759806
787077235
2977052132
3349346977
2364884538
3191018239
3710514944
312799501
885641654
2460848203
2981796828
2569599033
1470478066
1477057623
1147568248
3694509093
4150768110
1098924835
4240949460
1103538385
4208737962
2631553199
3563862256
2008541757
1002019110
4030812411
573670604
1869769833
3596336482
4006154247
3445686376
509074261
4148193118
1337727443
2223753156
4008616705
574821146
1420278367
1411823328
2395860845
2946038934
2317876651
3102108092
2236198041
4203552722
259239863
165362776
3202254469
2113681614
1890081923
3595389620
4183681329
3666920330
3755364367
2472046800
3168403613
2193554438
1489802843
3041413804
1297201353
2290146882
4221893479
280245320
3239886261
3369215550
2853178163
526076324
672627553
1894535162
3009483199
2227201728
1871650253
2571278198
458889995
4001769372
1861062905
1916663986
3350721303
747300920
1227194597
1052323758
2692621795
482657428
249452945
406632554
1862467439
3336411312
1298155261
955961062
129731515
3280928908
4131403049
1200320290
180852423
3418249256
3419131925
3764933918
1195224211
190364548
1043694529
1495858394
2369198367
2481915552
1702919213
2038342230
2057037931
185718140
2217518425
2783986066
2393826935
1886225432
1050848069
3092682382
2421792579
2544250484
1935669745
2182618442
322461391
2985537680
1608695133
3022328262
2808492315
58566252
2119557513
2830331906
582183
2692181000
1207767669
1253766142
480050675
3455851876
3361782817
389093818
1090637951
1655346816
2906262157
4093975862
1212507595
1124168540
1058990521
1490811506
2653981143
3581612024
1861092773
93089134
3952265379
174688340
3824863825
1113256490
1095659055
1402124400
3069797309
1710605478
1311016571
2810985548
1168817641
489742562
3946896775
1826058216
1263043797
2961310430
193331027
3904728900
699475073
1128048282
3650697183
2380994144
257149165
3364751382
2427360043
1187840316
1708940825
708387666
1544871223
2544602072
3047133189
3708990542
1233232387
881250868
3922119345
3745330954
438119823
1722986576
2705078813
3693406086
2119076827
1580384812
4166437449
4064002498
138905831
1255564232
4148569909
1450541502
3780161715
3642011940
2436807905
3515065210
232083263
1856538176
3764762445
3536937718
3425661067
1122795292
175964793
2503982130
1513349271
787937208
4199500389
2443275054
763243363
3514174484
3655072529
989260778
1786551535
1649121328
4181934205
3228203622
641483067
1374238732
2389837481
1359745698
3203720263
2423015336
2039347605
491614366
1465192979
410641156
4196500801
306057306
1083053727
433776160
17290669
176631254
3743415787
3755470076
2333660889
4045915410
1449497591
1330992024
815084741
300978702
115369155
2561619444
3578944369
2478837962
2873408591
2035642384
631666397
3632168262
2688919195
690462188
1276408585
1054462850
2736844711
3482393480
196606965
2176962430
317399923
476382436
728858017
2980310330
2157678079
1618621952
3721536525
2204592310
433601355
1107774172
2445794105
1898528242
981595991
3904806776
1477005093
3904383214
822103587
1034571732
3376540625
2211489194
21859247
2596812784
419290429
102297638
2999106555
107344844
3243642729
2631730274
1956883207
3594313576
4082904661
2626330206
2775246035
1447958212
3091637761
3085777434
2295706975
3481171424
1868341869
1831474070
951068843
166893756
346165145
612116178
476121783
657120088
2084804997
1018179534
4080396163
1876908468
1858251825
23112330
1030687503
1906044880
1373729693
1190253318
2416673115
2283551148
3394165705
676177218
525669991
2926023496
2182254773
576707902
2351715891
866982052
4290313825
2303850234
3222572223
2950669760
977227981
327626358
1677706763
1410455196
1438610425
4132994994
1037749783
1922172728
3034321893
3499140782
2161717475
3670430612
1257020561
1588076394
3699456623
1690867632
3672717821
3032557030
3598186171
3368185740
2400639017
2053355042
3138204103
2651404072
359867157
1677298718
814184339
502925956
752912065
3859424218
959452191
110478752
1326591789
3728128342
807342955
3101492348
3812100185
2918598802
214385015
1860969240
627752517
51481998
4181862979
634862964
2933374193
1239352394
123476431
2537959312
1252864093
2235492550
2422217755
1590728044
2210792585
139933442
2342780199
656001800
387310965
1309649662
3889449203
2058153060
919944993
3930964154
3003140991
2493044096
1248673165
1357952054
2640711883
1288446556
2535705785
4002251122
587097303
4231081720
4253522085
3471500398
1741214627
4102690644
3080457553
3443349802
2463607087
3893147504
3284489917
170072998
874246523
1555999564
1752457449
593504226
15825031
126963432
4237481941
1767520734
4083862099
2872950340
3769575297
240438682
2556244703
3605058912
1424522221
191700758
405585451
2690068540
2543501593
928393810
1180186679
911813336
2026545925
3402935118
3284479235
3864453428
1313967537
1325080074
4291553423
4061409104
4106857757
2972040838
2751690459
1359261996
1228533065
4172712130
3066930151
963101384
1199700533
3666950334
2158164915
220495908
3112583137
643254906
2017855
107332928
589032013
3378772470
2026576779
3220581916
1454695801
3817358130
1756150679
1968969400
3737902437
696705582
4035917411
2528484116
672153105
2437960426
2064701423
206870320
408040317
67031398
779004987
1176151820
2116987305
2442287522
1964015431
4069861032
2239450261
1651287966
2832522515
4191760900
477268033
1653421914
2904363423
404727072
4120873133
1653425366
60369131
874585084
2458532313
710659090
2815684343
1295119000
2200127429
3115944206
3179212739
2636006644
3320847985
2994010058
3716052815
1237708560
4109822429
2825278534
2377486747
3262680300
2875889161
3542850178
798100135
2769386120
1343672053
1571063422
1901620851
3335771108
814481569
1328452666
238029055
3171316992
2567657229
3399548854
1760486987
22018524
1429388857
520668402
1302712919
2379398776
3311985189
3861159918
3857471779
2366168788
1963536081
748752042
2884421295
2036348656
3712995389
1611941670
3895469819
3365298892
3238376041
2126138210
103433735
4275355240
1290568021
3304117598
3414536147
3314312644
3907692801
3564331290
1043312735
1645360352
1710708077
290925206
3307492267
2818230204
4106646169
2965843410
3489293751
1127643736
288664709
3045074638
288322179
4125976756
1316187953
3591147914
389269007
639332048
2952062621
146844166
3493227611
3605801132
4212653769
829844546
1152463207
3923178056
764699573
755602494
2494865715
1132128164
78020961
915643898
66324415
809166016
1090225101
1650967926
2693886219
614040988
324884217
2865694386
3500779799
3042256440
3726550757
3397655982
3533716451
1665393300
927391633
3773793898
4230706543
2532284080
3615370493
2619571430
1142972859
3891388044
3787029289
1687682338
1660865735
2349864488
2946922005
3332817694
2520597139
2316786052
249006529
365382362
3528789791
209224864
2595217965
92983382
4019076715
4020515708
2668587865
3025686418
495688823
1747370520
2948518213
1676182670
2845226307
1552174196
3768287217
3682724682
3819689167
3470044816
1250141021
804569030
2923824923
1914668140
1224877961
1834417666
82516007
1199057416
2629482613
1585471998
2239206387
3738811236
1586872865
1850107834
3358246527
2546144384
1873571981
1584941878
309509067
4254257500
3522473913
1352337522
2960670679
463687160
363670437
1550146414
23781027
1697031764
3347664977
2952511530
42787887
2361570928
2342341053
4125913766
3841940603
1743592012
1359610857
2095804130
4199420807
3121032680
3395889877
1565421790
62625107
2201619780
385428097
2554918042
2957848031
789746784
1216949997
3974641174
3583437099
3202178876
841294873
3738120530
2940703543
3418540504
2877404677
716350030
829732867
4238536756
891834545
2761229578
967222159
1269935696
2841845789
1002608006
715416027
936550444
1709772873
2693615554
1056947943
3182764488
441044277
3351834558
2657175219
3031453476
655999713
1208414586
26494271
3948872768
970857805
1284673782
1901250187
536599836
2444806265
2586626610
1808897687
2960995768
416575589
3783809326
2097955171
2658216468
1049657617
1535490538
366023407
1117361712
1047340669
1798252646
764221243
3427276300
1068977321
3245645986
4208466503
1752827304
2046074773
1051188894
3468732435
2897510660
1242532673
2377670234
3738700959
2711643168
3829611437
892296150
2315146219
2305182460
247962841
2582369042
1676560887
1036685720
289233605
798916622
327776963
3255391220
3302613361
3540377290
3487838799
1685220880
1901288669
166341446
135363739
2344975340
3800873225
2765709698
2175739303
206428552
3808535029
4272110974
4197562739
2696848100
116556705
3583327034
384861183
3805197312
1951435277
2054592182
804360523
3751061724
325689657
3510914034
1098231127
597876088
1414821157
1605179118
272917539
3672337876
1964798417
1699574698
1287127471
1614034416
4105028413
3115032102
1082757627
1489162700
2659276137
3958608482
1398595847
925408616
1527305301
3765636190
1913420499
3259413700
2967120897
3889530906
615885663
4225889248
2728265837
203440534
3750002347
2197747388
1438045593
258880722
3661611191
1308498264
2914107269
1483480526
2056584579
1484224436
3362796081
3365173386
488931599
2698440144
118774173
942375174
3377289051
2444761004
263004617
335229762
465128551
3003273544
4087494325
1489980222
1940450355
1053079204
1725957217
3903931642
788497087
4124189632
3015947981
4125383798
2165251083
1344091292
3620157945
4288777650
807699479
3839116600
4109187557
2626917550
1171474147
2789044628
65872529
252898666
2114039919
1297257904
1931419645
1596052454
11848891
287133068
505945641
1982350370
2996594631
2245195048
3395668245
2020604446
677318035
1068542084
337284289
1482715610
145099295
2509718432
2019136813
1601890134
1760127339
2674352764
3887255129
689329810
1895561079
1276993816
228516933
1255897998
1364672579
732781428
950747889
2801848906
1478987727
1218391440
2405832285
608605894
2971136539
761951084
4262087305
1202898178
467546919
4052912392
149654389
3960281342
2777079539
3934423652
1872905505
320540346
813777279
1546212224
1291297677
2359026230
1466656459
1163231324
529633977
4010053490
4137556695
600927480
3881746085
503042670
1752754595
1279210836
1136825169
1519789866
1080958767
833926512
1048657085
2572274086
281986939
3105327436
795584233
2580723170
2270604935
1949895912
3838541269
4234061790
3967311955
1622301764
4237241729
1360599962
3513329887
2256556896
439738861
3707718934
2028803115
2455735868
1702594329
2426681426
1189277239
1206413528
2110048517
1823250766
1116750595
1735065396
3461026737
1342893066
2007850639
1670065488
4010316573
3959123078
3258010843
43814700
2120495945
1505760962
1356716519
3351150792
2677907509
2384242366
3935015347
3216514596
167331297
2794625146
3258302527
227820352
1420578893
3428657142
1707504011
1392348188
3951602553
690835762
329413015
3495580856
3630760805
698732590
2197113955
3634936084
1297925137
160899306
3938274799
4112160048
2610174333
1710980966
3549921851
3564209420
51113897
1353901986
4961607
3793413288
2264527509
570365342
2031645459
554422276
3002633793
62883162
2243889055
2791121696
4243779245
4067259094
575635179
3483859452
802226137
2950158866
984917239
287256728
182676933
3818878734
3103786435
4151337716
34579569
1702020554
846589263
3109743888
3401306077
1829372486
3210307483
1963879148
561699849
602089602
1232617639
4115019912
4101534965
3569218686
1568081011
2586145252
3735357089
3034047034
1255997183
3251827456
2678177037
48770486
518011979
3436533724
4234970169
4158378738
3320940631
2586770552
885786661
3310456302
1611165475
389676244
4185634001
2648038058
2477735087
1061434608
2400695869
2195649830
1808727291
2800435404
2311649385
1418254690
205224967
1865972840
1303455573
1594966878
1224689107
1014825924
1075228417
1645457178
3966215775
2364388064
1431354221
3448068246
936421803
2331977148
1735604377
2960210898
3945864119
931248216
2176504453
2507412686
3748038787
2273150644
213447985
1224236938
4282465295
3519966416
2269105309
1160927238
