4013360687
2901569648
1545976765
205929638
2282397307
2647356492
1865455081
2769082594
2923197831
1781409768
2919226581
1491172062
1513035603
2665719620
468843649
2123865754
1409798111
2920861280
3774226669
3034349590
2356849451
3115989308
943207961
2297633618
2086040887
898647000
3549227013
2335190094
2530261507
4246407732
2677908145
3442880266
2593244559
959342672
2496959005
2247188358
1300276187
827193900
17343049
1465104834
4014940391
3838385096
1978236725
1909520830
1858455731
127330596
1210815713
2442828666
768599871
3203546688
1265897293
2442910454
3762784395
968210204
923064953
271954994
3514923159
7843768
3743982181
1639637806
2627289955
2573616148
794743569
3433817066
595408111
3689107504
2437388413
3417502310
1354389819
266366988
743431849
3512732322
4027087943
3036348328
706564501
3383027870
2845190675
2371361540
3954859329
1427179610
3960778399
1212194336
3682741677
2043520470
1367610859
3900515580
1204596441
1180286226
3401526263
3262253976
1918536901
2718304782
2647096515
2918936052
3229692785
1194395850
47273039
3356043280
3088502493
2739074374
3960454811
3757757932
891177737
409586562
1145079719
1824248712
70472693
3709159294
2952280947
2778676452
3451278753
1966269754
2645435903
452718080
4256726029
2167005366
814240587
3934814940
346534713
1586968050
1374130007
1802983288
2361042725
3603538158
4122175011
3998386132
1075626961
3606945194
1566974895
3969380336
4225381693
3998836774
3856192507
3289721804
2878072681
229178466
2882487047
3657668456
1237550677
3302626910
323222739
3252965060
2167897601
4197986842
4252257631
3290181088
2863594093
3613952918
967590059
3763327164
2477647769
1747328722
2094178999
662672216
971043205
649963470
3954507651
165908916
1732871217
1917428362
68395791
4102531024
3676949405
2863549190
1886230875
1520923052
1806742473
1851104578
311209575
113920840
1281747125
900420926
1355902515
1335840932
1700124257
1213787898
1916740799
2358861248
1727899853
3359745654
2504515083
3863678620
116870137
1312716722
2371380759
1585626936
2439343077
1419386542
3005499619
2888207252
3139400849
1800214378
1941033583
1188057008
1620939261
4059667942
707137211
3190400908
2644815913
3550981666
2421213639
956821288
1773304597
2151744542
3522727827
3091743364
2770951873
533535706
249998367
2037087648
1128040237
3144495446
3618843499
2498903164
4238073945
3625468050
4048607607
3027819288
3068139077
3205957006
1801011779
2090038644
2360775921
1883241546
3575165391
107603856
583895133
4193476806
492450843
2232667500
3045055625
3000446722
1760793895
4071916296
188824949
2438144766
3960561907
1633100900
935991073
2630662330
2453857151
1267371392
3691222413
883108918
21375179
12409436
1320395961
2834004338
1116994775
156886776
3655921829
1626102894
531360675
513953620
4180075857
2337952042
4246749487
306999152
1146203837
341021606
3227650427
3252544332
1935292649
1562124258
206377095
4056418024
2796171221
4053381598
3765690963
2890135108
3763339137
932169114
1730923231
2146340192
1508561901
3550189334
2119751211
3122948156
592877849
1072702034
1190776887
2032001752
907541253
3503432526
3346285827
835393844
3918030257
584324618
1822457999
91219792
1942095133
2933012102
4120219355
50325804
3813393737
4289626306
372587495
809138888
3179631157
3318526142
3698856883
4136024100
768808929
3293463162
2759418431
1334803776
1904886349
1410232822
658715531
3449775644
3969695097
4166925106
4032451479
1539100344
319108453
1098930734
1175080547
1367724820
317920785
4175776490
1349611503
919359280
3954609021
1395083622
189580347
1391582988
1567392169
2747683234
1317279559
3825458856
3714753685
3466862494
4185257235
2576837124
2070634561
1933586266
218343839
2942655776
1668931757
2377366742
1079853291
3282457596
1755189721
158188562
1552778999
1160686232
3293093829
2175729934
1791363011
357203188
4135515761
734392266
2171277135
3109660432
1925661149
2802502726
3151997339
942392556
2245291529
781947522
2836505255
2132554376
2683447029
1758985854
1019577971
3941469156
4029733025
3499985978
262316287
1349004544
4233211661
1950578614
2046754379
2695967196
2708641337
2253831410
3580586583
90928760
2843359781
4229306350
4043272483
277944020
3779331793
900596906
2221235887
1544548080
1535911997
1815396134
765869819
3039140556
1285261929
1634091874
1169546759
2944104040
2863913301
2367704414
2545862611
1006804420
2134606081
3298711834
3341699167
2677009632
2494147949
393585302
4034948011
3845652412
3979496089
1582376402
3503029687
2825597528
775029893
3077414606
2148436611
3536953524
3965339441
3973417354
2318949903
2850498256
2224897693
2153587206
4076373083
1213685932
3990476489
3646841922
1883818343
1595517512
2940713909
3493137470
3887708467
3662487460
3886242145
2474284538
4202602431
3319045312
286907341
2734833014
741968139
2377301404
3992268537
1553268402
4035395863
1982193208
3389521637
1450022318
2873840611
3884194452
4242126737
2205449834
1874595183
3923201712
1485997309
3711694054
170817979
3963164300
4054274857
263976226
2694997191
3018772008
1799736853
1657682718
4128135827
256217476
3028312513
3714728666
476817183
2821602464
3795466797
1587628118
562189931
312044412
2446541657
677005202
41235575
4069751320
9709893
399375502
4060990787
3592455284
3285866481
2277696330
3184028879
517498512
3456367453
2559129542
3718258459
390249580
740032393
1505162754
2056957991
267575816
2823164021
295950846
2014620659
543421284
1022007841
2661638074
1271750271
3885288576
77777037
2919940918
817025995
1751386460
316966841
1155072114
7198679
3719038456
1634632613
3594965870
3215849123
572448340
3195283537
3824728106
2838854703
132279920
1737073085
3825003174
1134916731
3152826956
3176127465
3901187810
3456740231
287172072
1004569301
1164830942
254061907
1327514948
2751070849
795077786
1400620511
3774893152
15435501
284601878
639828267
4287272764
4148231193
290007378
273230647
862421464
2284785157
143661646
1803800579
1257711668
901720241
3729653002
316357519
535651920
867923997
223284614
2123790811
1219352620
291170377
3378857922
2529646311
2439502280
128787765
48523198
1217814195
3639772964
3636894433
1138616698
2857295167
2909322304
3953947981
589105398
975888011
3297056028
285253753
3370304050
2212441751
733867448
476956773
3244413230
954685795
3424739860
1054038289
419082730
2274470639
2649837104
3442572925
2117574758
1019948859
2818526732
3763676329
3850934434
4239110727
2798173608
4181981077
3938408094
2646720531
4149393668
2523423553
3964360282
1931388063
566631456
1702728621
2620773334
287468523
533431036
2117825753
2195573522
3641172471
984041880
3519197893
2943612942
1462801091
487951348
3133716849
2453067466
1076939343
1961240080
1518580957
3161367366
2560332955
1079555052
777425161
36264322
1401863591
2738393480
171768309
968275326
1946079603
3753433828
1677155233
2497983290
2093161471
3473959936
2599870989
1341722294
3143739723
4124434652
2835970361
846349298
3113960791
270243192
1741016357
494833390
3786898467
2974524884
1454852561
2755292074
563124655
1405349360
2387221309
1772885542
408922619
4096920012
1266101609
3229583970
457734407
347034984
1076898901
3363996766
480613075
3281841348
2492171265
98598938
1108624223
37727200
1152409709
773765526
3040908971
2803642044
1199746457
2799185106
4218509495
2551370072
2853115781
4063860174
3755218307
4164661172
2344028721
87912586
3163101455
2776802768
2803675549
1135081734
2926538587
570642348
3553556937
2646813506
4289782887
3307538760
2897579701
198886206
3574465587
3497455268
1195170913
1668824314
3924433599
3293305792
2806124237
1113511030
3877057547
269905052
1539248633
2336720306
2690784279
4203019576
1882624485
2958888110
1155423971
1566419348
2665478801
3346523498
1307723887
2434420144
1871935485
605703142
3106071739
2755954060
2943743529
4079762466
3634364359
3130109224
1835344149
343372318
3331335571
801038468
1730372801
769878490
1193058847
3660381088
2470702381
3027328854
2772271467
2302450300
869705305
1727549074
3594882935
2607421720
2647931973
1990259598
4029569091
1210684276
2705988337
1495386698
3198429135
4186105232
1044803165
12259014
47319579
3513625452
310649481
4126326018
2850933543
921518344
2882986869
2400227582
109311731
116179556
2874613025
1096419002
3632519551
3302689664
1699609485
3356383798
2953543371
3875977308
1776380601
2636285810
4143166167
448406776
578819749
4290595438
2904293795
471297364
1879927633
2222137130
2742466351
2108976496
4123890877
3946987942
3251953531
2079768908
2098298601
3075386850
2742175367
3090138344
2644694485
3294502878
2520873043
2004390980
2532312449
3591639962
3371679967
3243117408
100153837
3706570006
869870635
2045560380
3824639769
1828597842
2286192183
1416437976
4191297797
2724860238
855595779
949958452
3024219057
1873011722
1027733135
2024203600
79751965
292021382
2558747867
4065838892
3140881225
611847874
554004967
4166072520
2220947509
2568494782
1663084979
2665109028
2030444001
2152304762
4015020095
3363699520
3923421261
1858576374
3372124555
241615900
3559949177
4056107314
1007683991
1618676920
727866213
1365198894
623928419
4181258516
3808402449
2632718570
2027808239
22170928
1706586493
3169056614
2503318075
4278762764
3842623401
111599522
2860469575
3981024424
2913553045
2381745566
1182370579
2525628420
1823565377
808615258
3462766495
2405620512
294471341
357821142
1943246571
3974935036
3097810905
581554706
4029562103
2463885464
3402155461
2606034702
319233475
3042745076
1029602417
3934502346
4012016975
3937314064
2672568285
1399749190
843284379
3900809964
1587852297
51585154
4088912039
3373330568
1930677493
3216075902
94641267
1946135012
1493819041
839309882
2500826879
2264181504
162010381
2219484598
2763019339
3656814556
1533828153
3538537202
2927042647
2072491128
4154286117
2869102062
2010875683
3229758676
3497430225
2460144298
3840398511
3283348720
3289648701
1455385894
1443173627
1899657420
3625898089
2599735650
3699840007
4187960424
976781141
3875584862
1375231443
1219705796
4045899521
771663642
505822815
3693832928
3938653037
2338574486
938262955
368860604
3533639833
2981835730
2898441143
3866521688
3715639941
1193381070
3137708163
1780596404
1969212721
729896842
1258673167
3613009104
1923622045
1687080966
1389517403
3618324140
1301290185
730067522
1891958631
686581832
1957650869
1486649918
3368963891
572308900
3022151521
676455418
4035024319
2013207232
1500922317
374827894
1977671435
1568021404
2153051385
1247153330
1290336023
3684703288
3018925285
3530064814
803039715
4256381076
3509730705
2807516266
3193209711
748244144
3584060157
915710694
3875753915
3595302028
118528297
3992486690
3897137863
1022397480
2685432853
87861534
4085117075
162803588
3977406401
2167967962
1056546079
4284988064
2254020653
752711254
316976235
3906718076
312871257
66213266
482470519
2667362328
3198177093
1267722894
364569411
3266224756
1426447857
1415360842
2276188879
2255053968
2744443229
2726880710
1022358811
2744425068
2562213257
4153050114
2800543271
1470341128
1173599861
2040088574
1197425139
82940260
3004145697
4109020602
3899020415
3546106496
772091533
4071485750
793782731
1822779228
2208976313
566759026
3592785367
2961458168
1293789605
1297072494
2549484707
4237032532
1039314513
3704194602
2615407151
1673686128
522028989
2586024102
3941616251
4059902028
3802079721
963769570
1015472519
3606946792
4226885845
3731511006
634012499
357360452
3912370305
2610969242
2006957023
282577504
2568023277
2810240022
1467701035
424342844
427409945
3272554322
1592516919
3425615832
3137418245
241174606
3454461443
3938666036
2500898481
1188416266
2614407567
4288439376
382885405
723303302
4082913243
4026381868
282930761
2162611650
1693420775
1425446856
1671482165
4167554494
3692491955
943596836
1049731297
3918608250
595448639
2429499968
2618612557
2802726646
2210280587
2604954396
1714185849
3808415794
3370968215
3925093304
1877143141
1635303214
3135598435
3368845332
796385041
4105797610
3562414319
1357859888
3846923389
2133610086
3297510715
1208888332
2609539753
1998661282
134146119
2810608552
714775957
675923102
2744997395
1732073220
776366401
2935333978
3470301855
3896220192
2544433581
1762525654
410042859
453632252
1205484249
1490147602
1375770615
1036814232
3747272901
3042043406
1313450179
3458181620
2923446129
2762777802
1044398159
179512336
1897962205
3691663686
953641627
547787244
1186912009
2706958210
965538727
3768930184
175546357
1791501182
2713020275
2546104548
4285030817
403013946
143135231
1746201088
2019903501
2167946422
3857383243
1024671452
3902488377
3619508722
1677654871
934269816
2298540837
346258670
1667994147
775209940
2122436561
1894201770
2120945583
2615143408
753533245
2741945382
2526445563
473884620
580023145
1623595106
963751687
1313543016
3368866389
1486549598
3887540435
3141896900
3306129921
2901986842
191117663
491989472
3068249709
2672093078
679799979
567839932
3196547993
4009376466
2495614647
2207649624
4167908741
639992782
3248696195
411291060
3646197809
3483451018
3853422351
795714512
390043549
1393665798
2418099547
1498361260
2333949897
4070619458
1938102887
2054145864
926233781
645542206
1929026099
3208547492
1582555745
1376226042
3192197311
3505281472
1471575245
2397831798
2291567115
1708247708
2344015865
163615666
2786841111
158808888
3308763109
747633326
474510563
3095709588
3285221521
2467476330
1893908079
2891205552
3132710397
2225797606
1137687227
1917805452
678902825
1881197090
2141140423
722168616
860342037
2770198558
752335763
2368044676
1984785089
1198110682
3020068895
132020640
3950727981
937790806
444061547
561444988
1581345881
1867013266
2246722935
3981137688
2465751621
110813582
313749059
900706676
252551409
3916666954
3370098127
3045843856
770659421
3992108230
1006231579
2109180268
4005062793
3464383234
563609895
1645608712
2795276661
1094582014
3936783603
175267940
2215912225
693589178
729075583
52136320
2395496845
2649327670
1585501387
3913291356
2420060345
1120507250
1308846295
2399822584
289881253
788412526
809244579
3011283796
1478750545
1560014122
1115499823
2852940656
326728381
1621159846
1861727611
234856268
502842601
3740351458
1229421703
1569161960
2261482453
59936222
1841237587
412955204
3401583489
4027081114
259241695
3214772576
3929382893
3769627414
1091142187
3450151996
3351782681
2205957714
1144994871
2326552280
4223420165
3161587534
3963252995
1365464372
137064881
3554914826
3734203535
2764956496
2582630685
3396178566
1059142363
832546092
1112559945
1320262850
310749159
2539124424
3580665397
2429783230
1668890547
2501768228
1500062689
4021608058
4141305407
4133255488
844828237
1005637110
443146123
1528701468
4143204729
211310386
3665149847
3089713848
435126629
1638807086
2852551267
719064852
1413227025
2422400746
1241144303
2093501232
2078955389
890283366
2060349499
1930402572
869731753
2801233314
3307897671
3313457832
2685923477
699988894
1697456403
1500292612
187132993
3633630042
611816863
475027744
667987117
124000470
2935614699
2585989116
1541119449
2505433106
2927555319
729360024
1064889285
1835719950
3103273923
1465825524
1030619761
816942026
3716807503
3304301328
69085
3326224454
1549227419
3636953324
379910665
1291497090
3574468263
3656756872
6648565
2868566654
4164072051
989939684
2266162337
3068143674
2267843839
1651583232
388922125
3066155958
789686859
254537180
2157322809
2968312050
2318587479
882111096
1274054181
3395285998
1416076579
3932377812
2430145233
2936512682
2652523183
3427265264
4174115901
3216644902
2316561147
3846133452
1523717737
2180210530
3792194055
45281896
468526421
2370906462
2380395475
190044612
1078168833
4073649434
3117298783
3048663264
3641473389
3653369494
923342763
3132144572
993777305
3465888210
1667852727
1601285720
720261253
4282743502
2746005123
4083276980
3885323057
1637688714
1015237135
2646418128
3303213725
2133884422
375140443
2532252844
3161875145
1662615618
3086038375
2846828104
608634805
3849578558
2207442227
2547800996
1976657249
1352217082
53775295
3206125760
3523389389
471636342
3476567307
422148508
2917448441
965155506
1543154967
1946835512
3557444325
785609134
3122626531
2110936724
2797257617
4205451882
362609007
4934320
1323192573
2120044774
2139628987
1749996172
1135206185
3919909154
1319162055
1960987176
1460345365
1679496990
580748947
2853358980
852782529
4034322138
1446482719
3817945248
4071163437
1166648406
1811350123
588130172
1185468249
419062674
3250495607
1985345048
1255961925
398579854
2534930755
2435629172
4284572657
2288418634
843012303
1995072144
223725405
1392022470
2951727899
1339455596
1149537161
3939373570
3387890727
1178885640
4258356341
1442756094
2690242547
124727140
1315218977
1319107514
1370442367
1142278272
3080164493
968957750
3986522059
1289143644
3214939065
1881611378
244138967
2790031864
2667368357
348696430
636363427
820582996
4003542097
1963611178
1195534383
1083337328
48328125
2931443366
4260044923
3221098060
1595828201
399278818
2041845639
1003315688
1848757973
2748761310
505403731
1902739780
1805258369
1129089178
1081323999
3181332576
694571757
4168813078
2692984107
2264617788
518162457
507856210
3896416055
2145779160
3959642629
480245326
1039793155
1551852596
1032991921
2261621002
3044943759
1480286800
3189326877
1599760774
735192539
2805830700
2140107849
4258816962
3653747431
2943702472
163868981
3529196478
2840038067
2776220452
4186744545
45385082
425511231
3911563328
3702341965
2641323254
1023511179
1039388956
3062377593
3733773874
548051607
3139070392
1502090341
3254758702
2727576931
258448916
2169267473
3756543466
2311755503
1960659504
1502956157
1318124646
1744624443
1879902732
3723473065
103396514
2449612359
926169512
1042367381
38023838
992537619
1561851140
861171521
487584346
2135068831
463542304
4060372909
1616261078
3882817515
1513635580
615055577
1211492114
3047771639
1273087384
455278277
866112526
51560131
1092208628
451396977
4271010506
2097133135
158343696
2079162589
2182479686
1287864475
14970860
4267121929
1979217282
1983588775
2768375176
2229290485
4031353214
3105619315
1304172260
537487265
2123812666
3237808127
1711892480
369339917
2498194102
807687499
1077976284
1398605113
3463995378
3507663191
1647579512
1886132517
1010330350
4207912995
3842892244
930895313
3171157930
4092954031
1156311536
1471801149
463565350
3766310395
3158033868
2967320937
1853662818
2253055239
114741608
1671002197
4112736350
4101553875
685648068
2462289921
1870732314
3647221599
2505484256
2168663149
2866484630
326714027
3498371772
2025601433
3230419154
3367945399
1778994520
2767938437
1115779534
287457667
3938184116
3491894833
1366625418
4286842127
306749904
2878504349
1491817734
2508397403
2156596140
295405001
3975038786
3993587815
2796193096
1810160309
92905278
2862034995
2616601252
714795105
2483476730
1867515583
847304640
4166703821
770257014
4190494731
1736255644
383688185
1235853746
512067607
190413112
275308005
1228073134
3110243043
1033627028
2851145361
1310556522
1552102511
410929584
3255780349
2477500390
1244434619
2823438732
2292744745
3397736482
89025479
175450408
995781909
2989772318
2228179347
1350311044
1386705089
3965715930
3583544863
2189424544
3420633389
3318332246
3076664683
3718338172
4225512025
1896376978
2151611255
706516248
374114373
4010069902
1390969923
3307589492
1442916081
2704631370
1942688719
3129270672
1908947549
1100638918
1221703195
166815596
3390877321
3162102018
1341273895
4096703752
2073177973
668691710
410591987
3957849700
1107372321
3569656506
185976191
2253129600
3631400845
909424182
2359700171
2271835228
1103951545
434152306
3351453399
3863650552
641622693
1856972398
688663971
1691461972
829060945
2499066666
1513333551
391407984
492134589
4100955558
1204456315
4160257356
3591375593
1409534434
2110567047
1640972520
3794018773
792132574
3874268243
263311428
4223668609
91008922
3131026655
4208789344
2258830829
1591877910
636082219
894272060
1321790233
57298002
4209635895
2614861016
3151392005
2666130766
1931839235
4229395252
1699018673
3482550282
3499418255
165994832
3008280349
1508065414
1768886491
1087865644
4170880841
4267387586
1790303719
2370745544
816333877
754907838
1568789939
1498518052
1325148641
2458922106
990790719
1495988032
3406525517
998898678
2609198475
868581404
3571978105
3369952562
1267430807
3804727480
1588373349
4067238958
1418498147
1718562068
3869812753
1397339370
1137103343
690899248
2924232061
1001214822
1008158267
788953356
3386135465
79166370
512080199
3970242728
884381333
569076126
3583031059
1648313348
3603788353
3966179674
2402913183
3593328416
641995437
3823388374
1909474027
1263103484
3527566297
3782340114
394242295
2399560856
2723746245
2012269326
3701033411
2068895476
1991084145
2119129546
3433132367
3358105872
350614493
2139477574
3122342811
2298306284
768950281
2354199682
3440657575
835349640
3353811189
2863941758
2490452083
3220366820
4199279265
3744036410
1710850815
1658693376
2766463245
2343109046
2569207883
3226553308
2431641657
2690639602
3902704727
2962239608
645114917
3660374510
111391523
238317780
2724960465
182218410
805093551
4123781360
2041829949
656722214
1238548731
2436117708
1421171817
2523000162
3594092551
1253486696
3486632789
1152862
3413871059
65304516
3968832257
2467250970
438708831
2888984288
3750092653
2190486678
1842703787
1398086076
2802359449
887050194
1958748087
2472340568
2526312069
1608083662
3120811139
4002544308
3271219505
254342026
3736125455
2098208976
4216189085
1346513926
3180725851
102955692
3129780425
2035266
3318573927
1633805384
1041149365
4139472446
2550627123
3146512804
2897242977
2354085882
2996273599
455349952
4206824909
877774710
3091172107
1087166364
4137976057
2854758578
2646369047
3211040824
2857595109
3954073518
3390150115
3890312340
4252191121
4251773034
4120211311
3840755888
1145845501
882245350
1404894139
574730380
661857577
2193727266
1403520711
3687057448
271958037
4285105438
57482387
1885432708
96891841
2871340250
3794110751
3567957664
2804444205
681955926
2897827947
1093698940
2916848985
3883037074
1902859895
4171183128
625515333
4234397326
4129623875
3248152180
1122822641
2749386058
1031982799
1885036688
2336664925
702038470
3063914779
2617792108
2944455049
3011616770
1671516711
1540693000
1340015221
651437054
50621939
2816265572
2397678625
734349754
128467071
3116254848
559544973
54807862
3952793035
2297963356
1187371449
2952145522
698677719
1057275896
3607885221
2897321326
3918936227
1060517972
1350548049
750461482
726720047
508717168
2463454141
2713777318
4237686395
2783898700
2999823849
60231906
93408647
3213697000
312636629
364065502
2015719251
3816169284
2872185985
2791888538
771205087
1733740128
837531885
2212837398
2168193835
3365646652
2273005081
2733331282
742477111
3465362392
2603974661
3008357454
1002246659
539722292
2940451505
506816266
3755449743
2848612432
2844797469
705173382
2818046939
4000150060
3715217993
3225022914
1968175335
551818184
2048399157
280932798
807936179
2695192868
2310515937
256365434
199999295
913061440
762685261
2252378870
3858030731
747843356
2182345337
998894642
186142871
523282360
1499282021
1660328750
1878104931
536001556
3025201937
1518803946
669977839
2310752304
2853122173
1818602086
2803740987
2684086284
663025321
312623778
448091207
3587307432
3017271701
4172193950
3831792147
1491243780
630355265
3063562330
73172639
1006016032
4103062957
34495958
4263341547
1565957372
2494023385
3507090706
2214724599
3840344984
85664965
2858271246
4119581891
4127450612
2160020337
535314634
2087660623
4045217808
4209665757
781299014
1415517851
1628589548
3575603977
525186
2308530087
1884212104
4185517045
1245380478
976393075
2175120612
1171942817
1217928506
639761919
1223550464
4090631181
184981686
437103435
2136865500
1766771513
2527292914
2161534807
262688632
2651275045
339564782
669236771
1440153556
27712465
143709610
36699055
3471304688
2394541373
1380196390
1981033467
1411949516
1985544041
1772303458
2178161415
3193081704
2425757269
505138782
3270137043
2355545796
2108134913
3447286298
739517791
3930727904
601133677
3504423830
4129134763
857819324
4129357721
2609796818
393050807
3412888408
800688517
3343736782
1313953667
4007922100
4028603441
179886730
2315877135
3457392592
3826607005
3577021190
1049948507
397863340
3880373193
212587842
4013786727
3386196808
3401875637
688459070
4226008627
3869100196
739372641
2843092730
2097872063
1761826240
154091725
2673237622
3131389451
2501412508
2100716537
3405950898
2308914711
2150348600
3519677413
2252723886
2620170467
1822622612
3510733969
2023247722
2429790831
1436043184
93661693
3508295142
1278830267
3325370252
1342818345
2186929698
3920470471
3637438248
94180117
3149577246
1316415379
4190288516
2083616449
2630243290
736003103
3390141856
3027902253
3726502230
4227629931
1035711612
2359752793
3963123858
1162064247
3520975640
2815471173
2950610318
818780739
1988881780
4129598705
6763594
1063684559
2288902032
2312183901
2075269318
2841218075
4128982380
615576713
1071998722
3036441895
1832352520
2864174453
3270040318
268155123
726506596
1696476961
3282170042
4150705023
3463218560
3259837837
284156982
3128656075
1099092572
4270505145
2724704626
3828536535
2692407032
3781527717
1053824110
395068323
2954282836
2078342481
2891811114
1788483887
1166829424
2472625853
648956838
3427623291
3118553932
626479337
2525386722
3238127751
1158086376
799852501
3343608286
2177514067
3702943300
2851084161
2520841626
1249616607
4077684064
1530948589
3615772438
1652174379
820371516
4177113369
1825069650
742697015
133880536
3122696965
3385973582
1203805443
3099300148
1267629489
3803401738
2470860943
669769552
3504184605
1070132870
2540496603
2684313900
1578425673
3010771138
2845184999
1513452232
370403893
3986319550
3510266803
1802842148
3653185505
3906697850
1005926975
1894348096
871094861
3985844726
3427830667
408739356
3993752953
2794615602
256977815
1616234168
2040122725
2208043566
2764220003
737299220
440741393
1705018090
3863169007
2256815920
2094932861
1354367334
1494228027
3001898764
654416297
2682816930
915468103
3803895464
3951377557
4136490910
396643603
822206980
1336113217
3953747802
2393604511
1023104288
2363979949
718566614
1012308203
2153761788
2614700505
2264792082
2872073975
1032037016
1936275397
988199182
4259995587
2704471284
1763511921
1398613962
1013507919
1951244048
1576720861
4281959494
3415146907
2032352492
607487497
1092209282
1539996327
1351559816
1234747125
1054717566
1516232307
2194965476
850718881
719504442
2977331455
138028288
852182797
2197827510
1659131467
1835444700
209301049
558036210
1236943447
1870425720
119984677
1516883950
244304163
2884996820
2234392273
639712426
445593263
3225413360
3335241789
218068774
356620027
4112061132
1170776681
1480620898
958051847
1370123880
3588649301
3208775006
2328174547
2992969156
1980471553
2394919194
3207471199
1067312352
2117027181
97409686
1548862379
1609136060
2516935321
1687772626
1623643575
37235288
2691341445
3906819790
2114642563
3685882036
2274385713
3022307722
2978887183
4115865296
2515064477
1472453126
3363822683
2772883628
3352489673
2190777410
442081639
3489964616
1107710901
208847934
2251034931
220960676
3636425057
1534578170
2125100991
203330752
1403745229
3740726646
2968969483
1415591324
3667150585
473511602
2452494615
1034868280
3066861285
2298039726
3753094115
3152056980
1432080273
798996074
3728598383
1518290608
904535293
3644763366
