1315913067
1303062140
3845898841
1849866898
1746209655
3394987288
2422020165
3409715086
1536660547
2255069044
2069018353
364492362
3865256911
2996679056
1038797405
1958460102
4150445595
1135556460
2845851273
2441619714
2777433895
1063357704
3691429749
2401680638
690762483
2908737124
569817377
463270586
2750535039
2279135104
1467570061
1458177590
1136343755
3353035868
812943033
197325682
203501271
1769042168
2518086309
1980659310
1388527011
58554708
84150097
2468416298
3126047535
1330985328
2554327229
3082349990
946051963
3156102476
752589545
3887733218
1911472775
3924431080
3395334613
732580830
2057811027
2828116036
1006477697
3756851098
3271802079
3595687776
2255590893
3116331286
3238455339
975655484
2797107993
4260666450
2681209399
904555736
3312909573
628178254
31758083
3962258228
3408299953
3949449226
2721903247
902672720
16860957
2169802886
1611669723
2204455724
716056393
1689877186
23064039
2253489352
1152177205
312101566
3091522995
1033462308
3548494305
2495118458
922375231
3263678272
1872888909
2760854518
3735700875
4043788316
4196376441
3759125810
1425638807
3351140536
2786408293
1276933166
2354290787
468385044
3268556817
549848298
183951855
4244576560
4073115005
2605097830
4240463419
3824961804
992994217
1371425698
1538771271
2324687016
411248277
1152301470
995870483
99554308
2207973953
2855758170
44931999
2171774752
2476909229
789681878
553472747
3035839996
683799513
692862482
2306193655
4075107480
3414794693
4173863694
23615939
1781835508
2904496241
2440276426
223969615
4158746896
1948812253
3947308614
147602331
2757439212
1115213833
3556805762
3033420967
2828876936
528197877
1587517566
1229215859
2534061540
3009510049
3970025018
3572863743
67794688
4278939917
2365477302
2019037259
3395492828
2092398649
753022706
3340541015
3344367736
3580640293
3593220590
1551549219
2860531924
388311249
4155031210
1849479343
896317680
398355005
1930303782
3935031547
117048524
1889594473
3971497314
1820037127
3463544936
1060002645
2569332574
324442579
2187610052
2515346177
2217710362
145373791
4148639456
1249144685
235764886
1091730859
4056869308
2350394521
436838354
3284545463
2433465432
1867843205
721467598
2229460099
2890255028
1509714225
1771914122
2658717711
2157506768
4229988509
1347648518
1951864411
3394292396
1103116489
2031967810
244808551
637842504
1764965813
3371607614
3068824371
1433651620
710277985
4112044026
2762183103
3290490560
2591399373
502732662
1132763915
1739499420
956043513
4227496114
1632269079
3623577656
1356595429
3657281454
1308141027
989676692
2596067729
1502165098
3135602543
1616779440
3420899069
3167702758
3833990075
685211788
2112795945
845672226
1392121543
357488680
2602717205
1590482206
1029188755
2578529156
1001653185
529890522
1538890015
2408548000
2678520877
1148396118
3020318827
3833222524
2977637721
3119301010
2910938743
1612579864
1033448261
1641748110
1997807427
505327220
3397286385
2510593354
2354765519
397684880
3181985117
238653894
3849367835
3641058924
960782729
2916085762
494625319
1044900872
3734213237
1734308862
2616688115
3566509412
1629436961
1071487418
2361675903
982193792
2527103629
624532790
854582731
2628383580
1873635769
387480178
3796044247
694915064
86279589
3713068398
2878163107
421660756
2790869585
1210544682
2276519471
2777888880
2483020733
3058320550
2372863611
223657036
3554229737
1552769250
2113101191
2129129448
1226769621
2338751198
3022028627
2274750276
4256146561
3995674266
1117501407
1644926560
1207585005
2147649558
3432583979
1085636924
967499289
2998248274
1701272887
1876691928
2199261189
51852366
2193367555
3950989876
3076868785
4148803338
3451891087
3304271952
2642590237
1119446918
1591282651
1950040620
4190456393
2346205634
2956593383
4045857736
4233930549
261751230
1395339443
808268068
1081949409
514859898
873975615
1594426944
139212621
814080758
4183421067
4246011676
562791033
133970994
3368444055
2875684792
2667956837
635824942
2147003235
1353616404
1387952913
2235788266
727653615
3972798512
3033120893
1564408422
1208402235
942782476
2736817833
1692963490
472343623
3942434728
635730325
3568431262
846172691
1204970244
614466881
564826202
3289421471
1182492192
3090044333
779857366
2643099115
2051042556
2238142169
1847870738
3392672759
2416300952
1284224197
880087566
312140995
2602484
2574310257
810324170
426196047
1343614992
1080882909
3415407942
2739938971
4289732076
335737609
3975566210
1435725735
4267809672
4283333621
1466322814
4148536179
1140688100
1898970529
2739957050
22941183
3915036160
3292046349
2375805110
159562571
3702508252
257317689
409320946
1402238807
229580664
2336214821
3111954670
2516241955
2908934100
2023779281
2459772330
3165653935
3720919024
855924029
1869443110
923614203
3979244492
3699674985
87655522
475409159
4182597480
3459427925
2960072286
855991507
2519111364
3108316673
2883172890
2799187295
3567187424
620962413
2107544470
4187662507
3302693052
3044052889
368617170
2058586807
1348164440
1723472261
3686051790
1366321027
131586484
2841717809
2725063306
3859909391
1088188368
187167645
1183208198
899023195
2669984172
3636288457
1793729858
1548195431
3854046024
3827896501
2491702590
1661392435
2881853604
1542946401
2675865338
458689727
1363158464
1596313805
1245425270
2519352843
1329223324
3117282297
1377107890
2171424279
3221391160
4136801253
1574250158
2018750691
3137262484
2966101137
2985598826
308525679
3762886576
3547314685
1788192230
1027765947
806023052
818239529
3074438690
759148999
161068840
2664014613
1415449630
4037146515
3998386820
2220820161
1047962586
1907528735
1681278368
2201530157
1529559382
1938396011
340100220
2860943449
2482161810
3583623543
10265368
1583431237
2660633998
704424515
1850719604
3757456625
1869317194
1786681807
3741757328
578007133
290678982
1483381787
911807852
1488225417
1601419010
3541466407
3874114312
1739351413
3702795006
825149683
3276106852
697548577
2767863994
1757596543
3464058240
768851341
874853430
2450559179
678732380
1639075001
2127167858
286319831
4062293752
3451787429
2561631342
1908626339
3309475668
1408929105
3842627882
3275368751
470628208
449566397
2356648870
4251349371
3297192780
279109865
3032262626
3181639815
1000460008
3026802645
3057564126
1711622739
2350267972
246261633
1262570906
1801433823
218191200
2274294765
1960943382
1578581547
473935932
90784025
2446502482
4188715063
2961812184
2151752453
3805883214
1191161091
1599037748
4126150065
2030542346
2641258639
844410704
1796222237
1236942470
244184795
1762472236
1688759625
3830646978
2294293479
28852936
110656053
95795390
3162340275
2789015588
3267674081
92523130
2422295103
1489388864
1157786189
3642259958
2952108939
4229869084
130246009
675595058
2168404887
2479658680
3179437413
2949341742
2366223971
3622705940
2062466577
3986477802
636704751
2027231024
1306047357
3537064294
3661179963
778249996
2900175273
4151237026
4232249159
1864738472
3956395157
2345740190
1307532563
1798418948
2700150849
66697050
2594148767
2797610272
2797996205
948028630
3422791915
1351195644
651737561
2035829778
3316018935
803369624
3642345413
3460172046
322531267
3331769588
1678679665
1627486154
899741519
42364688
2310891997
3447379014
448795035
2600537324
2371425801
3544717954
201624231
4125227656
4255993589
2773026430
531820147
812405732
3494543521
3537572922
4176644351
2816931072
2037503757
2262138806
1654220363
502823388
1824603705
2554676466
280515159
1422081656
849306149
2833850350
2498156835
3200343764
4268207825
1299025066
1364149935
2657138416
1901482045
4217947942
4135233275
2975785676
4130615913
957795170
3621570055
1139097192
3787653461
1255495006
589311955
1197794756
1139353857
1516232986
3325177951
3375543520
362665325
3553340054
2416890795
3840100284
798290585
1950592466
3628918199
241629784
900410501
1183098574
3110728323
1340467380
1662119729
2300121482
2849392143
3613126352
3812320925
978659846
4290833499
4025788588
596016841
3323128898
2879631719
1126658632
1235936181
288232510
898572595
4254295972
3135570273
3737132538
3375794111
865821888
1608647629
1260143990
3703304459
2713847196
292280057
3633022642
3191613719
2764416568
1507141349
1237884334
337296355
92037780
1998938001
1178338922
470676847
4100986544
1241820413
2214067430
887808443
1362779788
2640837417
4084497698
4281420999
429954600
4076664341
688603934
542622355
2624575876
3226864065
3394266
1960283935
3424191648
3369493037
880758870
1022934635
3440161660
6155097
1817497490
2422086775
2614575640
582308165
4050453646
609301827
1727843444
3954835441
319712074
818828495
4170526352
2622104413
3993583558
5277467
1269302380
938518409
376667650
1985845287
692627976
2807117941
1596252670
2563904499
1769093988
2874425889
3136481210
3891086975
866358400
1293086861
4088187702
287128523
1530614108
914567097
3000469618
1217052631
3012808184
535014309
405396334
1432706723
4158596692
1038602321
3653779498
485450799
2730702448
1554237885
2856383142
944364667
3518339660
322470889
1615326946
3774911367
269987304
1010805461
473100510
1079383379
2786233668
2667031169
1731556506
3981422047
3342013536
1966059245
140293654
629238059
3167084348
972268569
189509970
211424055
3891481048
3975689733
884417102
4272896003
932933684
3066482865
3768681738
3242795919
1844588112
2578030621
106370438
523166171
1373315116
2606207049
3727282114
988954343
2818941384
2472561973
1693282238
2755380915
2412302116
2321040097
3107156346
4225156415
2680128576
1438948685
239538422
2994554507
3726925084
3704047737
2968078898
778311319
1894626744
831189093
1506597166
1669775715
2712250900
1802436881
3385997802
2863895279
2434405936
3992168061
1812179046
1666684731
3062928908
2288372905
2035359906
2886376007
118130088
2588614549
3658243742
1037772819
1611464964
680397633
3240418906
911903903
2453726240
2406071213
3173243862
1550373867
667863804
1024859353
3135787794
734054903
3262845336
2704530117
908263438
3007576771
2910966772
1022910833
2475843274
302428751
4281527824
2149178589
1627302726
521927835
1716386796
3732617481
4143309186
2283906471
2132695432
1251484149
3091709310
1921792371
1280778980
11600801
3946953530
1806894079
800011264
1320618509
3903526582
865866059
2117937372
3304595769
478202866
2928160087
2358467960
4220187941
342988526
155116579
3466325460
3631935953
2551837610
3692724655
1731507696
45368125
2264931878
3637776891
1133203916
3987723625
4165997154
1326407943
2654543208
2849985621
3629616222
2477193939
2250192068
1708731393
4290906138
381168479
3305272288
1279559789
2157232534
3027173035
1105688252
713381273
2766845138
2358395063
3140393304
203964293
3681590734
1825537411
1953494964
3071193649
2376136842
2579955983
873950672
3025852829
2613051654
2195183451
2898302892
1377542601
4204245826
2896940135
777179464
3384325813
2935212862
3733154867
987575972
1998488673
584959226
1581384383
1530045376
3433707213
2425937014
3342441483
1329968284
1876277753
4284353970
3350660119
1984218424
2862856677
232264878
3511535331
175501716
499884689
2254400874
2279878767
2362643888
1604689917
2029409254
2071940283
2087046540
4090928681
1459930146
2026825671
895710504
3351005461
1288993310
2088340883
2483628164
530123969
3570201050
354978335
3073885088
2692748589
1081042774
3226724715
4275036796
3808513625
3004356242
2379118455
567140632
3130352709
3395287950
370262083
4163230580
499761905
4035793482
2403995599
1415556496
1529648733
341513926
2367844891
150139756
116968073
1120879874
3075519271
4116908296
3447851893
1588697342
2195807987
3072002660
375440673
4056387258
3125002623
1510593408
610149261
3553649206
1612048075
620626012
505418425
591466354
951098071
1572990200
731201189
3418378862
108226979
2700588372
2485195601
2523047722
1154522927
699741552
2307374269
2141604262
3994634107
618662220
194651881
3475977698
2550738567
3964243176
279051733
759375838
4078100563
3314211908
3733826945
2986711962
2020321503
2158023520
1088184813
2859715862
3537343531
306712124
122291993
2401286226
1312124471
102295768
4181412101
1756436814
1506460419
1684242228
703173553
2652335114
3914325647
1741401424
1498354461
3901746310
1086049499
514133804
3453137737
3915159234
1993365991
3557753032
3535020085
2638292670
3127251379
3704659492
3342321121
2847873146
645414975
603243328
1788006477
1074898934
2968580491
2468744220
3499567993
300536114
2150953367
852153528
723485541
2481606702
3010448483
2648783124
1413170193
2313396458
1772080623
630920496
3306854781
2563768166
2472673851
3233416460
1706717097
1519347618
3682481479
2729141416
1632662165
795055518
2989683475
375672836
3950448193
3375105370
1195476895
4177371936
2719575725
744616662
4273602283
4027578876
4162813913
2731825682
2894537975
936358040
3571051973
3693344526
2730132931
2766725876
1412310129
939476426
1587047759
907767056
1401049053
4129194566
1617160091
1368845036
929651721
3355420802
2045427879
2316744840
370078965
6452350
2681308275
2277372388
845383329
1552179770
161447679
1890808576
1946696973
589082038
747289675
3984447452
1207632953
353915634
3708029015
2770304120
369264677
1813384686
2734878499
3438443732
920270033
3802290858
219266223
675591408
387855933
2184410406
2384035067
2478031052
4076304489
3001375074
837680135
4165532776
1451730773
3371549534
882492883
1112900548
1326788353
201338650
1214916191
3087938272
4176952173
4093237398
381364651
3420956092
3594631321
401456082
1199807415
1186084952
439440005
175674574
463538307
1702233780
3579278641
537190282
1709423631
1192160464
2928037021
3670464518
1859830363
3314058924
2491204809
2021161538
257943399
2537173064
2488437173
3721757246
233027379
1403192740
3231975265
3688328186
2323217855
3087393472
3581831629
2326885238
94586635
1204118428
84647161
915182770
1306386199
612361272
419319013
436439982
1609355747
3119218836
3569214865
3797865578
98986863
2574390448
1146262269
3113265894
3237984187
2710387852
1678852393
1374751522
1243120327
1289901096
1292344341
800698654
3037157523
3307108228
3525840833
742529242
44401951
361923232
976603181
4009459286
2912621675
2576290172
2188423513
3626818962
2112541303
2189459480
1442936645
2574185102
2940095299
298510964
2787476977
2011707722
905038543
3798346896
2400913757
4098420166
2933939483
1580851820
4123848073
1418136578
1173343783
993617928
171892341
1264209918
2673650163
2621430116
2595833889
3111663034
2412133503
833360512
3820312205
1150286134
788173259
1975299932
1216935353
1074173554
2441246167
3769371640
550687141
594725230
887977123
2961982548
2259048017
2329480746
3940407855
2699244656
3514281917
2091360422
3470045819
2919659596
700959209
1903328482
2461911431
3224857576
1636847829
1500471006
775662419
3665767236
4251955329
2612118170
3165889503
692752992
445977837
3408323606
370786091
214318396
2641127961
2370944850
1853671735
4210722776
3574225925
4006023246
139611651
3584527924
2136495793
560550666
3313670543
266415184
3657467421
1617216390
590657499
3211460140
739890761
1978359234
3965351143
1976852424
4103336757
514907582
2935774387
2102684964
2841856225
1193721722
3225795391
3580232256
3010265933
3732422390
1532009611
186891036
322113145
3141949490
649186455
3378770872
3661633125
3458451246
751097699
3163867156
1699972881
2647721962
314050799
643306544
55413885
3375912550
442002747
1021277196
1960514217
187281058
983420999
839402408
1893844373
4225158302
1526119955
2117574404
430707009
2349804634
2102690463
3405144608
248848813
4131129814
1660365291
2571970812
2280973017
2702991634
4160323575
2145406872
2752250053
809561614
2442989763
2630611444
3652183921
3192401098
3411421263
2537548816
871809757
4242168134
2392314523
1289476588
3357769481
3060100994
2438978471
113973128
2417084405
3986238334
1468190579
3533750500
2506230177
2527267130
2193095167
1525920256
426078221
2787787958
4251281227
1538950876
633988921
4060862962
1277944663
2389154680
2986744613
534152430
305330723
2848263124
1233483729
2634465706
2486499247
3515921392
3734251837
1560464422
3326797819
2446864332
906697577
3637944418
813209351
1108663144
398195285
2360343134
3052966099
1812452036
798831105
4011480602
189276511
2455106016
1270214253
2650468246
1727222955
1927533756
1657412505
1028440786
3105945271
2700203864
2412144005
1134332878
1977521027
318248372
3991681073
2957297290
3190585103
4352976
29212573
1734979334
1942596955
709653932
447342537
2947891522
2210398823
1843236680
3648543925
231946558
1940914739
937743524
3346369121
2041385722
