2368958547
2727488580
3519856001
3164171162
919419103
452272992
2130997741
1490853142
3238667307
1614372412
4067104537
1009682514
3905486391
3136764120
2355452165
875817294
508515075
1082052404
153920433
1021262858
3864358543
2289302864
3787137821
1953283206
2782026971
1311399724
628605769
2971559618
612887015
3653325000
4171378741
4105696958
3528368563
3439324708
2742998497
3116034170
2602684479
2951811904
3728924749
3596777462
3588981131
1497324572
3317709689
1902092594
2584773015
240198840
2765198181
1146429486
2277268579
4146366740
2122732561
672362730
3471662575
1105945904
84846973
2794770278
21008955
308761868
1768390569
247019426
4202546503
419804328
801538709
1170367902
3957555987
1841012740
4106624577
1385157978
1446188959
178385696
3478224557
1587200726
2122092267
38881788
3142619097
2830248466
2846536951
1308491928
957611461
2776024846
718214595
3478401780
226571377
1234638282
271449423
3792944400
3472777181
969626182
4211767195
2574007020
2870897673
1553037442
1848791207
2233010312
2433549557
162088062
2672432243
2587705828
2897909409
3545248314
