319051255
380710296
857425605
1609268238
3487188675
1869328372
3212873073
3255081674
3451633231
3593243152
451856605
534161222
2054932635
561207276
1040770313
263167362
645411239
2974512520
2349501941
773798270
1709540723
2821193444
1576284065
3073570618
3235581951
2743062528
2323052045
1970410166
1042210123
271156444
1453378873
2191099890
347191639
4135025016
4215824677
370676462
2417700899
3658729940
2872647121
1565142954
4084567471
161239536
3323932477
427170342
3879329275
2046733772
2754838889
2139606626
3184258311
160708968
648527957
2509047902
2596685523
3338539204
4174534657
166806554
1225144159
2546012128
773485677
1081720214
1266141867
1520554684
2829320601
285307090
1956760759
1640019288
1958456197
1945442766
284281219
3765818292
84074033
412038282
1875381519
2834106832
4217095581
2698247430
1464050523
1434579884
3935653321
4283264834
2932758631
3118198088
1020732085
847726398
1818802227
935989924
718123105
1514864890
2427850431
1407139776
1872110285
3801864310
3184027659
2781745308
627729913
1081264562
3031207959
8708408
4144834021
2084212910
3317043939
1846136212
2448805521
2248911210
4287315055
1528213936
87854077
262688742
2834372795
242559372
2034649641
1748533282
1364685767
1209700648
1815131413
2512778782
2217007507
2751726724
1593718977
2826448346
3938620959
483549088
2676097325
59794262
1768469867
3391503996
2601253465
405115538
2192180087
3065773336
3855929413
3449845646
230689859
1783084916
3811176177
2482474570
194452431
2198948240
3126428253
3685421766
647642651
2068860780
73299593
1870725378
692010791
1984439560
1582069621
3959493886
2001906419
2971919972
3430674721
1353763514
1443089791
4086460288
2591428493
1729060406
2393944779
472013916
597737145
2068958066
3094488791
2757626104
2963974821
2732510830
879211939
3097989460
1438072657
2357912362
2831395631
1070911856
2102044861
2526299558
2258047867
4002112844
2348143337
2791240162
3864902279
1113368808
3368184277
4260406238
3343526995
10598468
1985927553
187488154
2102506719
2501341024
3372895725
3973105942
3656933419
1815767612
624997145
690975826
1541208631
627246296
3542529285
3534591310
1896156931
950098740
313900977
368945162
2548624015
1817790800
1017642781
3994806406
3946813659
916351788
1545887561
2047496898
1686824423
3864009928
1831504949
810328766
3781385651
804616740
733934049
3961803898
3078900799
2052677440
534166605
2425136118
1670888843
115763228
1375983481
3170274610
2663546263
3519213752
3571511141
3485781038
3874494563
3316454676
255684625
847764714
1172232687
2677453104
1930003837
2885286758
3807104571
2650890508
218241961
867902370
2879308103
3625615528
421322389
2211254686
519454483
3633785860
2276735553
1674527066
125014943
3629137696
527653549
1778052822
2951138027
3030275580
2818714585
2917078546
3740971255
2104872088
1232165317
2833019662
2776682947
927121140
208031857
1080132042
3413997903
746916112
654785501
3051781702
1744024475
3945547500
2191984649
4171850882
4017179815
3384005768
2788253941
2502553726
3311063155
2415840740
4048990881
1046847034
469207807
2683571968
3564644621
2899552694
2940045387
3118085084
1901310009
1327566578
2791150679
947099768
3496997925
145525230
2819570467
1624922324
2538102993
4190279338
3986475183
572281072
3946390077
228159782
3769583867
1620516044
3979027561
3389855074
2413463559
2836666472
4194308949
2635808606
99160531
3886309316
2612943617
2753522458
1340617311
2117914336
3615303533
2832127126
3186881963
3608281532
1141925017
3488905170
2864916407
1320440920
359972485
904728782
3589493891
300671668
150708529
1961040778
487901199
1263831248
3728160925
3502953478
527863387
3166298796
3366351049
2233349698
414348135
2687716424
102823349
1884880446
4260954931
1828708772
2248356705
422881274
2854062527
3693248192
1293571533
3382996854
2757890827
1220394908
38815993
999379122
3456330519
1211105336
3491215589
324405166
42278371
368008340
2258112913
603656298
1992128367
790999216
2862186237
959620838
1654752187
973904012
3710971177
3809789730
1104219847
352940072
3358328853
2140876062
3068306579
2844349316
2067610561
2111657178
3715076383
3734838944
3857167405
2534177366
2531254379
3344264572
3660275033
2033162642
502685303
3906903064
3287343941
530542222
3978073923
878495348
20296177
3577902410
3278821071
277334160
2264397149
2626218438
1418209563
2399616620
1055037833
2032715778
4010695207
2844689416
1236879989
3617180670
637400563
582530404
310670369
240218554
1219905663
1722068608
3732750989
3032413494
902127051
2270235484
1169793465
1275548274
3564372439
817375224
3231202725
1971406190
1091682467
816586836
904692305
3002157610
2013324847
4000501872
904567741
1820695718
193101435
3995194444
1305703913
3096590562
809653639
1002080232
2690694357
554490590
748877651
1510344516
2935020673
1657339546
4140412895
288435808
4285726957
3799244822
2372569899
958961980
185800217
1397783378
1465144631
1538565080
2711996421
3417541710
2512165379
3394595380
2916385457
1128238858
3041633679
2212415568
101282333
920698758
166233051
97802796
3055256137
4001962434
1095041255
3850730440
3988414261
2695649726
2552866995
3437840676
2140828897
1870396282
2659305279
926588480
2640375629
4225972982
371681419
156505884
1011858041
172168242
946821271
3788246968
1320256101
1961771822
1853170531
3167790100
3188044561
1751466986
1210520815
1204006960
3521935485
2773635686
1041381691
9883660
1876082345
1145399970
2314099783
4243021736
1600008597
925911198
568986131
4107959044
2140749121
2225236058
2729873055
3988323872
2564754861
4173661654
3025401323
2689303804
931630809
3356957970
899484663
1995860888
3142806725
1609132558
982736067
3214265844
2274890609
1620732106
2842375247
1830389776
2862813
2106742086
39296667
2229351916
3205573385
3204393858
2652268455
332936072
786707445
1632675710
1866210163
1196530916
1980052897
1316242746
306185727
94653952
1585798157
3973136566
3091739467
579265244
2798818105
3221526002
951414615
187414392
3877865253
391971054
1433355811
2250041300
4154696657
3323395498
4260365231
3805827056
2204046653
2706950182
487633915
3039529932
871286633
1072585826
1033184007
4165990248
2716100181
935687774
293067987
902213316
4126563841
3576271386
2817928543
200576480
3874216557
130018198
3730579627
813576380
2152253337
21200594
1469088439
3395547992
3719942533
3254847438
107011971
3218993588
3342885937
2400387722
378372879
1408763856
3659443101
241019654
3231021403
804114860
2860749769
2219507010
1413647975
3024530248
167168181
1866904894
2247446067
766619812
1585755745
2096779002
3400598719
1235336640
3064629453
2504590966
1323810315
3869863580
100805625
1997264818
3557180951
479665976
3064876005
579698350
2160077027
407956372
2072401041
231110506
1880863343
661696432
251818493
3730374118
2336091835
262145932
1256689705
625806882
4193692103
2377404200
3300088597
1485595678
906784659
2559222404
3670556353
102661082
2370341919
3282296224
3730401069
4247032150
2655193963
3716193404
3323379801
3902120082
468629879
2780642072
2509829701
2545575310
3823444547
921556340
1703769329
4033436746
863146447
2151303056
3097651293
1191362758
2271351835
3938069868
2301803657
2553057026
1921611047
110158600
1001528693
3763241726
1997881587
3687416932
1641608993
2362316986
2928984959
988999040
4203771277
3272248374
3435530443
695974492
2594079929
4179155314
3374439639
1171146488
2853294245
473939054
992463779
3207376724
2725102929
1093906730
896147759
1028444016
4187393725
2584933286
727312763
3551806284
628955369
773947362
768798855
3704907496
3834318805
2403668446
2322055763
1491490372
3067010945
2302748058
2574101215
747040096
870822893
2259875606
1187558955
1527957564
2846980377
667779666
2708975671
415384280
800119557
1188397902
2111841539
1350924596
457131441
1717401098
4141506703
4188030800
2155275549
1161926278
1501392603
1493584172
736011593
342089922
3349879783
175561416
1087779381
2317881534
2640049075
1834555428
1757542369
3484394106
1688945215
3512196416
1056383565
64344566
3835892619
2126366236
1701289337
3488324402
2529702807
1989226168
1846416741
1244903982
2405838435
2255500052
2233071121
572435178
2761641967
204255024
2279304061
3527846246
1613014075
2234007308
4100940201
1412149666
132773703
3312467624
3727393941
2444197790
3377059091
1922681348
3536470081
2421264218
3542452639
509459744
1549189293
304815318
3937214699
485798908
2346250713
682304530
3337316087
4080208536
3099688901
4111622414
1058138051
4167359732
1628821105
2460962762
394587983
2280261392
3596362205
3873057862
4188506523
3734119660
591875593
3534811778
3798434471
2142802568
1445136117
43212414
327771763
3189795812
469743777
1465838650
1404338431
3297807616
1486786317
2775242678
155115083
976196060
656242233
1162091762
2075740759
1587533432
1868765733
2989062126
1211846947
970684116
4232767185
843539626
3564060335
1003507440
3197175869
1152655142
1281236731
1740372684
2826857065
1361814370
1996209671
3880244840
1314175317
3582700894
1836230611
2707750340
930767105
219134234
19933279
820530400
2355531117
3444376214
1555057579
1457938364
2370644633
351176146
722066871
3301937752
4253738117
2284912334
1379560067
3662414004
1875978033
3609127306
204619279
3000469200
521281181
3381428742
3936379995
2669527212
3224155849
1825817666
293513575
3860204104
2019072949
2672847934
3026032947
1776254884
3830593889
4120638970
2725281727
2354904256
3695623117
3045694838
1834576139
1871781276
1619005177
1659002546
1991581975
1840922168
3671121637
434173358
4033295331
1697544852
2696976273
3010322026
2611342703
871870128
1651991805
1864062182
3536214459
2133816972
4067046185
2665567522
700990663
2719690280
2445717013
2425985822
2980199059
1627910532
2912895425
2973475546
2857207583
3152452768
3101104685
2782439510
798111339
4238855036
2395874137
3596068754
747836535
3713522200
2328693061
2784058510
2719591747
1643832436
1076967409
1433158474
195185871
3257452176
2136529757
1259902918
1864892187
2120817772
323936137
1015830018
1672515623
2102346248
1681322101
1981757950
446204915
3428209508
3933829665
1009172410
933183103
1618816128
514828429
32645942
62043083
4070730076
1380935609
4068892786
1182513111
3550504440
2635555749
119157614
3534345891
1411989076
3409643601
2807175210
2432654383
476237424
4165894589
2403093158
2518504571
2403512908
1123204073
1997326050
2400160647
363480552
3309396693
3097053406
2425916755
3980567876
3187204737
4002761882
356361695
3608718432
2523424493
1234046486
3054690603
3254318908
823909401
380012882
3930524471
1284235736
2907172357
3021175374
3647975427
3140585524
2331379889
4015480074
211098511
3181233744
3689961501
2302569862
2315147739
540293164
3983394889
1536862146
2814195431
1160001992
2524841269
1556072382
2700754611
21292836
389380833
2092910970
3120610623
951131200
882464077
409233654
2131410571
1461941532
4249583737
2112889394
1775046295
2148683192
1660332133
3214225710
4190320995
311149076
2491037969
3484684778
188451567
3704729136
3302383229
2731999334
4179824443
464891404
3403154601
3547199650
3583087175
565517736
3313817493
55228062
3306528787
1104484612
2974237505
4141659738
1220576415
1514044448
2581230509
640496598
49433579
446292732
3572913369
1067133714
1122353655
3794512280
1908118213
3629602830
1660711619
3517967348
3370097009
1184904906
3318393423
1828095504
3650655453
1639842630
4259542171
3896447980
3746132233
2747185538
1818533287
4250202504
1273879029
3908179326
1648537971
3832232676
323369889
3374682938
2421488639
3434662912
4072915469
1184919222
1377929547
4040442076
573856057
1323279346
526984535
584054136
2569973029
1225912046
812866595
1813382612
3577620945
2924727210
555383215
486821360
3436116797
1739290150
513247739
1749576140
2061110633
1841621602
3960363271
1710994792
793840725
3865961566
3386471123
444550340
2420794369
3151093786
194388831
3709340640
4159520877
1769347478
3908073131
977964732
2602405273
2062912722
3576641719
771174744
2766665605
4168938958
1769993603
1362497460
850258481
3171340426
2919430415
1475544528
3708916125
1918327046
1301761883
4199133100
966908361
2931329858
6734951
631335240
2168876725
1886790462
959570995
294211236
1198242913
4078542074
3780901567
2488548288
3991858893
2590389366
2948011019
3547647132
1103753721
1863640498
1712323607
731471160
1820291557
1766878382
24788707
3968338324
642177681
2230404458
2841389167
1153084848
3573045245
1534700518
3912942779
2025514380
62445097
3218185250
2168840135
1111362856
1600520469
2546127390
3651405203
4076945540
599934145
4013214170
3833496095
3076873120
2774584621
19447638
4207763819
348846716
1683064409
2994056850
4293095287
2142140696
3549240389
3125040014
3619305539
2776888180
3240164081
1951083082
4227729359
3327346064
186338909
415919814
3151620635
974392172
221708937
3595050242
1921231655
4257849608
4081566581
151777534
3230127859
3831439972
3697671457
2354800314
2480257407
3343084416
2061163405
3782588982
2324389579
3536132188
2630634169
2823808882
4236350167
3392046328
3383293605
2786110062
3080184227
3751923028
3763620689
1431076650
985700143
2075446640
1645376701
3154223526
4224499579
281878860
3593756393
55840226
66594439
3594265832
1921234389
218726366
4013250643
119206980
4100908417
46494618
439984351
15100768
1458903533
2600805654
2336820267
1574643260
3511828249
2413531218
3787613751
3876683992
1248526597
2204987726
1483422467
4200175412
754502577
1311589386
2793133711
3218556240
1215679261
1926710406
1265321179
1264461612
717810505
875392706
2440778215
2240649416
514971701
2289270462
1392806323
2024584740
3136617953
3869962362
1317156927
1564891968
2923923533
2844721142
2505992587
2189763612
872113017
2219878706
1635641751
3998182584
1567308645
1158850606
1569473635
1361269012
472284177
3777329386
738706927
2847059248
3101512061
2265143142
3104668219
3024035084
588031913
839663522
2732928327
28703912
1164585621
4227984798
3310185235
1384933380
1259357761
675536218
3012001695
2438675232
2171217581
2764786390
2904782571
2302349820
1121957849
2095526418
1502354679
870336664
373401029
2042121998
1448279491
997653236
4009057393
3966574026
1681679695
205456656
971048925
1581111878
3205193627
2447901420
588747785
2720563330
3960322215
2091733128
1078242549
2221722750
191364211
2855406052
2346237601
331889210
2015459071
236784384
1559557389
1081214390
1123038283
913633244
3356965945
1289169650
3552903255
1203508344
2491826213
1276536302
3189204771
214734036
2994564305
2856071850
2482091183
1987333360
3726175805
2050936102
1136456955
2798704844
3674321001
96088418
1288500231
1684771944
1960402773
3664517982
3601612243
2434112452
812017409
1366296346
1999117919
8637152
1501557613
1278947478
857514411
3400187324
3652841625
2740491218
100701111
4124758104
64031365
2196040910
4231102595
345775796
1071033649
2966075274
2885661711
860521680
1142752413
2025730054
2574924379
829529772
1189280969
3120124482
3506102119
1659422792
1421885877
1387780670
3295817523
347020708
3083943777
3849536506
930313663
1367833280
463675853
3017722742
3321937675
39091100
3655324921
195259570
1377228567
1177844792
2612659429
2161894318
1677281763
2656934036
1008278929
4065373290
1228825455
1236905136
2525317885
326370022
2124099515
3963769996
2933094697
4162708258
2960095943
1578953768
1569805333
3725068574
1578225811
1047957380
1831946177
805957850
3957030175
2787121824
3556147245
2132072022
2952039531
367667580
1990256985
3975132562
1172294263
2093029400
2681810757
1152600718
885441347
4052288116
408731121
3171291466
3028665039
2092549264
2347352413
538461638
494392603
230357612
2800428425
3579831298
1325581863
2013265928
417633909
152348670
417538547
333705572
1738440737
3983281594
1933063295
1598401152
1058147981
3516223798
290458059
3118712668
2853514681
2322951794
2603838935
427336696
1606846885
1763909998
2582768803
1368808532
297373265
3139626538
3803042351
1262668912
1726113725
2422405286
208153211
1213435980
255984105
1123505378
1015857543
243925992
475138261
4237670110
1446912851
2523874116
2318461057
902929050
1482791903
2582653536
2777533677
3944234006
1986737963
515462460
3126108697
57448274
938066231
3629326296
924455941
618883150
2865939971
4261258804
826773169
4074711818
1955500431
4031562832
4127669789
1913396102
1304702939
3397654060
334499401
236729794
887450855
3149068232
158444341
2101556670
1668994227
3281028388
2214625505
2104661882
3526341439
790075968
3691101005
659920630
3617461387
4041397020
964118137
1393373234
769311895
2974321592
2372652645
1252794158
1791053667
842457108
1277083409
3329417194
3070230767
1657777200
2481996925
4006325862
1340335419
1053068300
755845801
3758524066
535087175
1433590696
2379971989
3956614302
2045851155
2495592196
3492104513
2491876442
3279583903
3014916640
1124456877
4261765590
2571149803
1490567420
93657817
1351563538
3135141879
3629180824
3595811013
1228228110
3373631683
632949236
56041329
4095083722
2732204111
1438876688
657816285
1280946502
3978250907
3415011820
514963209
1039026050
291689383
3988893576
1663533045
1157858174
3204007795
4285847780
3048685985
2806440250
3139039743
2025671168
3341953037
48209078
2343231307
4212235996
1220943673
2938810866
1221385047
3177460600
2439631653
725015790
2703716899
201270228
3288903633
2516621738
3707039663
941640688
577691965
3966641190
1808687099
324356044
4176827241
2299230306
1228377863
3533140840
1324200533
562451038
1139476691
4113033924
1204709889
1038757402
4091943263
2334886368
3776882285
3852224406
3946106027
4161203388
2032292761
4262959826
1836969655
209350488
1246109061
2540233678
3125742467
343813556
3343609905
577412746
3056103183
886965200
2218031005
1287718662
2118722907
882216364
401612745
4271249730
859503207
2381064008
583406773
3054866750
102660659
1666247844
1703068257
1017703162
1421275327
3019291072
2506314957
1911775862
1614178827
3962579612
1489090553
2827875250
3939086871
2911607608
2558564325
3498269358
3353629923
1789863828
305619089
1804342122
726441583
854895536
3609083389
118118886
1122474683
3385181068
599399465
3083217442
1732580807
3854027560
3158877973
3546890270
4008418195
862445188
3119270593
3820689370
1885632543
2014763424
1956131629
2409426262
4278695787
4026882172
4122758233
4123376786
2928158071
3297752856
531710533
3040756110
1765756483
906629492
1977909489
2677864522
3845750223
3579593616
834942045
3506576582
1140965403
3915245932
275466377
2849221378
2838356263
3690094344
84765045
3862519550
3551161587
1256505444
3156411169
3478697146
2244390783
411298176
2606055821
1112598582
1208005835
2550036060
2854883513
150402418
3532736727
2977874680
2406489253
3226572910
699922339
2584144724
2406142289
1221938474
952569135
2064436080
918444733
2086686630
2012190075
634781516
505128169
2784402402
3905772679
2928927464
4071381973
4148030942
1974660691
2336199236
2940136321
4156146074
2142607071
2453006688
2989653997
2848412438
662266411
4103308348
472057113
3780746834
2629639223
273727192
2740266757
141909838
2158383363
3055400244
3353498033
1298993674
650988687
1056850768
346337565
4141675142
1091115739
2376467756
3638767945
1499921602
1107003367
3616822984
2260565557
2871979198
2187141043
3522188324
2723677153
2971025018
4111019583
2653215040
3989302861
28847606
4123639691
2453439004
1035938169
1512421170
2128846743
3103632056
586703205
1080137262
3512883811
2781245204
1415774737
4019996394
1545878511
4163414832
2249144189
1244661094
1839616059
2873490188
416935337
1297927586
4237321031
216775336
3470315669
1120164766
2466316563
4168025604
1887849537
2879794010
681145759
2974333216
246254765
2715515094
2001325291
2037477372
1293319641
714293266
383570679
3212674712
3790719941
3066969358
1799623619
2155419892
906289777
3449482186
832822095
964952848
3516263901
2618394694
941569435
2234376428
35117577
3876589186
2355359399
1083313800
3835056885
2595633790
754356851
3560155108
3236021409
4087449658
155086079
4237920512
1635474189
4259918774
3696331339
782912988
3561030201
3856283890
780187223
1942508152
3218695717
1450398702
2309192995
1504555732
970978001
3785425066
2888051375
1376275184
3385906237
775519014
1187760891
2648028876
78968425
1740160866
2437818887
2692698728
3985507669
733776222
3247821779
917912004
109210881
4047525146
835720287
1829718240
3200866669
2778291862
3241736107
2992577468
2841032345
4214399442
3148302775
1641418328
2823237765
2785598158
1406703235
1088175284
4178326321
2179368330
2088577551
1286439632
3445090973
1583341062
2885947483
4088757420
3704177353
3968786498
3609662823
2527823432
458745781
177162302
2922825011
3983457188
2155890017
1757057530
3911609279
2879518912
2335147981
1151596918
777524491
2164775324
4000291577
3050601138
3760753943
1369356856
2463312613
3360084398
3711655907
1098692244
3634471825
1621326442
4287027567
4033587888
3334680829
2788995302
3860858299
21312140
2456600361
1858760994
1439084743
3373181480
2878077461
3890640670
1009870483
3251973508
972246465
2051555034
572093215
491362464
3074811437
2730558550
2550588011
2468120444
295939929
1022870418
3923542135
1192908312
2199213381
2078619790
623106371
1661411444
163070961
2349850442
1041840335
3225076368
749381469
2609378246
3749161755
3170687084
2042063753
3282268674
822410279
429964808
3888266357
276436478
2698885107
2036436836
166954529
2720095162
2072062591
3808307328
3215225997
2745728822
3734855627
1561666908
3440047033
2480176242
1385898967
2185290232
2292559781
463212398
384434851
2834528852
2305299537
1852027946
3977005103
4212312688
27676093
4026115750
3999465595
2572447308
851527657
2622612194
3099195271
2790900200
630370005
1828857054
4254316883
3582714180
2476273281
3095259290
1077252575
3652692064
2900570861
1192389142
1316195627
3479810876
649947161
2577573202
3225188151
2131385816
3206298117
2653115982
2313542659
314164276
550048945
3453417738
1832388495
2615919184
3561890845
1900661126
3577349595
2227434540
2845987913
2249049026
1757258471
3375478216
3331674421
2184618942
1605069491
2479629092
1174111969
4053132666
1729014079
2590906432
328868173
2830550262
2682350219
1452421404
1892879481
161103410
77101719
4117678520
1309733989
2519928110
1097819491
2614230548
1693664529
3433147882
3413407471
1505602096
3208260221
154164326
3260332859
3921897996
376606889
3926856866
3907518023
404789672
945955733
1892651678
3229404179
1838830852
1546866497
3718337114
2464444575
2048489504
341917613
5083094
4148099051
3674644220
1231282393
2062763794
495398391
3647350168
1763434181
847459342
3974012611
1001662452
3070141809
3908817610
3231290959
2810216976
1761763549
3177537350
1342906523
2932527084
4249484553
227399042
219220391
1696492936
4103153141
4119130494
90168691
409892580
3713550241
1758998330
311355391
2310129664
1540394509
2710489782
3840161099
3242130652
2592597305
1625669618
887132503
1525182840
1339357477
1036765934
663455779
3856155092
1141061073
4246562730
2977916335
3022801392
71223101
2946552358
2226468347
911353292
775985513
297928290
3574646023
3189977448
2159695957
1762574430
4289502931
1170245828
2625794049
3681713178
3773173599
2519664608
578817133
4231165334
1697194667
3920841404
2589399449
178890962
2692523191
3857558872
1305756549
516215246
2026774915
2310425524
85521969
1061055626
2935874831
1790509520
1334271389
496678150
3534420827
1590782892
3312346569
4091782978
1824469095
1831265608
1853209269
3223650110
1824198707
2735245988
952748129
3651680506
2764170943
680081344
755481293
2616234102
3764764683
2967177372
3404299769
2742485426
3795019799
577624376
3132210661
3626387630
1409182435
314983828
3210208913
1100407146
1978471535
1914612144
2507416573
1628112870
407138491
2193662348
720069161
2368387106
737430471
4162947368
1532710165
2340400670
4125307283
3653139588
491147457
1672570330
2969202207
2243450784
3422525741
679549782
720506219
4012881532
4200010329
847628946
2816269175
4099994904
4194658373
145239950
410281027
1753231220
64489201
4066297418
1864692687
760562064
2895977053
4020882118
2681837083
2023212908
315592329
2463054082
2525501223
554376456
4043509621
4158049534
813499123
2405064292
2165311777
3586523834
73901439
2931058560
3690964877
1704728118
2233862859
4180137052
1119344313
2601386866
3411082967
2076115192
2070364837
3942811246
294129059
1851525460
800151377
2613975850
2944238383
3142895984
4154081469
1529806246
532835195
2463030604
2100488937
2517182946
1548915335
3856376040
3842310613
3454163934
2648736851
1700016196
1732178305
3894284186
1239518431
1618306912
3315590637
855212310
2606348331
2671501884
170117913
2621942866
1382535735
343932120
3127856389
1441615182
1989240579
64082740
1811666865
3827097610
4157522575
4145365328
1694734109
1364369542
3126259931
2682118956
3056432969
68192962
1496038887
2156598472
4177077301
1918524094
2875569587
4179882532
2666203617
2935065722
3628082239
334714688
2105037901
2354142198
2246382987
769908764
45281145
3513435442
1861834135
1453058232
1052084069
3156247598
1793618019
72977684
2916059153
3447919850
3035673071
2005838128
1869684093
2613883750
4260308539
3929856268
1440166825
639458210
2498468167
1729198248
4202133141
3858155934
2992936723
3829507076
3274461761
2591586650
2992335775
4263917344
2216751789
2304485078
3374326507
1838665212
712852441
2981056018
2128447735
369804440
2614227397
743713550
4259654083
1198208756
3057936497
3057170890
4290466127
2411266320
494588893
542455366
3840084891
946061036
1078468617
560438402
1131029671
1265028232
3273128181
3312429182
4164233331
3156559332
991611553
1995101754
2265670399
268830464
3862020365
1573937590
1432543307
2731518940
3415918649
2420983538
200043607
1657049208
1901890597
1363165678
719295267
2692665556
309491921
1484115626
2634457263
1317816560
28883517
3768854822
3582632187
3435828428
2778217577
4146548066
3296681991
461574248
947039061
1232926558
2922342867
306632644
969831169
1820369690
2972191327
4136290016
1011007341
1499958422
2265271723
2382592444
2082700441
2625417170
3422420919
2294369368
1793939077
1906100430
3643780227
3742128820
460437809
3396490122
4255817743
2130739408
985845917
4201745414
2721965659
1709791916
31426761
2224320066
2751679335
22955080
1277136309
1188476478
4054539059
1948146084
3193916257
4285652986
931750335
447510208
2867588557
3889768310
643787531
1806383004
506421497
3782576306
2699707159
267974712
1075597541
1881259950
3693966819
3465270420
4133104017
2120632426
1048530799
2819467440
1932596989
2809487078
2304039867
1043861644
490079529
2196176674
2580408007
1659922472
4223049749
775218462
3422616723
1797507972
2481279937
267816154
3439814943
2707625632
3804580909
2430415446
1741240427
4097762684
3755373913
1181733266
2559129207
3160642584
3028384581
3414632078
4080070467
913653364
2487470577
1116319050
677162703
212582544
3785067869
1030201798
891781403
204387948
196325769
2270625794
2310484519
3794893832
1355801205
206537726
847793651
2093952356
1366854689
3662064058
3497664639
1806083712
543611533
4163611958
3952784843
1547076444
993049017
2393082482
3971144151
2381914104
2545210789
2659515758
3381794979
3661666388
2990971473
1091863082
807058991
2882717808
1218065341
771773606
3155023483
38095948
762351081
52195554
2207722887
1561952232
1627608277
2313065182
110710611
714637124
1513157761
4137301658
1287227359
376383072
745052397
3715930134
3190547243
1409945916
4132843033
1497936722
54471991
3232865240
3310247941
2681422926
