2561831767
513600376
312159013
4224210158
3864693283
1126652884
258181073
3014496682
2173536175
946865136
3788192061
120495142
795113467
662994892
1202400105
341274722
3638765319
1423846248
299174485
3428174430
1380196563
2268996292
88031745
3937740314
3506745695
3460907488
418446957
576372630
2628838571
3303285948
2091789209
4232155858
1181714103
726607704
2489546117
2750831566
1934500739
1963091380
3562162225
2647889546
88934159
2789850064
704434077
587038470
791362907
2644559276
1574041545
2669547842
3203568231
2765021000
2576968885
2346780990
2873332275
3854771364
4288649825
2788156154
2942404799
523268544
4272008397
959306358
2180940299
3035194012
3464073209
4210289586
4073146903
4160508728
1099558885
3071070894
4205800675
1116692372
3605674129
3266382698
2331850351
1132225456
3109197309
4139962854
2803217083
2511141772
382202921
2877956642
352890311
2134278952
4245159701
4063279134
2967253907
1949701764
2796888769
134090714
781914143
3110900128
3846343469
3209913686
3608924011
1117425788
329262169
1516745874
2341584247
2828824344
3181812293
331594126
467035715
3544598900
3896727793
1350430794
3145078223
3003120528
2791607389
943101126
561764379
639705452
1722097801
785621762
2667411751
3859617544
632865141
1811732222
946308339
403634276
1905777441
2891427002
2374584191
3723862400
3916142989
3095617590
476105931
40873564
2788812985
1037364594
715579607
2636610296
3092346021
886247534
1645940643
1251943252
2775951697
3513926954
3952059695
1405911920
2479534781
3104884646
2494934395
3782555468
2374073577
4197618658
1286141063
390765288
155431893
33383902
54265427
2999306820
2740962177
2339682714
3070504671
2311299424
3014973421
1148570390
1042643499
81837116
744414489
2759038546
366916663
1905620696
3978460933
821221198
1154836739
3356618036
2006526385
734398986
471983247
1088027472
2954692893
1728670342
1662726875
3592502572
393546057
3135173826
971186151
2363952840
2839598645
1491756222
3199350707
567446564
1260706785
4186781306
1105446463
1976471872
2025211469
2665653750
2495731595
3596991004
2552693113
1769713458
3205576599
4259209912
598849893
3134918190
660435555
1729537812
2479217169
2712747754
4194620399
1361077040
3052638077
1272479078
1527015483
2392666892
3700934057
4195403170
2927885127
4242174632
323496085
2977682334
69343507
1051540996
1140794433
2799248218
1895828895
386822432
4178044077
528609494
3834504427
2138482684
665474521
1143289874
3289803511
1442463384
798434245
558085390
1493904323
1059410164
4212374129
3513508810
3725620047
395819792
3957736925
2369126470
3066645915
291576044
16888329
486540930
509839015
1495058056
1626450677
3899241086
1491315315
3738034148
889625761
2677047354
858850559
2658877696
2168566541
973843382
1575068235
2223736284
1694554681
3349688562
4005973591
3386968696
4033527333
1323617262
355898659
1672866516
2056964817
3039688874
3441214127
3812098800
613231677
1826222886
482468603
3773099724
4106931817
1692710754
693748231
3483765352
3084213589
1986789726
776924115
3551293892
2438153473
1273711898
592358495
4178378976
3925586285
2117588630
2635403179
3860616124
641896089
1664915922
888725943
3851077208
1371834501
3396752078
2201464451
3829429428
2876443441
2737798538
2013381135
3204004560
3196076701
1216108038
2672175195
4221613228
1946884809
4009154626
2604576103
3396222536
1233862581
1882898494
3787185459
3938513828
2549947745
1881246202
2284913599
3485184192
2546851789
2545840502
2860526859
547426716
2374464249
1645900466
3095799063
1894740536
1262256869
3065006510
3060168675
3426545300
4071914385
1302884970
999780719
1909678768
2757200125
2580883686
3165527483
3691801228
2262472489
3027134754
1810516167
4016923176
1403736597
2257448734
3162668691
3984811396
1411130817
745223898
1420823327
2273267872
2068856365
1314356310
4202363499
747749244
149391193
3950623634
3343259767
1879510552
3765087557
3528110222
2921001283
589518964
2172066801
3268466506
548786383
2126412432
1286274909
4137446342
1599193883
2023755884
2169586569
2323868162
3207894055
547059208
533566581
102600190
4093300723
2708195172
2630376993
4244657082
665043583
1095753856
286968973
2243622710
1834842059
2120637788
1383779257
43152498
3675306967
583637496
552011685
2013103982
1437407907
3966480980
1423109201
1826663466
3694452783
615678576
3121784253
277487270
3716749435
1137944140
59187177
577624802
3841298311
2079357416
59377365
3617692894
2843529555
3354532164
354010753
3122192538
1273244127
3659882592
1640336109
1033953814
1333765419
110553916
1884897305
2258410834
2579369783
86971864
675910149
2659241550
2222257155
663616564
903867569
303034634
3471613839
1588034128
2066119709
3042328966
4188806619
740240428
4187237449
157662146
1493514983
1533308360
1618520373
2144476094
3932193459
512645924
740843233
2548882810
3091808575
3942109248
32012621
2445360374
1496941195
832268572
3030049913
852506162
3576042135
3475997112
506088549
3633087790
4257906019
3489805844
3115719953
3566642666
95751919
3818218032
2860417661
3468219494
3792884539
2616893964
2609932457
2829257890
3275462215
1424970152
2754706325
526846622
2952651795
1589153028
487335745
649349722
262867103
3367972896
303798189
3117680598
2934116331
3890992892
3176642777
2657435410
2334180855
1958927768
908146373
1423485966
1896199875
3711983604
1097694577
850184906
962997839
645151248
4004690141
1651103558
823474331
2044594156
1838404873
1163775362
4151353767
982066568
1212972533
1930979710
3752654195
1038659300
4007468961
1386686266
2699132927
2222161920
1056368141
160514742
3772009803
2382378204
1957150009
1016313842
3850774871
635513208
2949009701
3726459630
2038341667
1119910356
4196273617
109731754
3470261679
1446773232
2052792125
2451655206
3976941051
675372492
1068921193
13500002
4118568199
438954344
3529617493
3550361694
1254471379
1838596292
1957906433
1677554714
1724163935
3943481312
3239208045
4038126998
3949279915
72385212
279114137
1553178834
976108727
1317168472
3601963909
3675408846
2660055427
4026172340
3705654833
2254922890
3605167375
1575270864
202356125
2610375942
2286752603
2241635244
772816329
3626737474
3912681575
1036623176
3557364405
900757310
2929731635
2604319396
1302765665
4277088506
137133759
2239950784
1560679117
4209707126
921557003
2807349404
325146105
698153394
183566359
2526974264
41620965
1315946670
1401520867
3496377748
2932522641
1148967274
241020015
3831914928
3999824893
3632496614
3778185403
3966228876
2696493609
2762911778
712500167
727728424
3940197653
705111582
3029617043
1884075140
3838781633
599023066
3622897183
2563641248
1667887405
3489108822
2546345323
1334111868
1257957977
2867315346
94794615
3794644248
2528821317
3605899150
4157307971
3413927796
16178929
788512330
3726740431
1287190928
4160582237
3198042822
1108586011
857407340
1271490185
462369026
1024962343
2766525704
3228460917
3713680638
4059699955
2453968484
1900339489
780466874
3572120959
635838336
2966814605
864980534
1313219275
1364790364
3515330233
3282828146
69637847
1361557752
50895525
2940468846
3601540515
3300147540
813444945
2418742058
1527126831
3050602864
2338756797
3751769510
1632142203
2888701260
794346217
3456442850
3505269383
2823969000
173824469
409064414
3895041107
2728028228
4129278337
3617130394
2851087583
3921878880
2917285357
90700054
113627179
2101942844
220177177
857842770
206137911
1065661656
3271337221
2922038606
662732547
2609253172
1718792113
238409738
1172527759
4205902160
2537287453
3913226374
1630079195
639179564
2541702985
692617922
3251852775
1872612552
2319219765
1070977726
75156915
1053174308
1115152865
858293370
2916793407
1566379840
1327934541
1094439926
3650956683
533534748
2950350713
2491465010
1340534167
1161601208
1580130149
1180302382
228821091
728352020
2549243921
2874674410
194071023
2990956848
2517988733
2771725158
3490528827
3948155148
475335593
1989235618
396308807
1891643560
229035669
1416511902
2688921363
4185092
4049939009
2976608602
3816948639
3047943968
356207277
4274134742
1260665579
22873596
3083934681
1593918994
752296183
910654616
1748453829
2257167118
2557231555
1272409844
2249408625
3318329802
3303532879
797751568
2391485405
4181306950
2823627675
3260479212
2716989449
3675755650
103398567
1571914888
1848856821
4074971262
14827635
2088730084
1778360993
513396282
4189977343
3819421440
213391629
1907546550
1270020171
1718674396
1864015929
3856350962
754058327
580733048
2158879781
426883566
3274877731
3494316244
3186446545
398640810
918501551
2172387568
322245181
3875840294
1346418939
3986279628
1483609193
1477657954
3981113351
610912360
2440692565
1408003934
1470661075
1157435332
3747564289
2733349658
1265017439
2487779040
3459585901
3922068630
933324203
260092348
1808749721
1481025490
101685175
1446380632
1395306117
1170882766
1968096387
2284884660
2560135473
3078310794
3522115599
1930180816
1118513309
2353923078
2587885147
731157164
3152109769
3401344578
1490740071
4007722056
1762846133
1279405630
3253760819
3878719908
1352409953
3264796666
3746822591
814100160
2118796749
3534987126
3611788043
956592028
2416392441
3246096562
2584206103
1493807160
2537924837
3997906862
2182647267
1057754260
992805265
388710506
3008358255
2335531184
3347410685
583915238
3299013563
3065989260
2489572649
3964335906
11632327
588193832
4069914645
1285315870
1225921683
3968992132
2295212993
1574536410
1750991135
3713584800
3448742957
3023284822
1593659499
2608078204
165301593
145869202
4138913399
4010822680
278319941
2444009102
2833778499
3159455348
2529337841
84583754
2746828495
217020560
3629901149
3938758
2042730779
1167191660
4128082313
1375139842
3366373927
1659646984
932919925
1639119870
3798296051
3667486052
520971297
2967839162
1163704447
2075680384
4171051661
838739254
1864027595
1799863132
1398837689
4045505138
1441296855
406968312
2394303909
1252423022
2501193891
3279474772
1752265297
2874243626
402871855
4147282032
935758781
2521877670
3488870011
176456780
1089889769
1828219106
3230844295
2356164584
1304079573
876481246
1866622803
851359556
1987169409
1408577178
2166890463
2828852832
3356160237
197857302
335018795
1492601148
850527769
436382546
494978359
278287320
3980113925
3488660558
3724020227
335157812
961639089
2419572490
822482319
83261520
878535197
1925443462
1234301915
3020884524
557216329
2324122050
609054951
3113429960
1452035893
150309310
3170965683
1920596260
3188942049
994061178
3533190975
3170782784
2423316301
491940598
3320633483
2432354076
3118901881
4270670898
3746810007
1342554040
331313765
1950577454
115905379
1766675476
1585095441
2515891178
3147400431
2905825328
2830657661
1062044262
3572738363
1823047692
2397417129
3554384546
1538182215
1078792104
2141725077
3230759070
2230942227
323169028
4043976001
3070138458
2625961631
3453267488
845610413
1582052822
1766942187
3150591228
1192656601
4126756114
1496939511
2324175768
4124662981
643209742
2134822083
2062188020
4177855345
4207057098
815113295
585185296
4218396381
3248850246
3429961371
3670795756
3457948425
1311595394
4203665319
2996167560
44442613
3620329342
1820560243
2324843748
3597542817
1936225594
3989206527
2887253504
444943373
3799019702
1316856651
4259156700
2220458809
863946226
1963581271
2954192760
2468443941
1893871854
2723329571
4232681428
4127757265
1490496938
3033691055
1425539056
521864509
3682859046
4133626875
552483788
1861334889
3669265506
3234173703
3731203944
622745173
1733731934
83315923
1239375556
22498817
2025177626
2167709023
3837804000
1097058925
3648461718
835293355
4155302076
1741141913
3327504082
1218245303
3970278232
4147102085
2057189326
3078377347
2632098228
245191729
2792043146
422048527
4000298960
2454887325
2325797638
2233395547
3716710828
1300136905
917056834
2586508903
3451149128
950581429
602924350
3417095731
3198312612
3504186977
723418874
3181868223
3234164160
731543757
2400728694
999108107
3316653724
863575033
2578843570
365606423
2821771064
966540261
105033390
4061370595
137206676
3353035921
901162858
3664650863
1447059376
1605263869
3904122342
385834683
722646924
2447015977
4215488034
2660702663
3329883944
2598193941
1582142494
704372627
1381192324
1880698561
1255844826
3052862495
1159695776
3921762093
1795932502
2128747
6245500
1971695705
1960300690
1248536951
2259610392
2113857093
1921488270
1903202883
3852633460
1926915313
3035728970
561840591
2942433168
499538013
729149638
3059450907
2684673388
2954734729
2646261506
300016935
1252954888
3042184565
52933374
1966911731
1785345124
3592546081
4095887546
687551359
851877248
410019213
4043947062
2145089739
3157420636
134575289
4210231666
2153139415
1746401016
4092575909
3122981998
1089158051
3636027220
749909329
777249066
3274477871
3637280624
4013063869
2761827238
3649788283
1322709836
1751124201
1866969058
1675845767
407508712
4255449045
2604024286
4006031955
1751057988
3322924929
2670548378
2173442783
112368992
3762267117
3234473750
655762987
2309060668
286288153
2873078354
2103713847
1751380696
3607546629
1943188302
1474008323
2162829620
3732682161
135636490
1079300239
1836578640
2190136605
3252995718
1659297499
3321952556
3334051145
2636255426
812878823
692357832
4117242421
1261519038
3287507891
2846476324
3472549857
540267130
3598823999
4191915328
4123464269
2516910582
3458761611
1965323804
46042489
3774204722
862757783
3750420152
1859913061
3527993902
2576981603
2041373460
1028580881
74373866
3318595567
3294388016
308763517
218224998
2697335867
268103436
591548841
813818274
1063937863
3012947624
708146325
3553669022
236537107
2277669380
1274753089
2808987482
3937663391
20540704
2577313965
1215450326
3110768875
120808444
2603082201
3545060370
3225933559
1636088472
252145605
2755629326
3581761475
1517915380
3393373809
1100447690
745496399
4033984272
1700794845
732781638
1300298139
3007108332
571620873
245310082
2225074855
691421832
900003573
2446102142
3532707443
1478564836
1680386209
3239255098
754643199
3452189952
2556329741
3419015094
2570341963
1145455068
3831785017
2508082418
1842199127
3192489592
388041253
1416538094
3336487203
3066570452
3530544849
969381034
4178685615
3232759536
3456956477
3751759654
2406452987
2990451404
3007404649
4172403554
535571975
941459048
3176048981
2111626590
45225939
1815981508
177950977
1432086810
3090061407
3430153440
1251900781
801387158
2313010091
2899644348
881597081
381728210
2983611831
30491224
4072723589
3918409422
353753731
504410292
1861097265
3275168138
1552723471
3222222544
721817245
110080518
4176073819
2339926188
317171401
2347889730
1562843495
3393436232
1925876661
750361662
2077559091
294662052
4268435809
2826970618
1395060671
641772736
2499193805
2685980022
331274507
1029164444
766967545
575442610
775524631
1947463224
427740901
106309038
1400546275
466299540
2228586385
270405226
867720559
898064048
3873658109
2587264230
2286406075
962733708
3374129961
1100449058
3022566599
94428712
330341909
3474639646
122792595
2442174852
3400544705
1521996506
1891366687
3223473312
3892251181
1686100054
724543083
1850112892
3187479385
1599723410
2966389879
2567539224
250804549
3917384846
23403843
930059380
3309185009
2931061578
124566735
605058704
4164733789
2957756358
2816569115
846449772
2851721097
1859814914
3368615975
1278013960
1771626613
834169342
1518337011
834077540
3330435617
1748692922
801484415
990960768
1078958221
3769717558
814228427
874060124
527849401
1361088626
862988247
816453112
1656050597
1841259374
2318223011
4101369428
2906650705
2301773866
209833007
1252163184
3786043837
2055699110
772719739
1764057676
3583355881
1156773602
1793063815
1004533224
1243304661
3175774430
381156691
863720772
351916673
692157594
1528567263
4093926496
645945069
2489662998
4028649771
4282885948
3627731993
1457043794
3690167095
921539032
2958941701
164670030
1160454147
3528865844
2247293105
3855584522
600804239
607483472
2982430749
1184996742
1562888667
1273948204
3087579209
3508066242
2521147111
2930895304
2530211125
1988687806
3377573555
3562379044
2771282657
1375959418
1771515199
66374720
2938717517
458463478
2723163787
3158975772
3127013497
2881114674
4231102103
3821796792
2676267109
3496632622
1974905187
1284010516
1685006609
1724137962
3660446447
3888209456
52579965
2119315558
3817111355
3309854220
158004393
4236519586
1926365767
3130707368
1028573077
4264289950
3953463315
1304283396
842543937
4072203866
2114909343
1071262752
2061657005
758408150
3949968363
3549991676
3825550553
1727879954
302133751
2872924568
3821109957
1883539470
1260905155
3666123764
701270385
172517066
1752504911
2285778448
4233921757
2807116614
3682395291
1000981484
3453247753
2355947906
1415384487
2979176840
925878773
2431337854
3809091955
3576425188
1127164833
2006565690
1734044671
950828032
3057889805
2646580918
3688298827
699068636
3208333625
2077873138
3342701911
1027188088
1017945381
873930478
3772173347
4022515156
2200115665
714341290
3011307951
3030646256
1342892861
1666623014
3412654587
2441812428
1432157545
571152994
3133065479
563176808
2315975765
125768798
14213843
2618817732
724259841
2833125402
2689897311
996391904
434450541
1554860438
4024297131
519651004
35421593
3112680658
4055607479
2243486040
1977476997
43656654
1041982851
4223319988
3918191153
2111766666
1276995855
3622483408
1019576733
1880787206
2778775387
627335084
1008519625
982956866
1372533863
3566147912
1199070901
3600765758
2187940915
3489267364
155495521
2864565498
1339189951
1358425024
3932085965
1974822006
266109963
2415623324
2931876345
3409909170
2471783447
2897415480
1726833125
1585814702
1447931619
1776597396
2719730321
375485802
1865324655
420109744
2367965181
2807356390
3363583163
3517814156
1781253673
793234466
4050014151
3498294568
2366632213
251920926
2433971603
2588536964
3365090497
4252039642
1219293727
1046547360
4165516589
277868374
2418725227
3576277628
322991705
943185554
3655327607
371206424
4084403269
1720812430
147171395
2713232244
3186486001
1649629770
92829647
1526396304
2545892957
4273839814
4266875419
3974019948
329380489
894848258
2640059175
1466388744
2221519733
1566908670
1110394611
545247844
539946273
2100270778
163326335
2224495488
2688207757
1895098934
824233675
3271280732
3383966393
1672091506
523633367
1643656440
185001637
3581270638
551244195
112098644
437861201
736931626
2751661871
1018461552
1060005053
2282541478
2105421691
1232064844
3096923881
1576680930
2240321159
3878802664
1662887381
175812574
2534721619
2215879748
2469385601
1647420314
3185053919
1620188000
3402435053
4137440534
521567275
2850674236
3090231065
2362294354
3912160823
1815294168
2839605509
32153934
1441180419
4164831028
1605745585
2573562890
2339784335
422507856
4060723997
1895462022
3897865435
903403308
623106889
2523635394
96715239
970672328
1791215669
4210863806
2098985395
3799868964
1890446817
1085218938
1004054591
3410627392
3969349709
490614774
4066630027
1449907228
282219385
3470448946
3919731095
1288248504
3585682277
3735541806
1262466147
3521118484
64711697
754297066
2830775791
123886896
2867413373
54429542
1294920251
2089929996
1902090153
2816634786
2783288647
1163635880
3908311701
2946702750
3449608979
1429542916
3552654913
148901210
110489503
2042030880
103945901
2089974486
2942363371
284803580
1370400729
554263058
4268264695
1471281304
2751960517
4200955662
2420010435
3943410420
1201818737
3302313418
2493961551
3662066960
4033148893
2760968774
644140955
1678947052
23233545
932622466
432416935
1001062536
927374581
1160117374
1307536499
4055022052
2743185057
117205562
1290266367
3704666880
2754929933
3360765366
3328549963
2651561948
1155411001
1452366578
827945047
484820088
868495397
2145097198
2688210723
2537112788
941776081
2604425898
2484348079
550763760
3574914621
3601464614
1515087099
2933098700
2235867241
3334496610
1094542343
2327921768
3142799189
1950174046
2943069651
3379448772
2466731777
3812374298
3920006751
563051232
3744981869
3492962454
332009899
1041853884
7921817
514507730
3092054967
1750892632
2961635973
901913806
3800887427
635489972
2926812465
1180886922
2547655695
637678800
4153472157
927031302
994290267
2605469356
4179487945
2996273730
673402727
3700848712
3870437813
2443250238
2406063923
3923758500
560607073
2715251706
1672078783
820718272
1540559309
2146302838
3756404491
2912627612
3868640505
76389554
4112205591
1108225080
1374156005
2127631278
2861349347
3799664788
1336806801
3095452778
1020318575
4039728304
2188458749
2148479718
2275188667
3824485516
2768660777
877925154
105900743
388144168
922436629
2382969118
2000765075
1551843204
2579642305
2735087834
3989433631
2950417056
1251897389
3745252950
3742497899
621336956
2773473625
1869735314
1973172855
3992111128
1535057733
1505786510
932328259
343782004
2364124657
1070481738
3419419343
1143043216
743289181
2261480902
1773225243
3209013868
487986569
1630409730
1067136551
1549643784
902202997
4130199550
3695874547
650420580
321351713
2734702010
1725867135
4284045952
1748106893
299139382
832928203
1490712412
918298041
2727321202
4087864791
3959575544
484735397
1632129390
3035978915
4284681300
2738781777
2256737834
967852591
2667740272
935221181
1026435238
2010749563
3753263180
1097134569
710771938
1675440519
171946984
2024536277
4073121502
534614867
1244132164
1890703489
3120417434
1505758175
1012652640
4247108845
1466919958
1677240107
2038957372
3774059033
3172910930
1427517751
4164210648
4054844421
3424688206
974009859
3802289716
2613345969
2463587082
659095951
1013216336
1935355421
2968472454
3027083227
1941882412
1040907849
1562011074
787340519
3133188040
2705562421
1217160638
2404533427
3290510628
1635348705
1547093882
4249232191
1071336000
3725699917
197445366
1852015755
864650012
906901113
3126288434
2881434775
176307128
1098497637
1828802350
3392454499
4189294612
1267969809
3338866666
3782373615
322919472
968635517
197582438
2378519867
634862604
2334145193
2728179362
2292529223
1138265000
1562733973
1479955614
1677764115
2385012484
1620457793
1508062298
877193887
2664409632
1804454317
2794230230
3040743915
2941710588
337906393
1903257874
897247223
1457690520
2144970949
2996991502
1421932739
2081339892
1405357937
3778950346
1627689039
3599447056
1903782621
2473386310
3728259739
477602284
3971786505
2149349250
2228962215
3078578056
1709797365
511488894
3275798387
2645919972
3038785953
3745190202
2376098303
2855336448
2452756493
3145649334
148918091
2439532252
2773290809
2510610930
1545685847
1296950136
744997669
2814119150
3037389347
2636895188
560832465
4223715754
1255628719
4114611184
2368393533
2845398054
3961507835
4195874764
1928872809
1456580706
1667759879
1672291176
2166858325
873955934
3194648787
3829439172
1915705857
1953914394
1143245151
1861695968
3398866541
4199774102
2778873003
4197817532
1604404121
3056192210
3045744311
2579242840
3535539589
4077261774
2993322883
2357386676
3987234865
2361577098
4022525711
2589307856
2338875293
3422828294
1775408475
3710926252
2045448137
1676953922
2418240103
3529103176
2155349173
3451830590
1389750835
1329700004
1994109537
4258077434
1051549887
3055184320
424887501
784503414
870046219
2251741852
87599097
1043866546
59646487
606423864
175015909
3610806958
3654883
1972098964
3180089489
1719419754
1285492335
2898549680
4140445181
2489682406
1974012603
1614312332
2846690345
3233569314
2732950983
3380443944
1098028821
3156897822
1775963027
3358625412
1849506497
3145156570
269674527
76712352
251667245
1082400086
3353683819
1306790012
2754296921
1963453586
872715639
276915992
1998008901
856387982
1036697155
2143207796
1647407345
3072665674
172223951
3481531280
3857196125
3094695110
2583375899
2577963372
4132845705
1650580226
1602638119
1259343624
2913950069
1813155582
3637632243
881160292
3479958305
1236067514
4146929535
2606209408
3358929293
860887094
3793102027
3853854300
2526085305
2110858610
1623570647
3200807672
3360558245
2167851118
4135282595
3465780052
2024784209
150306090
2106162479
1636596592
4216998589
166428582
3441493371
469282636
2684261609
438094818
3051211911
2500432616
3133557717
3861847518
1628593747
1975009860
3716144001
2695229850
3738437343
2002884960
3985272813
652116758
1858523691
1579299900
2189554969
1472974418
3483995191
3404885720
3114997509
3631386446
2711732483
2172806452
1780433329
1109737994
2806496399
2111173456
1706598685
1988108934
1903332059
4120950060
851321161
2502241474
3250845671
560072392
1783590453
3476561086
2952040371
1765868580
2811294689
345665146
1574936127
1369999680
3013074509
1458003446
3327078283
1134768668
1511397753
3727681330
4069003159
217537208
314986853
3950429742
2727725667
3020103444
1805120017
2766960362
878095343
4216871728
3751487357
132855142
1430765627
2971183884
2259475881
1555234210
3406877511
2786159272
3387080853
1743096734
1590718739
3902256644
146226241
1438800730
3072845215
2669963552
3673521325
455256278
2902932715
2662342652
1533373913
3358945298
1731805943
2563716760
2805447621
150695182
1219462083
2106444020
2117194353
3481476042
2106477391
1829483280
2946096605
3823417414
3002639771
1423479020
3219311113
3590209154
1167875751
353353352
4078453493
2364500606
4076733043
3375650788
2819273889
1884665914
3649363199
2429368576
2956675853
3880281014
1397160523
4089511388
277344825
2836687090
4153747031
3195142776
1452758565
465077230
3477531939
4053426900
1862591185
3156291754
2277939887
568851184
2823603261
1277471526
819804923
1666737868
1316480617
1111420770
3510540807
2622816872
193459541
3071129950
3721741267
3700353476
4171455745
3431761178
1607369823
328923360
201410925
1259376278
1432774571
1129171900
1335207577
4026847698
2574498231
165133912
209526917
2858814158
1572079235
530640052
3609797425
3237918090
64461327
619000528
676059805
2657291782
3779952731
3675270316
4001641161
3199012930
969901415
2782475848
1154078645
4210587710
2091791667
4028591012
966341985
782156282
2430393279
3498420416
1390376909
4063439222
3149759755
164530588
983993081
3896421042
1856830743
1123576376
3229686501
3619422638
122605539
320431764
464950161
2421402218
1318668655
1023105712
439296253
1415045350
1117877691
913826444
2820648745
1149280546
1999052999
3616823848
3698715157
157787934
417388179
3445480836
1979989441
3066326746
1602741023
746932384
1970132525
2758292566
4205073003
1069234044
1070767961
3103388562
3306745975
1842087448
1983595845
1651665038
3413068099
3548106868
1841640433
945295178
1893968079
3978457744
4102985565
62596038
1060182811
1812433004
3479329673
2834407938
2904386599
327052808
472132725
789792254
3888457715
969031524
2231137825
3778382778
1789368959
1217517696
4031014029
1164422966
4067610571
1502336348
422699961
1701751922
378508247
3393884664
1027841957
2772516718
2506977955
1681926740
3396142161
591651882
529446959
1951562352
3120709053
1581569702
760508539
3996589644
73676777
2637697762
730490759
2005889512
1500290773
1421038814
179513683
4140077380
161078913
2250905754
4245946847
27482208
3422233325
3572079126
4018208043
1203266364
3436992537
3436500306
149481271
3563851224
825371141
2531296846
1017203715
3302913076
4207281329
391063818
3144841103
3447943760
4179760157
833419654
3479401947
2877203500
859653193
2928407490
1850086119
1572824520
4125573429
4278178750
2399328947
3252474660
1928623841
3654948218
228923711
4038182976
2636779853
1856369910
2854673035
1991827740
2901015673
2858708530
1845291671
1143503288
2040456293
3389537582
