943363187
2977153508
293541537
3159011898
3130101503
1868448512
3247754509
614464950
1645595723
2649597916
445158457
1034461938
1010309207
3374599288
622925861
1845714414
435158819
3680259284
1796850897
3980176042
3804744879
484672752
437175869
2445985062
1923648763
3210186956
3207137385
3771312482
1315310599
3502361704
3347724117
2608272222
990565843
846418884
2977480449
3329130266
2212771423
4020306656
2588658541
3869583510
2068724139
264205756
2501331097
4029025234
2185210807
3231647832
4128760453
579724494
2727745667
1950865076
2128545073
3477548938
2283916303
1318436048
389995677
3313903622
1685181019
4271134380
2130072777
3758410306
157284199
3751477320
605886901
4034843198
1180485427
4264088996
172988257
82689018
1417383359
1551938240
1855650253
3263480694
3711850251
2466591644
2485726457
1382868146
3894538007
2824123448
3853311205
474012590
3135889891
3173339284
1468888465
1246307434
2024569711
3890275504
3067290365
3547855590
194955195
1543572620
1355993385
2267372322
2778763975
3106612264
530197525
1451950366
3817367699
504121220
1729863617
3623905498
1596953887
1526026912
1863997485
3220622934
1010705515
1614209404
3319152985
3417648530
4223066743
3292352536
930613061
1507082894
2722323267
4251761268
1715279345
2893711690
4248820431
2881289360
2942540125
2438479302
2458348827
236302956
3369500041
3949157378
2264915495
2137667592
1134128757
1515429886
2279979507
2543167844
3740588065
4225664442
2195213439
1274471040
1482811021
45304118
3097862603
734822236
607552953
2671175282
1993770455
2488327160
990994853
1979717998
2214233251
2023101524
3892700753
2685623850
179563055
421659760
1133002685
4041142438
2407776891
3343534156
3340327401
4260809954
1029036423
2421177320
632479957
613461726
2496445267
1815935812
1425227905
2294289050
1246606303
1283285600
1930011885
3396482070
3737964331
641600828
4116838937
3962179410
1062787383
3565639640
1276177413
2809946190
2003262979
1847156276
3858753201
726377226
1105242511
1795685456
1104746013
4291040134
82560987
3054947884
2008245833
2350362050
2222621927
2245341128
1736344373
2046438846
1469410483
2574925092
2016336097
4074573690
3966225215
897634880
2477364045
1928040182
2802560139
4228090652
3413155449
2915477554
1729485975
2094580664
3524175461
3238074158
2145511267
426678292
893589265
2958776298
4020115695
2556879920
82713725
3888096870
1628929339
2230535180
1388094121
1056833186
1145430087
904991656
3063174549
3142065310
160943635
415592196
3284115777
174947418
1274974879
2616799776
450474413
1943493078
1975138795
3583310076
2222617305
3141841170
736464887
3242008472
1084395717
826686990
2361532611
2987246068
1994880881
3984227530
214186063
1412873232
1935626973
4001999174
2120147611
1515694572
474812169
2615263106
2425351079
2996561800
3431749621
3845290878
3492536179
3751186660
2126354849
4222179642
4159310335
3504243200
4113694733
1626182838
456161099
1466586844
1251440441
3353094642
4154454871
296512376
392473381
50582766
2036337187
1802427348
402982865
4242608554
1043007407
225412080
4291082557
1977228326
2736388091
3636199372
3833375593
66777186
2838537991
1238215528
1862175317
2423343710
3165233363
3747979972
3158360577
1321772570
721563999
3777544672
2605350509
3924180886
3552994475
2717623484
2480909209
1657082578
1612514999
438216536
3790402949
3706837966
219390851
1963582900
1370736689
1422333578
3567945487
4010359760
2830520221
4217962246
2174795099
513295788
123959241
3028390210
4194308711
2239651656
1870851253
4055664958
3429438003
95069348
1533090401
3892536058
3424585919
2513433024
297479373
3665386102
1205076491
1371595420
577441785
4147604402
657771031
3263943480
936603621
29905582
4214549731
4199997332
688634001
3345255274
3441079919
3757826992
4174124541
418271718
944452283
3328473996
756642857
3333268002
450244039
732300072
2880536341
3654039582
3905041299
1004377732
121021121
126980058
1847103519
1942753696
3910929197
442426710
2343653227
2133987452
72459353
3429577874
985611639
787214104
3165657669
1346320782
3810256451
583911796
1864685809
2196861002
3495138767
2201975696
111021149
2216826054
1366382619
3868762476
1236705417
800531202
3481991463
1044158216
220348789
3042465534
3876390131
1735817316
920214305
1235954874
1338427263
3155501440
1040521613
2907627574
532040907
3200724572
2477484217
93875570
3029622999
3208051448
538637477
1125027950
1344311203
300327764
3239520593
296076586
858596655
936117104
1959015101
247220134
3278581115
296531788
2639461609
3235255266
133592199
4214889192
2305635285
2367219166
2292287059
1777158724
761348993
2793945498
1543614175
1805853024
3104724973
3003206422
4030396971
553139260
1989172505
2717324882
3666621495
258275032
497811205
4042151758
3113937155
3877203252
2281351601
1505331722
4135543951
412711760
1909885213
2792680070
4036014811
1444461868
3020327241
658666690
3757088743
3700854472
573199925
96855230
2060957619
549063716
4192623585
1918940794
698435135
997069120
2395981389
1731077622
1435981707
842873372
2669183353
2092904242
511621015
4151173816
2096839013
211193390
2195911267
3185452820
4175911441
2640625386
3340915695
4238336816
3094155133
1426324838
2805590075
1045738252
1709786537
3962848674
2672917319
2554983080
3841042581
1612141470
1460115731
1700052484
2004919361
1567400794
4219309471
2691559712
2145477805
562917590
337863915
4212008956
1264309721
1294514194
507767543
2336865944
295740357
3837736206
4216368067
2913784052
351615601
2061460426
4260229967
1993816848
2401224157
1075937350
566152603
3503855852
3608359433
1961068162
3119580839
541869704
3948620533
2026189438
2726898291
221601764
1296571553
1944322106
3228468479
3415916800
3638244109
1440164790
1547117131
4293068252
91380281
2792075506
2746469975
451971704
3140763173
1679838190
1580995875
3388828372
2839300817
3965810858
2679784111
3593962224
3364269117
2844095270
108487419
2417782476
2006732393
42481506
3483845127
2727709288
1526652245
3364323678
3467930579
3922981316
3998532865
503237914
323759199
2850848992
1918185837
2479052438
3391786923
1093915580
2742292121
4156561874
2762367415
844777048
1699612805
292672206
3539807875
575141044
1322552113
1210252682
1566523919
632863440
3275342493
4008171014
1740351579
2056795308
60594889
2992265282
2890673511
2300427848
1702150069
1679179838
954293555
3366482852
2579406177
536152570
988709823
3831181504
2967953357
2265575798
1716890891
997757340
1199108857
2354967218
1123263767
2575233592
126223077
258722222
1827403747
3255070356
1792408465
1079767658
2478109039
743629488
1775307005
2315299046
3286474171
180611724
2200704809
2106714402
1203226823
2044518952
1213518357
4230573854
711458451
1932191108
1520281025
2583607002
707627807
3755921568
2234105389
4150459478
2769320555
3878240124
1603864409
2340240274
3430127735
1414958616
2775854405
482750606
727740739
2963986548
777559025
3812906826
1267945679
1828584080
853835613
277343174
88556315
924291180
1247986569
963045890
3317830695
1456141832
1295455349
3715698174
3634384883
2933081956
134864417
139711418
2145469055
3178193024
1806978189
3364255542
1723004875
3099450716
2783726521
4166382706
3137223639
2732136952
1320191909
2486765422
4189231779
4055052884
2524212305
2601790506
970088495
649200240
554444221
875929254
2185140347
1913333324
4183334889
2534496994
1984106375
1038088680
3383985877
4038925534
1692553555
1025087812
1159415425
1126981786
2262936031
1510269024
1830750957
4197212694
4153746731
2695785276
545964057
2988449106
3026947895
16684504
517149189
1820085838
2939843587
2224389172
1816226993
771977482
3209305999
1416034896
3269458973
3267477894
4246838747
2853612588
2082843721
600390594
3574774503
2299784648
526526773
3131939774
3699770035
3681934116
2162810593
2126536058
906412351
1318539328
503445837
2819407094
269419147
192080156
562848889
1947448882
2324927127
650052024
1030999141
944244014
256900451
1690940948
1154981137
3192530410
3906113263
2903826992
855114365
2783204454
2756203323
1236410892
182577321
1220971682
2315851335
3462320552
3151690645
1543670430
954426387
1130368260
4136478529
1262996058
807962783
4028543008
2666862509
165644246
3564670955
3783481084
1191786713
3580411666
994985463
135421336
3727341253
643050510
3377149635
2311577588
2169437553
3391113930
1866706511
2746464784
401357021
3814020934
302692507
928352236
698701065
1262570882
1761485223
3753420168
414580213
2440292734
1599239539
709897956
2904465313
2499454778
3290365951
1335033856
2626709005
1935458998
3576286539
2270672092
2065251641
1230452722
4034111831
3572541816
1083167013
22594286
2021924899
3876059604
1321176529
733863850
3077930415
1731953136
2757009213
2630666790
1287704059
3581468108
2827481449
1282506338
1909054727
3407440232
3146461269
3015293022
556480211
1102987460
2008336385
2752574490
3972147039
971784160
1332470893
1413246358
242924203
3714581180
4090786201
521609426
4292590775
4182893912
2956663685
806209998
2756884867
1812071348
2789297713
425387146
3527408911
3802413520
2529768861
268610822
3334640475
43262892
2745286089
1234116418
3494135911
3665370440
905089717
3079403326
1002809395
924992164
4117241953
482521338
1357512383
941780928
2082443981
943097974
3905116171
1076641948
861066745
2178972082
3948838935
489558328
2227475941
3039510702
3222209251
70122900
1290550929
623860074
2088447087
3169182128
971111421
2528051174
1583876283
421484940
2198518313
466759714
3695535047
2479866152
629417237
765634078
1484376467
3019125892
2437982401
4282899930
1131316767
2402127776
1933799725
3338867542
945530219
2283564668
128739929
2028683922
1624503159
612183320
566509637
795420558
722533443
2533615476
3554172657
1030962762
520031183
1492679056
1681322589
2794046150
1577659931
4019355500
4208649865
2020782338
430255911
3105182984
869787509
1119208702
211786483
1571559012
2189844769
2815982266
3274161535
1074110336
292519821
3294236214
1033609931
162565212
2331586233
3882842994
974395095
792148216
4140964517
3649011310
816883107
133939540
2552082257
2891879210
3466828591
3587441008
2019563709
3511350694
2080244603
3630536012
187319017
4037583330
943434375
1212274920
377870805
3212661726
3650034771
3586254916
3424733569
3467413402
2062394591
128098144
3208363501
267614486
2765836331
2506136124
592519961
2359632978
2096556599
2572432600
2139497733
2317763918
138804995
915245876
3268685745
405362698
1279318671
242252112
1693806365
3299514502
3667822811
2718997292
1101641
4054581954
333501927
2068663496
2401631285
145838782
748703155
3115166244
1027170785
2281440378
3247979583
1593610048
1900031053
2777109494
2255662475
2007275548
2194425721
63192370
1532259735
4207681720
1131962213
3021306926
3576236131
4264641812
1226039313
2198572266
78563823
2579882288
2760832381
1247849318
138591803
2534117644
1906740137
3300184994
3027022151
3358568616
1800425109
520733086
1596665619
2733071364
1894165057
1140781402
2583659423
2064346912
2819934893
2630721238
1723448043
2029291004
2810354649
3288647186
855941367
664206488
3594570181
1711612686
2796667331
912191220
3958685809
1262301642
281373007
3402381584
1036299229
1210396230
4282557339
2110682860
1141078025
2398819458
1303854247
3772843144
2224869621
2671681662
3062349939
652672484
3460375201
3471658554
3002825471
1288126208
1884395789
696146358
906524747
3720897500
3683393593
547274482
2380235863
799852664
3614925861
1252866542
2016946979
2995685588
948883665
720783018
895269039
2960883952
3274609213
3215991078
636893435
2563853516
2805961833
1370932578
1066956807
3008972904
3231941461
3255299934
1678639571
3609497540
2288044801
1358895898
1734615647
2166882016
1653512045
2605810838
1354163627
1721250236
3036730521
1221208018
566040503
1594197080
4071894661
2831532238
823411843
1110971060
2281312561
946785162
3813455887
365672656
1399105693
3468264454
1320517211
2794197676
393404617
3927959106
367551335
1771076680
284976565
1545449022
2232808243
1092096420
2656936801
1315723258
3188816319
2166730432
2741224909
1577000822
2132607755
1339813788
368621817
1203699890
3497351959
1033449528
3750701285
1661384622
2761821667
2966654100
4283335057
3856580714
929916783
2176114864
2566844157
2935576294
3084415931
3782658188
1555389737
292452130
2290024135
1769906216
1933539349
3728203038
586650771
3996746628
3679431617
2808939738
1775993119
1907904160
3815318573
4181666390
4120039531
1376492924
747359577
78989714
2816495223
2405420056
1637897029
4163378830
2452457283
3319330420
2409898481
25044298
4204185295
925825168
3398788445
3056048582
196548891
618092
2334067081
1557821442
2067024423
1427878920
4043618933
1427012606
856352243
1677780324
3595494433
2553881018
3382327423
869785216
1597420173
281650486
1416646091
2711567196
1926369721
1122304626
3788894679
1414617080
1216327077
2195846510
2769989795
1153454164
4128436817
3045390890
2711672367
892469360
2864712637
1442598054
1621716603
884737100
46654953
1033627874
4259333511
174045160
2682531029
1767475934
2527586131
602289988
4067642497
3104353946
3894779871
1685872224
3747901677
1683394582
2819455787
4010723644
2934146585
2709924690
3828237623
3362116568
1875195909
3119266894
1958578691
3976305204
3149066929
2284535562
1298371983
917895248
2283201053
472870790
956789723
772180524
1875374665
15387074
1281028327
2739055560
2708852533
1607535038
455514291
2875291940
1591010529
4262701946
2085992255
1553845824
3096076109
3483233014
1757567115
1725056796
4074252921
2614150194
1086408855
1670725560
3205034597
4026463022
2221806435
2048185364
899425041
1537799146
3400991983
2998067248
1026680957
2994274918
2200512827
375455756
3392614057
3489602210
3464252487
1975291816
592552341
422377630
2044656147
1944759044
378252609
3079805018
3909254815
825503264
3410001325
1247262166
2061952491
2975970556
2630352601
2298268946
3043425271
3654785944
702733509
332536334
1132743875
2742156788
2229699441
1849039050
2457019471
3693131792
816389853
3734046022
2573635227
2487444972
1445829385
2953894786
404510631
331703176
1594860533
304437118
1479084915
4076457188
3769607585
2445014330
1023669759
3006758400
2216610829
3896242358
785589067
4080341724
1456145209
2621588978
737632087
455403384
2951411493
2954735854
223884835
479270868
2527728593
1510649258
3379557295
2717351920
1427408189
2184149030
1108845563
3391470540
2747479913
2186808418
3910341383
1263871848
2588399189
1668425310
1197264083
2584141508
1347997185
2496217626
858922335
1872739808
3686615661
3640826774
1088360619
3435421884
385431449
3839438546
3125441207
1400185688
1555644805
3952719822
692178819
2498372020
603903025
358527626
1082487567
2939107280
688659357
2601278214
2945739099
1451229612
2400191433
67939650
758677095
644078408
647116981
3251332414
3302112819
3599360164
3298764385
619839226
845477055
2942627264
1454635213
1751365238
3647122955
1518837404
527080441
1308198834
2721592855
3938471736
1206238181
2298359470
3399031011
3086293908
2986132625
4067043178
1955308143
1790959536
3072844285
1121955302
2150948539
1405761420
1076625449
3462839842
4234451399
3941170984
1636223765
2112427038
971071379
301650564
1754967745
40774618
1299479583
2004815264
94033709
4262936918
2360736619
888589436
4265029721
2665173138
1368959351
2231266072
2500355653
3875739022
280367683
757728628
2445010161
2674199626
2388296143
4154554256
2516572253
2942398662
3192980507
1484545388
724511881
1453211394
2590991655
450761480
3032321397
2223190782
4225904883
2983310436
862152481
1232455866
1127789439
2296782208
2232018317
500513846
1529936075
1888086620
2373383353
2058783090
1648610519
36140792
1941520549
6319214
116439971
2550194004
3763615057
646406442
1657409839
885784432
3895197373
843686822
3762346363
1997435724
271681769
3991613410
1999691911
1949931240
2513338325
1582416350
1277997651
394692164
3893448577
1916851610
2122947295
1620188512
4254671853
1733666582
2972427819
2646145084
4081183001
1623405138
2584846391
2117300952
529550085
1808675662
2762020099
2549197108
2262676913
3993576970
1924288655
3174528848
1547982109
961562246
3361496795
1039694124
4216001865
3246756034
780209127
4042525384
2253496885
806142142
1478026163
2693875748
364668897
1359434362
373240383
930811200
601920077
2521858550
1727923083
3371955740
2712669561
2889435954
3940164503
1360682680
3760555365
1543793198
3441368675
3363070740
980444689
3089259242
3941285871
3889946416
752933757
1311594854
3304821819
3081924364
1150538153
3668271522
2285365063
3339021992
333378709
3127652254
956220691
2791963140
394047553
369180506
3442571679
43576608
947400877
2189282518
3238007019
2060116988
1457086937
2488325138
1920292599
248789656
152104901
2679836942
1338169283
3238071540
2082752113
2735407050
2756501327
3350279952
546935261
379116614
2423683483
1790203116
2418261513
511877762
2016244391
1751499400
3624826613
1512574590
4097201779
2122882020
342501537
1298570298
305688831
1927527680
133693197
529893302
1871302219
3080569308
483780153
742509810
2059090519
2270758520
4192897573
2712283118
3890495779
353347284
2568050385
687543466
598683311
732921584
2315679805
1414188838
1361383163
1500916428
3457342057
1314214754
507096583
2198668904
2021140821
133717342
2065143763
2053451204
4288467201
3748620570
2889823
4115889376
3942120813
2102375062
2398305195
4293693372
1237162649
1665414610
2038681015
3332424280
508187781
1753853646
1021008515
1410871476
2857342769
539662730
2582261263
2664347344
1203736221
3841667590
2573161563
40890540
981018313
123040834
3325335911
15940168
2796817333
1486167102
2868545843
3883380644
2553063777
273917434
1575251903
3001035968
3322948557
3345239414
2811517195
1345277340
2141748985
76549810
279384343
346254904
3989327589
2534516142
3791660003
160606868
2499217297
3134295658
3822443887
1745280688
3294418173
3261203686
1736264123
1612293772
1567531817
3267036450
3891672263
135290408
542776853
2092321566
1295461011
255336836
1764864449
2152420058
2654566175
2424425632
165186093
1166760022
2915378795
551418748
2897122137
3076347794
234685559
4116253208
3959191877
1811549326
1454021955
3170309236
169846769
2267542346
2320121039
2320496272
4134947677
37177286
634842907
3907734636
185290633
3586000386
659980327
4200362504
2936168565
1091824126
388332531
924746596
3385059873
730755002
3758304895
791698560
3001620621
1534907190
31302603
1718655324
182966201
4276359282
1801299927
683251192
2826884005
3254444910
103990947
4055723604
2262923345
1868941354
3256831023
3298950768
1621356989
3593665190
2864989307
2405229132
1667705833
1905686242
1412266887
1976530408
675599061
241563870
2854059347
2695025988
3707458177
1783954586
3994654175
3957578848
1239013101
2297478678
1882575147
2438932284
543968281
979122514
1319172919
2864517592
3202833925
265038414
1206951939
660453428
1414822065
3116567818
1814891407
2448750160
293455901
2349669766
949832155
3253102636
3533322313
2742835138
1783834343
1415670216
1840870709
3915675582
2474061491
2302482212
2448419553
4040620410
1062513983
3751038016
3812803917
1772034294
824553099
2384569628
3209949305
2768097842
161414807
3009117624
3603830885
1747312942
1597778275
3645895188
2274404625
142066154
357268207
692117040
2744897149
2373824614
2109341499
1795153420
280786089
1420273826
2443149895
2886356392
1828210581
1925670558
1284149267
711280900
2746856257
3477890650
4136400031
3745098784
532407213
3040863190
3909434347
3308262140
95864025
1442896658
439333367
3062684056
2747990725
2042628110
2070766275
2131500020
28182897
1505486538
4132608591
2105390608
1033241821
1614590790
2490524827
4045489132
568713481
1246783874
501910951
3468829064
530139637
3880174974
984588659
3113446116
2574298017
1911374650
3801672703
2076965888
735916557
1066081974
2821486923
453144796
1571604793
1084052466
707466583
1682515320
3849723173
2404556526
3084667939
2349479380
1875155409
130513834
4095371695
1034124784
2449763133
2785158694
52328955
918723020
1445887337
632199778
2399947015
1249961320
2335472725
530224222
2940101331
1748991172
3324826625
2700185626
2119308127
37960672
3225333869
4164471190
3941820075
4027629244
2102263193
873151698
258549943
2827510104
1734829957
2408949198
467723651
1875001268
1257003569
3369238666
2675632399
3567924688
3749642653
478546182
3155574619
2589712300
1236158921
1677343554
2430383207
3913193800
3244416693
2423968574
3884897331
1675722404
1225141345
2157006074
4035963583
2073521088
561536717
3942704246
2578580491
550698140
1722966521
3682768306
3418483735
2873265464
20373989
4248902830
2597531363
2511092116
3627895441
2937386346
894179439
1770642864
4036872189
2642435046
498185403
4133819788
3833415209
1584090146
4214476743
2968730920
3753472277
1251967518
217642387
3589369988
219460801
2432989658
204108319
2898299808
539114797
1067151190
146821483
96545404
1743910489
3191561874
2366463863
3496978712
2524744773
4144825230
336275523
1698702196
684681969
684120650
2657482703
3745150352
469286493
514399942
4064860699
2706783084
1521709705
1245302018
3521747751
3818311944
265499509
4206928126
886359795
3823587940
3379588385
2927826618
1341761919
381066112
416566157
968911414
4168502987
1934837852
455391929
1064146802
2904785623
3087512824
382756517
934369902
1390465443
1106640212
431668049
2109226
1872791343
3568565616
1143465149
2981646758
1882435451
1839681868
745066217
949861858
1154881159
4280374504
2269586901
3918933982
1618626643
2939888708
20010369
289743770
3872755935
4134640480
4096166381
958911766
2502687787
3120649788
1717743385
2656125010
2984007223
1040363736
2110419205
367403342
246164227
2336606004
1410808753
1532556298
3922970255
2767091024
3619896093
2221274246
969553115
2849003308
632642377
382672578
2949726695
3179989192
2276280373
4225248958
2101442995
1432675876
57634273
1300406394
2811635775
1156156224
649132109
3112808438
2000247179
2789430300
2076431225
4129184050
1292884375
2052627640
3540167525
2221103150
3938792547
2628223252
1291643921
3165202666
4191663599
1726078256
3512910205
3765045094
1566861883
541674764
1588664233
2919624610
2595429703
348859560
1587387029
2990448030
1686264595
4024211460
3947017793
1400081754
353595295
3071699744
2970326701
1386085078
2734057195
2157003260
3646957529
1041031698
1553337591
3238099096
705762757
299958030
1988357571
3448974068
1166265457
38325706
948196687
3984995600
3080615901
729582150
1431981979
394932972
997458953
2742694018
3109267623
920289416
1706040565
696351870
3683970163
2484746724
2680368801
1867508282
1579509503
3186637568
533619981
3088889270
2293965899
224600028
1229958201
1230297842
3930517591
2717205624
2727194661
3910604270
759191331
1904264404
1254350033
1718608554
3937510575
3352526064
2634964541
3881139494
134472955
1376454860
1813389417
2019811682
3951748103
2444280936
41733973
442026846
2479959507
1402325956
3557349121
1229960986
1571032671
2255420128
2341561197
3116228758
81760683
2368794044
3786039449
3341698002
737838007
3911975000
1745910405
3502087374
1985114243
3622325940
903159089
2136369034
20423695
1086436560
541750429
2980896774
3350800987
239324844
3970919625
2314928706
1026608999
3477469256
2795221429
3648817726
714022707
1002917284
120303457
3853186042
2590467519
4186614464
2565640653
1127840630
1606135563
3161631644
76039417
1121000626
2206779159
2661133368
2989585637
730633134
2769435107
1279379604
2882506129
1060396138
418272111
1598610608
1810545405
1144697574
1389502395
111969420
89647401
293049122
3860687559
3583122472
3483681813
1470413086
690405523
1445379972
2219030465
2761531610
1195863327
3158002336
2021126189
1548191318
1302821995
3550501244
1610701145
594896274
2127149687
105007128
3297288005
4164680334
4174885699
369439348
499854833
4097950026
2058203855
3865113744
914829661
1958147526
3550922011
1908222572
1244108169
605131778
1244182055
3331141640
120587893
562649086
82842099
2821464420
1651044385
1112784314
1125917823
796449408
3872095885
681574710
4009425355
2268198748
3995966905
2891128434
3616890327
2685522936
4004379045
3515076974
2633686179
2024442964
3370122833
1219925546
458080815
1426193520
3266828221
886679718
3767474811
32358476
2604036585
3003188450
4180324743
3093480
3805640917
1608672990
524489555
860844868
2226346113
3608234650
415075295
1882937952
746536173
3891981334
3490588459
127894844
4112847385
4238493522
1942204727
671371224
2352579589
3994818638
2832446979
3014252084
3055943345
1120590602
2611380623
3861115984
3742674461
2455423878
2078482395
3853927980
614235721
2340283842
2935708903
477112264
70064949
3613910462
3312960691
4110988580
2587554017
3607775098
4278428479
1467664960
506145613
4128261878
3912828043
23135004
117421689
261808178
1697428631
2517744568
79904357
549244718
532299619
41619476
3132436241
1152815082
1217392879
2428427312
3862279293
3069337190
335205691
3348020236
1584511657
1455437474
1400027207
4048030632
416214421
3906065566
820389395
3872384772
504871233
309769306
3636882079
2049911328
476531117
3398963670
2664665579
2632872188
30771929
3161778450
3920127991
506599320
3420661957
3625842190
4043733187
2627090932
2007338865
212972746
451022927
130724880
3199396573
3898106182
2200844955
3455001068
214837001
2583689090
4201169831
2427379592
3662868469
2430088062
2263234419
4263315684
1466020257
3046019386
886956543
693139968
332109837
4182396086
3241529163
2126499548
264146745
3060294130
1796131671
811426680
1630618405
519539950
4161823267
3044234196
1510940625
3035908522
3077889967
3124722672
3676590397
2286212134
265637883
2605676492
1070187369
3061131362
3820322567
1218225000
240198229
1748173406
3637508307
745020100
1496373761
1216994842
1310853471
1909897696
2096109165
836695958
2360851627
3343719612
2798830489
2360167122
2134367927
2022416216
1346735493
2617349070
4231003011
2089442740
2601115697
3015069322
1864392463
3541382096
975300509
342865670
1816663387
1311227308
1400672201
3914844482
2066803303
2735298376
2254537909
2744795454
603679283
1596529828
43856481
2946538234
191553727
481946048
1550632141
1074664054
2846972427
319707804
2301241337
2860229554
3892027927
3736390456
817367013
2448689838
2965193955
492001172
1068355729
3677340522
1052544623
960748464
1715711485
647039462
3068037819
2163209100
4026436649
1272961570
1488127431
1710029608
538711829
331739166
1371573139
2144865924
4273912513
722126810
4287653919
2935097760
1121559341
193961302
746235755
2054916220
3302800473
1460366482
2469533047
2261837592
2787160645
3750162830
3037740611
3209052532
420671729
1503176778
3475074511
2411950992
1981916253
1952500934
2045816859
1243617644
157792393
3544537858
1075040551
2470416136
3306740085
627969790
930569459
1944907876
3299701537
1459643578
1768595327
1769412992
1288614285
2551945270
2506859723
2450302556
3020062905
3046417778
2595436759
3503813368
1612156069
4285679726
2491475875
2245729108
3293659473
3106471210
1965489455
898366320
206817981
3482779558
2882962811
1009790796
3754956009
1354779618
556485767
1761153768
1794100181
3779763678
2524438099
484426308
2541837185
733573530
869369567
1229003104
585363437
90833686
3504099883
1782166588
4239619353
3310308946
1146555447
1489104600
439654149
141430606
3328655619
2424956212
2860564913
3759718922
832912527
1167422288
1467097373
636199558
2934442715
1704473900
4283408713
1904782530
399603687
1628538568
322498101
3960708286
471470003
1479050276
2253550561
4251840122
4120714815
122161472
4189150797
2402475510
925151115
2407182876
2433194361
1634953010
32870295
4136032952
2618282341
2905753134
2921024099
4207582996
12153361
278918890
2977180655
2530728752
303343485
2165749094
1367162939
1355819788
1073634729
3201727906
1809732423
830532264
3414966421
2256604062
1639313683
4282332676
1815657537
2086001498
4054148511
411298080
2446261421
2368612566
2359082219
172466172
2937515481
1094250514
1902559991
3189683864
3108060101
1014426894
2599748547
3692382452
3356709489
3908475850
1298910031
3159044880
2194890205
114309190
3454936475
72356076
3321121289
2648817282
2435440295
3426696840
2910962421
2370497150
3970138739
3885750244
4031526049
3030988858
381836543
2917972224
936692493
1930683318
27032139
1595440604
3774444089
4158122226
1552066135
4286677624
1365300773
2700346350
3360451875
1205986004
3450233553
1666494634
174332591
82279152
2084979773
4174392102
3398613755
42985164
21587561
1340239714
663493127
1598325352
3736171861
2032744798
775603155
3803605444
2242174209
245368090
4291560543
3027925216
3294284141
3499888278
846981035
2389003196
4240909977
4102574546
3105962423
1185365592
1342611589
1633782478
1568245379
1302883508
2861212465
3589420426
2570394127
2074391248
1560631965
3033435654
1505951835
1242016940
2920657609
4061171778
4208788839
1418245704
2427672501
1590949950
2211689779
3188124580
1801106785
1316110842
4086979519
3575982272
2616784845
1367255414
663946507
346425756
613944057
2189568690
2837085463
1535633976
2898959077
2692186542
1842630627
4175488660
3285717905
4077333098
1454819695
3883588272
262709501
3028508902
4191614395
1429168780
3564187433
2107908386
49586375
1375984168
18835989
4009961246
918967955
1124425092
2894446017
2488790746
3842335519
1961150624
2940687917
3178476630
1429852779
3931289468
3330547545
3372053394
2051436663
1109100056
1799669061
485353614
4172597571
1359171700
1252439025
3368783690
1270950095
3412193936
180885341
2376508358
2502335259
444532844
3363036041
3352633858
1672145959
967699976
2039327861
1986971134
2087364595
925482852
540931617
1552485306
1927617151
3031521408
2061362317
4164103990
2613596107
2212713820
2627953593
3409063026
2793214935
978981368
2601328549
830259054
3916624547
1502063188
1007584337
3245827114
757872687
1716648560
1358675389
4059059878
2181689467
208576076
708163561
2178650850
1826088839
696185320
1335238357
3721319646
1981327699
1542197572
1771789953
2134743194
3893461471
1904400480
122987245
24451606
1201044779
3520062268
2903365657
1750619474
3549849399
3225128408
1471916549
3571189326
392612867
300282932
1629979825
2739054858
1540355983
3007509072
1893438493
2937616774
2195256795
427172908
3855533129
955216834
2589168359
2070865352
3838886197
2849723326
824728243
1858360100
4155897569
816682362
996317503
1146177600
3913519437
4109464822
284973707
1083203868
1239121017
1537732146
3546966679
2344090040
3370673253
2579741998
1172854115
1972776468
1326036241
2422562282
3833882351
1764547120
2231343741
2933328998
3320556347
2886572556
861339817
1447609506
2482368071
3312830888
2799014805
4216079006
2800860179
690652420
94748481
17891930
263217311
2182391840
1094889389
174079958
475129835
3097284348
287592665
1012463378
2748390903
2428982680
573263557
2934694926
609193667
2081445876
1724716401
118981322
2149680719
4211585552
872403165
4142141254
3852079259
2863464428
2531683593
522159490
764869031
3649805704
255628789
2396627326
3167538547
1083614948
2592257953
3701464890
3016939519
1002764288
3152674317
2507766454
4193199435
2657955036
3976222009
2107863026
1856143703
4284588408
2736548133
3742137070
1307867171
416051668
3582567889
3784382378
2474595759
2546694640
2960406333
2834792998
3896255995
2009880012
3767863657
3031152226
1729017095
3316146536
2745026645
3174789214
1142001363
1719711940
2305089537
194128922
581042015
1046099936
2446425197
99952022
2787906219
3531176636
327649689
1858033874
2310444215
1132387672
2538845061
2430435790
1244598659
994212788
2488755761
1443503242
796251407
711995856
3103051165
46753030
1076489051
4058225580
746247625
337991490
1815421031
3552843080
4119931573
2066329406
4195876915
1214298788
1902393441
840952058
49665727
315385792
2274437837
3884662902
2304815115
2973350044
114421241
988066226
1994741783
85395768
1449733605
3340171438
2354535139
3471472020
1749964433
4139422058
282920047
1508759984
2551813117
1578219494
3418054843
1936380300
3803173417
381970466
2497854407
2312550696
2729360661
1499225630
2285379987
2410589316
3180904641
1350637018
2812698143
4262692768
3988850989
3790850902
2011495787
321250940
2499248729
3914037906
3825650551
673326360
1140119621
544268174
1942312003
3141295988
3800463089
2983884362
2693587919
2302439824
612010589
814250694
3578299931
3537500012
3075210889
1908467970
1693320999
2849525000
1418624885
2223734014
2211050227
3789721188
2769975585
3270357690
260806015
19371904
2700679053
3102131766
2987457227
1286997084
3624945337
1563145074
2868047575
3432526072
3482235557
3617797742
1271987619
3819977044
1612171089
3517041450
4082987823
3612604784
3232739517
199601574
321477499
1655246156
2858900201
3058883042
2351989383
834719976
3234361813
3312389086
1847948371
3765723204
721510785
1100857242
3850206431
3640694624
164713965
1276915990
3829180459
778179132
909392665
1438473298
3514942007
1316039896
1959705861
3278241102
1272076035
666764084
169494449
4232613898
3391533711
523006288
1532036893
2648789126
2813714651
4048556844
135915337
1370634946
3867258343
1535657160
2834601013
2160003774
3030558131
685515300
509966817
3771284602
2152993855
4271277888
484557901
2538343414
650118539
77729820
1635475321
1849193778
2307605911
1168447672
3142383461
1450259502
2535546979
1658699028
3584423953
872858858
2445320687
4156414256
1861651837
2956157798
558241339
3376875788
1752933289
2367097762
2075756871
2636556456
3668633237
3073603998
2962851603
1418843140
442417729
279456090
3806813087
2799789856
1522688685
2989381334
4260565739
2548956668
1476244441
500497938
820476151
2251027608
916545989
2675759886
1024858563
1820813044
2211633265
3608439242
1661157711
3019911440
37241821
680781382
2050096027
2969956076
2946797577
2377731202
2142246055
2828270728
797141237
92559486
2808223859
4178408932
2248489633
2641528378
3155120895
3269015296
3490394381
3497726390
1512951883
750640092
1674786873
3083532018
1366187095
536723576
2254699557
1228993006
956859171
405995732
2713250001
2678685354
46567599
1659599088
2813209149
146463014
416387323
3942958284
229420137
1422982498
1379749895
1808285800
2367036245
2758387550
3394525651
2814838724
2490426113
2942325530
1722022495
4285920992
357838701
1105869974
2546482603
2206837180
454290585
1800560594
2700603319
1595047000
1445774981
2591389902
1917885571
894995124
2289051953
2751333258
3789721615
3480727760
2112897181
1851800582
3481065051
901483180
4272683209
3214286402
2134457191
280720456
3841654197
1755014718
919096115
3996551588
1153022817
3400110074
3917304255
3316623040
1328897485
1916000118
2132433675
3637077916
1607979257
1134770354
22819607
3412207672
1569964261
1976725422
3158730211
2406483092
1561368977
1447688298
489635695
2157762736
798394109
2470186726
3700149179
3416408204
1253733673
2269163298
3195786951
4251293736
885657621
3268515102
4128631955
1439955844
1643627457
3481681114
4151531807
981354144
776387629
3910132310
1148987499
3841267068
1614210393
670400914
2155030135
686081048
1613818693
1510987406
3594641219
3992022644
280115697
2227526986
2105843407
3109220496
4080598365
3439743430
3931533595
1664149100
99623305
1091088386
4091355687
3552488456
2249937525
3217306622
4254416371
1679252836
2202205217
4197341626
4015919231
1054463616
4011870861
1245076790
2286265803
3699684188
2521377209
3682679410
1477757399
2006077432
765216165
1642442094
1805322403
341100628
1617758801
1504195114
2008722991
2022832240
2339349437
2373387430
255116923
786398284
2422537705
1579557090
792010119
1908322280
4001809621
137052894
782122835
2591600452
196306049
3805931162
3692394463
1874482784
1515849965
1432307734
1456395051
1878016316
3357974041
4252918610
3994623287
4083338200
2708328453
1141634126
329900547
3255964212
3579382449
1529509642
749301135
2035413072
1188198941
1648764806
3447639003
3710255660
2519796297
735117762
2891696359
4049445832
2409916213
3770597822
1451815091
1987047716
710999265
2109793146
1953599295
639092288
3297507149
3863126774
678408331
3417292572
132596345
153418802
3562545303
340670392
2738719333
1396353838
1371958115
2996915220
3297655569
1803824106
1764285679
847960112
4294541437
4113283686
327975227
2558294028
258754217
3544273570
3542688839
2828240808
2534160789
708227230
783110675
1903502084
3663971649
454774874
457856671
1995056672
239998381
4103630294
3783278059
2554014972
3013809881
1437402386
3366573047
2387383192
648246469
2116669966
2504565955
2642048500
1327799153
3370995914
2786131023
3610554384
494712541
199212358
1001776795
123395564
1076802313
1504646018
930426791
693656456
1045838837
1632309118
1550017395
16794852
3805527457
1730227514
3749170687
858355200
2755159053
2484644022
3529014091
4194994908
1970412345
374242802
3034986327
1364582264
725061413
1334929646
965250595
907382740
1647586257
228451754
138005423
1447524336
2448694589
2283417638
206765051
1278817228
3096465257
2689746018
2568481543
1101274984
3407507029
2662587998
1896031443
2525583044
3603490305
1779071514
2077357407
3889018336
2128798317
4101723030
3075500203
2442516668
1131171737
1514235602
2934262455
2304908120
3163675013
3995693006
2245928835
736795060
3067407409
802024074
1618692879
1522216912
3690443677
1737691910
3082535259
93288876
1420368841
1684202818
3823720039
4218344264
2398146741
2536054078
3924071987
2676512932
358301281
2282698490
1462815935
3721323968
585470157
1635282550
3099592203
2069173916
1604957177
213761970
4169076247
2657699640
4064957413
480896686
2913038563
712086420
3525237905
2176147306
732789359
1267193776
102726141
3288491494
3695720123
1305849740
1016141865
1058600482
801206727
2628810536
3882967829
2606943262
811579283
2239056516
3382888129
2171036634
2221691935
438633888
2698538797
1120401750
1795117931
1338000508
1480738905
4110125202
4287332727
878928664
4026072645
969592206
3492440643
3642916212
86637809
2978759754
2460506575
1269133200
2802020445
3542100166
2219858971
3145979244
3831514249
2779543298
3229105447
2808154888
1043604853
2551769854
2580318451
2915576932
3937894177
1917518010
3260844927
1573393792
2505276813
471987254
3462811851
592405084
122555577
3056779634
1575134423
726167288
3845511333
1078207598
4174451619
3681900372
1829653841
3381303594
1782835503
973862768
3778778813
3869531046
640430459
1628564300
204382441
3914688482
98941063
3648556776
147920853
369326558
1736641107
2046361156
1001482113
3539078554
2077848287
632296800
686734317
2369675030
1330445867
2256171068
2464481561
3483069010
3646715959
2668653272
228123397
3335383886
518876419
3504480564
4075015601
803757578
861415567
2981326672
1667231005
1816592006
2754852571
3438801196
3222547785
927713474
2615272423
753861320
3370138165
970619070
3336256435
1199554596
1269333985
2006223482
3350923839
2866087232
272771661
1372928502
3322633099
2243522076
1830757753
2624422706
1674640279
3887290040
2964987237
2105902
634877539
1424022292
1271037457
2799538922
448600047
160683824
1745384317
3988787558
1287580731
162391820
1479076265
2563217826
1246019399
3619448488
200903829
3293964190
3509394707
1876193796
1974782017
2422896474
1759072671
3794724128
2347092141
1100907734
1996056811
2844023804
1410628057
1407257618
454569719
2569613976
573671365
3136473358
3706138563
4276716788
4173487729
1285699530
4182423375
1420111632
3050121693
281515078
3659911579
2645282028
2021971465
4076919426
82201255
1272494728
1807027957
304989822
2345709171
1215239140
3773710497
2846610490
3456911615
2092283136
1752274701
1347567542
309274187
4132649436
1373437497
154010866
1225396823
2204761720
3247907365
1644027886
4285831459
1651777236
1190883025
2607697066
1406731951
1642034928
2672169021
2534770470
1925211899
2338955980
289403497
120556386
3953034759
926678632
2376778069
471471454
3894276051
583509444
2154621185
2878382362
304869471
3881923808
4269643117
2376624790
3032781739
3969779644
3163599513
2878107090
1669244343
2993535576
4202884229
4227425998
886551171
251177140
1334161201
1769591178
1530922511
3157962448
51062429
1583475206
2833689691
1365207212
1584545481
1921756226
1246064999
2212377160
594715573
1993528382
3278692659
1280714660
323535201
3662732794
4228925375
1261053120
849462221
626591094
3864113419
2296169884
910661369
104089266
206432535
1848403512
1150084837
731733422
275282915
2414813844
4151910289
3908879978
3965171055
2863584944
1270115581
1617214694
2062590395
3926204044
3895704361
2924297506
2561871047
1471632936
3936663061
1393558302
3876946579
244488580
614058433
3592719066
4270935839
2366096544
1970676269
1595674710
2607709803
1132950396
2904140633
3227357074
290446455
983433752
592253253
799130766
293532995
1825541236
4025335793
2821663562
2415400143
808709776
1876550493
3000369094
1396066075
3419587692
2191288201
262946306
2059360295
348088840
2899900533
2106171902
141546483
2935290724
192414241
2604902330
948373119
1307726976
3281170573
2661911350
879950795
286658908
1528754105
1564493938
1818001367
3619327480
643525541
3804142446
2742230691
689038932
3053162577
2437480490
2063148079
197260912
4061366717
2272113318
135240827
3913308748
1304708073
3353390818
3225572231
1492020712
1067936469
1593290974
3369325907
1861569860
3942345345
2179347610
1959357919
3940668512
2777640685
1673098774
2109155627
1644207932
3329188889
1007972690
1129042743
1098516952
3914331653
3148603982
496826371
1143877684
2461700273
3934405898
2385699727
3092311632
3774439453
736351622
3688145371
2965757996
3049476169
3827470274
1695809255
4265370056
2225605941
4229050302
3046737587
2349567780
2990277345
1044656506
707822911
2093892672
805592397
1241764086
2945648267
582950172
3240298617
2551319090
3891648151
2949936568
331526245
3441531182
3277095267
966552084
2604843281
1444084202
1451053807
1826149936
3609421437
166750310
2094880571
215701004
1924238505
1302978722
2433505863
446776744
1769136021
4119928478
1209591827
1068482820
475122497
3767901786
2073316511
3635389472
59341741
155229142
1851692011
3150547708
1766972633
2289111826
3627190775
2529284504
1498127045
3319250958
3287399107
2161415156
2964070769
3526565578
212890191
475115024
4213808349
2806737734
92388507
1677245420
2292644105
3383665026
2550359463
1382792
3886014965
2284617086
3853121907
3210339044
2958345121
3574758202
936166399
2407396352
1287047693
1965545142
3396456779
295168220
689168697
6917106
3185175895
2788826488
2038609189
4035335918
986489891
2370743764
2148446673
3105534890
2510569903
1974695408
4288938813
2779569702
4229550587
2559971788
1203475817
4184396386
4191232263
1016061288
80155733
2359053406
3752114899
1015149764
3244092417
3824338970
3652315999
3996201952
3290712173
2104590742
1076149931
2225223356
3061912985
3476255954
1858338999
3392493912
1073741701
870669774
792542595
3464673204
2189586993
3238115466
2184233231
3824561616
589994397
3268198662
1392351067
153835436
1275552201
1511027522
1649249383
2584318280
3531634357
2006485822
1935748147
3835688612
1854030945
829326586
2283520703
4257309632
2926180045
768973942
3083820043
4049630364
330398201
2684800434
3972580375
715883832
2220587493
313316526
2493220579
2951262612
4246692497
4229967210
254668911
2383533488
810901501
3630371814
1753550011
2419101068
2107792937
1155367970
2840635335
511325480
1852049685
1507408414
3392621971
3777751172
2732379329
1035842010
367151647
2200339360
3693073709
2920032086
2244585835
2957681276
2394754649
4196112018
1707095927
731160856
707601477
2878651278
1245675587
2566429556
16614129
3635286602
628346831
1459514768
2109494877
3693598406
117977627
2216538988
279218825
4010280194
3534910247
198822152
34196341
3759560958
4185857779
1469958756
361006369
3843575482
31293823
4283995008
2849891213
1103962678
1785439947
2514010204
3250311865
1084870514
864180951
1827187960
554499749
3109360238
461449635
3978982740
1798624081
551773994
1507483439
3719558512
3992419517
3755149734
1692338043
3077228876
2233853673
1774712290
239791751
3760213224
3272195541
1393027038
43032659
1768791108
1234267521
1605786522
1994746079
2941227872
3940845
1221627158
2450347051
4068658748
2462435097
3001645138
3689360951
3399461080
1687357701
2460342606
3216540419
200687412
3839710129
4210568202
3979976335
2099932496
4020163357
287091846
610372827
2022690604
2805887817
2723501762
3086096871
1430634696
4076593205
2540037822
3536048563
873684516
2384168417
1104140410
1272053823
2349040448
1406308429
1053714422
2500243851
2462108700
871558009
1813156146
281457047
1555141816
4233577317
708775982
3661466723
1356069140
3809412113
3911475434
3429469679
1280955696
2102024573
3116154726
1407697467
2449786124
2399547305
1642604450
1468003655
1631724712
3749196437
770200990
1131459347
3506900996
4265266753
2073871706
58410911
1248617248
2771988141
3145642710
2008006379
3205151228
593182681
1667045906
2952324343
1997959320
4226919877
249083662
4201137603
322675444
2799821937
3382707658
2420256079
507129104
496111581
1063993926
1841932187
1245817580
2694126601
1303931010
2697756839
906852488
3793138933
860304510
435111027
1438691812
2164737697
1498751546
3434692351
1535259392
2164784397
1922657718
2858449995
1004050396
722912313
1812009714
3277178967
2848341112
2197440549
1797967342
2609950499
2795846868
1030616273
3601013418
2107341999
2177070320
3809343037
601896230
1482636539
1673429196
2349021289
3875412322
1940896775
1100987496
1617913685
1614447454
127370707
3552068548
3382243073
2201022234
2187585119
3963417312
4292279149
869701782
158394795
1235379644
1631418521
892763090
2159369143
3233347672
3171488389
99439822
621725827
1518913204
2144023857
2791677834
2236447759
3253578960
1817578653
80975878
1711309403
485705388
1298695369
2331064898
3691095911
770764872
3424274869
159007294
2848028467
1483064740
1460127585
4251462650
2874359231
3851723456
3325962701
3941479286
3711502091
2766152604
669474041
1245009074
1240440599
3286672440
3786804453
1104694190
3929706979
2052997268
319923601
723489898
1144007535
3853571248
3825357565
2617076454
1426421691
811072652
752681257
1925827362
295322311
3774420008
2729401365
532574494
2311395475
3980474244
1953222593
674420954
2053063967
3967894176
81102893
2677554774
3658536043
2248790396
757887321
305503634
2900136567
4148641816
882456389
497267342
711723843
1302178420
1750681073
3003709770
52136655
2953112720
11192669
3205868998
1338383643
3563364972
3195579785
3015691266
2018610727
2091919368
1841733237
801050622
486173171
2546112868
954009633
3217618362
3462397055
1643827840
2016745101
1972156726
542134731
2711056220
1797567929
3496957554
1666463191
3671247864
88773029
872909166
284898467
398394452
3166312017
3898199594
3068631599
2682385520
82276285
1607753894
3969544827
3146856524
3797125609
1057701090
2684324231
1594764264
3271037141
1647582942
3300485971
1499589444
2272489601
3697443482
841835487
1660506720
1760875757
2894308374
1011842859
671153468
669526553
2753199954
1395558711
713115608
2942442501
3149647950
3040873987
406474292
424416945
3511292682
7100815
4030721104
3209709085
2347860870
769292251
341163564
3297089097
3789823426
1148990695
571154376
1138471733
2077597118
3462012083
798436644
256313569
4063723386
3701439295
3363095104
2880226125
2687827702
644242571
3317594908
4119776889
2288982066
2386791575
3729437624
2591544933
2272823086
445814627
2324138004
1395083025
3490826218
746703087
2551632944
2323467389
1831147110
2178821435
2301244428
3710309033
1166175906
1302302791
2610889640
2651424149
3713764510
1932819987
333078276
1265619265
3514821722
2962113183
660939296
2700403117
3361262038
1122822635
2739398908
2989531865
1420108050
1382760439
707202968
975421637
99986958
810209475
2787029492
191080305
2733173962
872409167
1247718416
1292272349
1227299142
3271398043
1082563052
4031725321
4011732866
3477183399
3720468360
2333706229
2206067582
3634401139
4221796580
2198194593
2792606010
1020377599
3502404096
895823885
3097953462
1648043851
1695893212
2279974713
3153369586
159228759
2114870136
234740517
1105937646
3519068707
2658651092
2937665489
1678213546
3149838255
1980724208
2038688061
2175765542
932227067
3705860044
236378985
1072652386
154818311
913021800
3500390997
116701790
267800787
3630863044
3374379521
4182447642
3158434143
3515134432
3784683117
551006102
3232306347
731813052
3972389785
1301643986
1230157495
2247661400
2711496069
3792784334
3326890883
2735396276
2002778161
2309326474
345388815
1176579024
244154269
2490789638
2448387419
2092381612
2459281353
1965949250
1734460007
798248776
1077943477
2625108286
378389043
2544342180
4242098785
2923287290
364296383
4070826432
2854116557
3433220726
110014987
2472268444
2733195257
1958730674
3552737815
702399288
2359074789
689947310
3242564835
3746549652
1766844561
3858430826
996042351
2710295472
2528855549
456376806
4033995451
3128650636
635675689
2819756578
2173689287
2402546472
3079057173
348104734
3586057107
584222340
3376861889
92536794
3691528223
3105358240
530004781
2747290966
1212415851
3032809596
3093812313
2024514706
2527391095
2377506584
1922124357
4123961742
1644467779
2059319668
1442908401
2805981258
3639559631
726100880
681917533
3416229062
3715106843
2896662892
3155742857
3453195010
463251751
1463977736
537882997
3699623678
585217267
1600350308
2776730401
2606079162
1309570943
1708724608
1587038605
2850574390
102825163
609361500
2270795961
2089868658
2882670807
293137144
51651749
3268804718
870399907
2563740500
3666565457
1470903594
1109447983
1112273776
1726177981
2003941286
1329716603
3853756236
2504862953
3081405410
627057799
3317172968
1869767637
4236006878
3209573971
785529412
3567350657
1743432090
1453416159
4125036896
263817197
4275223318
746433067
4068158524
3050736921
2141685330
1495393335
1360979672
4189925125
2800600910
2922617091
1492802868
1611061681
3715627530
2009797775
26307408
2148383005
207772294
2822726363
1947708716
1033419081
315548866
3132248039
1418493640
2806482485
425809086
1482450867
1855388708
1706986465
3212519034
2358834751
572653888
1737684557
3728184822
330434443
2880973340
905359737
1562877746
275539863
614453944
505702757
1422786094
877896291
3602323220
462129681
2061184746
650511343
1074778928
784088957
2485742950
3066075195
3796607756
2366862761
1752741282
594225991
3115836072
3576092821
1944765342
2271496467
4163481092
871420993
1379865434
852311455
1603920160
649893037
2681135318
2148930795
1484855292
1171391961
3427346450
1871289079
2683547288
1138873285
456041742
362372035
696107252
238119537
3457012682
2817106767
2428447504
3112629725
880734278
3038608795
919046380
2815779337
501216898
3546461863
3878827656
313023221
3905987198
3518880371
2701283300
3864022177
745435194
940979455
3745427712
2580439821
3075513270
2718028363
2102261212
1870694969
1615077618
1079082583
319978104
1250782757
3838295022
2371667235
1690720980
84966097
3511150762
914095
1117221616
4077247549
790291238
1236144891
4093861580
4260789865
1950132066
1785786887
183728744
2237926741
4039831902
2831227859
983097796
4025808129
3057728794
927718495
2382917856
2573230445
3027551894
365772715
446088124
2300198553
2286979538
2023494071
166999640
499071109
944849614
3270893187
2550719668
2571156273
3670109578
3758813711
1620093648
969994909
3786753542
2261407835
410461356
1267649225
2294728770
3027098983
2398334536
1592913845
2693902398
1774587187
2456118180
2415316321
3018815994
2001089471
351215808
2315947981
1123246454
3822083339
2899542428
3031900921
2410046130
977360151
1284563512
3037672165
948124078
3384584163
3468517012
802827153
2628936298
2763563375
2980238000
2021669117
3322288358
3939126715
513464972
2562082601
1421236514
2838591687
422236712
3706323477
2833047326
1579462291
1910494596
3513636289
1169237722
3940367135
3639263392
1550118445
713321558
2153982571
746336124
1617901401
2642258834
3541649527
3739254296
336944453
2752880782
2701730115
274450548
4193569777
626181962
1458503887
3099978384
632008541
1908759494
1611002651
4242964588
965014409
2906872322
1821623335
2341529096
1222919285
1449426430
3140812787
2659202916
2339507745
3888006074
820572799
4210249856
2366078093
1323296566
3420301259
235457884
1180335033
3037619314
3170626519
14354936
1248442277
3586160494
875776675
1616650836
4104690769
3738868778
2877689903
3035755120
1139496381
2527792806
1020610683
634525260
3457339369
1134938850
1315749767
69069288
4168660693
2447412446
2723086675
3653142852
1629189761
1917767834
2487310815
1476448352
613038829
2948452886
311940395
1106336572
1821437977
3046149458
2646687543
779650520
1940144645
3292249678
1519592451
3191237684
3909983409
2407653642
55955343
2703157840
1641491485
40841606
1133530587
2278923308
1115151433
2769660866
3398724327
3704217032
1295997237
3758689214
550154931
3776105252
3246526177
429575546
197030207
2299215936
3078957389
1758866678
216642187
883808540
623547513
1513891378
1195459223
531689912
3076324453
37713198
3615534435
627222036
1815858449
1501599210
1798717167
876925488
2584162941
2664023142
2727281467
2372473356
3469482153
986381474
2296563271
2878128552
3033541525
1637218974
805311507
1844772100
3887978305
1843018330
976763039
3809124384
1720731565
2984310742
3744153579
3468052220
239036633
977874706
3075732983
3363589528
1227613893
3196296206
1515448003
2371407860
3746246001
3138304714
2617204303
3780880912
2467522781
1903347526
4096354459
486832108
4146562313
1241365890
1563414951
1113494920
2831363573
3544144254
3041338739
903683812
3672559521
1531254586
1854320639
1995894784
3728971277
3734385334
431258955
1954718940
300379449
3371149298
399595863
1490196856
1755906341
3284153070
2120536099
3918588372
1867759057
2388938666
4203294127
3613094384
2140393277
2619488806
1052212731
2568998348
2342658409
4091932258
1196657927
2939640168
2930794581
2377984094
2180507347
3930271940
1846867969
705913882
2743195487
298332128
1463227501
1588452758
3101518507
109769404
1715118489
1432850642
3197201591
1017894232
1634487173
2024618446
3406522755
696447924
359497265
163140746
2544610575
20720080
505439645
1552948486
4103160667
3761443756
2824072649
901484354
1931868263
1007619400
1479525045
2244437822
1399478323
949957284
1080053857
2122129658
2147593919
1014390720
2516763341
3185571958
620627979
3779539100
2370897401
183036338
762064919
469762360
2332935653
3758272686
3013587683
950463892
2528145041
3209021802
809426031
99996080
3109104637
208957414
4094605499
1287014796
3042241065
3904282658
947852231
1860022568
1121539349
1276515870
3539368339
3395888260
3168852161
1488604634
1457403423
1006206880
3946750253
2749662038
846091627
3710869116
1430428249
4037784210
305767287
3670482200
1227190341
2558039950
2541333571
4269070196
2218036977
2638327370
756726735
1216375184
666772061
562508486
2273828379
3038867308
1723668105
3255771394
456580903
161170696
407181173
224474366
2515815155
1159267940
447648033
352512698
653225343
290033536
864202637
3564338742
