2968213107
834247652
3018270881
884972602
1203597567
681884928
683998989
2013169590
3269381707
3505308124
2884822585
4273655026
1625307735
4114220664
878152229
120793070
2782478627
1484826324
198072017
1251218602
3463720623
1437630192
303265853
1794363174
3451522811
185019084
2557467241
2735625058
564047367
3979216488
35989845
4089535838
2320275411
1578511812
362402049
3410520346
1882265695
2744417504
2856648045
3795366550
2227714987
1505595324
526031513
3393009106
3928542647
1023525464
3342292101
1787997902
3981466243
3892916404
864851761
1715706250
523185679
3780097744
239898269
673460742
1484018779
343994540
3948291785
277771330
4095318375
2475965000
1054935989
14556222
1286572339
1000910756
1688840545
1085056506
1214869439
2577476800
1675439053
2026720630
2145999115
713051548
3687153401
1074335410
1271664919
3548671544
1161121509
1973069230
3304399843
771992212
1957955473
1701482090
2207964527
50847408
157930749
1913324774
2836548027
313173644
885760809
3228828962
2153460935
53567016
117906965
561990430
3245091475
334045572
741257665
891572954
1128167199
4022520992
3324348973
2205440086
2828674667
3148807036
3477836633
123099026
1403126903
1018825240
837384517
1728253070
2887753027
2984776820
2153555953
3594580810
2223979727
3184588432
4194519901
1583368134
703328027
2080132204
1223184265
133629442
1782284327
2650632712
607084661
576514558
2648341491
743408484
3275811361
2766630842
2139631231
1190222976
3451263117
1709560630
1597154251
29464924
872732601
2740785266
4219643863
949655032
485217189
428073838
237487779
4147015252
3550378065
2734606378
1457802287
3500342896
1655763389
517733030
2975417467
1122886220
1204038633
407860962
2173860743
32536040
1811010261
1815017694
2203221331
3327382852
1291342465
3895327898
3357447647
4230274144
52877037
2681847318
1879757099
1831872316
2416528409
1934965074
1766193975
3273527768
2715049477
64301646
1113956355
2102310964
3079764145
299633930
3681684367
3061184080
1376438301
20323718
2175945179
3589761068
2641836105
4273297346
3258459879
151153096
3219551541
61700030
4281085619
527308580
3094145761
3006265722
2480516415
676678720
2064631117
3439859958
326807179
3933381916
3044077689
2994131506
4005822103
339508664
1748703333
950985006
2352032099
3217093140
1095608593
3306209770
2668657391
2789334576
1655230077
1864806502
1229913915
529587724
35222697
2757798050
1409581639
3375058344
228935573
2307942046
2327810067
1897285892
3233198913
371549786
93418655
2692394016
3590906797
2770920406
3990502379
3791721212
3260269785
2012863250
164934135
2683165080
599261893
1724450830
451044035
905780212
1374357873
3134514890
3667368527
2466166288
3139634397
3999642438
579298459
2251441132
2042814729
3465111938
2328858023
2489524616
1321617909
982500734
2338627955
4039404260
3974998945
2101756730
3961383935
4119657472
1084895757
4227079862
260143435
944992476
550095161
3071693810
1682969943
371860856
2481134885
3638271726
164711459
1400583636
2525075921
1298168746
1927244207
732200432
236022589
548087334
2478012923
3964901836
1418427753
510106210
3866183943
4171359592
2296478805
4016280670
1383293651
3488644292
2418660353
2966065178
3260486495
1954823136
1938534509
3240216982
4106774187
1306640060
2263547289
1057242322
3557697719
1659461976
2220124037
1973331406
1616242051
2276671412
2284411441
854294666
4173326607
3677042128
2584478109
3283028230
2401976155
2959925164
780880329
288570178
314684519
3219102024
3448692405
482595646
490984499
1007845028
3380816993
3572124922
2937383615
643328960
3007667917
6939766
2248606731
4280548508
4140786169
3137050034
1525083159
2921565496
3433292261
3217693870
298331875
1042102676
1811565201
2108552554
2836469871
3364543920
699058173
2972277734
1934013627
2901808524
4024059433
2378786
3885551559
4027858216
979792149
3546841630
355333523
1587703940
2215752897
1776122330
2234479135
3489762208
3496951085
3783552854
395661675
2761042556
3197040217
2989776530
649224055
1540401432
1349094469
3591766926
4253034563
3727762292
1393322737
2615138890
1823143887
3602609552
327532125
3738312390
173922843
946289516
3432018569
544394498
1758370599
3409432840
4177539957
3221856510
1334429427
1561875044
1995271457
1272714938
3279858047
4067924864
664882061
2821286454
1774931659
312756316
2017573561
2280036210
2437448407
199800056
4282214053
1933204078
4006990243
3412524372
444054353
1471754026
3630532399
2763324784
976544957
1583436198
2328407931
624447820
1153814249
2203500002
3325761159
3477230824
1056187861
727658462
3450816595
1491870788
623793537
3005096858
2497351903
3400702816
2708703725
3021002006
2835414059
2580698684
167751449
2068463698
545347127
2590224600
3568791813
3991871822
2636196611
1698088756
1800682417
3614569482
756598415
2372891984
206584605
1569649798
2531210459
3252770604
613571401
369630914
1538671079
3056322760
1306150965
4196478654
2096527795
1872094756
3723259361
870031482
3491440703
1370131264
2994600013
2163388406
1838045579
110384156
2782974841
2811713842
2251610519
523869368
3631197029
955013166
2881107043
119046420
3132746769
2638358762
1469887983
2816662832
2221916541
638781286
1022978619
3638185228
2215516073
2713644962
2971147591
1978412200
1934269077
2902957470
917986067
3129841668
3158292033
3192687962
4162351007
1012362016
1532532397
2793863894
3150669547
2707571196
3388811225
67494418
2688224503
3999430808
503190981
3806985998
2851663299
142879476
1237372017
2271333834
4039726415
3339138320
690714589
497388102
4151267227
2962961132
3343975433
3417518210
2050533543
1081835656
148708597
1623882878
3226070131
1330330084
2806001313
2661870138
1001023231
4222696192
681272589
3632641462
68166731
783556572
1080863801
1674435314
2020339799
2547401848
3304763429
379590126
322262819
3169961172
629202129
3490243242
1031185583
2043968752
219897405
3321789734
2895701243
194775244
2658345065
354214242
2532303879
2211562600
1948897109
3458321246
3406179795
1061604292
1376114433
2099820314
1974013535
3165649632
853435245
3869696150
582259115
4009881020
524771481
1982284754
1151304631
3884777560
4177361541
2596707534
1321693315
1943621300
655498545
225404810
779920399
188921040
3470226589
3168133126
2932746843
676646572
93088969
3677618754
320196455
3924228168
650686901
1237682750
4098105139
2549632420
1000910689
1577317370
753690047
1749789376
515477965
3164765046
1611706123
2663623580
3366274297
3326745778
1722664727
3850284088
4053693669
3524629422
2953263587
2024982676
4086074769
835542122
1622365039
2185878704
2566372093
3152261862
3160874939
3242034316
1152706857
1462801186
646081223
1488133160
2656158741
3295525150
3311124627
1658306436
2940254145
2708644058
2488036639
2742831776
482668589
1647347286
1887206507
1987139964
3936246105
3144574354
1819196023
3584247832
4067794757
3141859982
1984738115
318124660
4228394481
2337980746
485667535
2715939984
571748701
2564814278
4290495771
214837868
4026832265
2655687682
890091047
4063113224
1683818101
3402782718
3013939699
2774344036
3286626337
61652410
2325816447
3476675200
3919085197
4211671350
1951398347
713226076
2135596473
2563513970
263871959
938660856
1260059045
4044149102
3438271651
2249952340
2107440721
3293550122
1477624367
3909287024
2898581437
1166190758
254024315
3179200588
3885199849
2713322722
3465523591
340800488
243431637
2242602718
544740179
1627419460
1555060865
2632600218
2596441055
142367328
3452714221
3336825878
4158859051
3950019900
3435270681
2107328338
912830775
3362082776
1462141957
2854557774
3410540035
295360052
2170748593
3806583562
3001778575
2460283984
128036381
3481521030
3975684059
29836844
1467579977
783738306
2933939431
1494296520
1046092597
3115378110
1496106163
2470032676
683143393
3781379962
4220035903
675007040
2650286925
561596150
4086170763
1706165020
1696380537
1695801394
4065440919
2129836984
2117090917
3108359982
1957642083
4042002452
3698470673
1229950954
2052387055
2512378928
2369959037
1620794982
126866747
2216672268
3083778729
4000921250
3185031239
2523466664
2709253525
3348812958
2535138835
897640196
2736044353
2706355290
2412472991
3278907936
3132377517
2189496790
3416822251
3250548988
645040857
644737298
2169333751
2408781720
869279941
2368140814
3095099587
1535588852
803377009
3049960650
2804355151
2773201936
608168669
1048666438
960707227
1795170796
3433768713
1715009410
256754599
3729776520
4051693557
2887857022
4288362355
1028524260
316584353
149393722
3865240063
722565632
278435853
2108902582
1351274315
2752564956
987467577
1960927730
1295240023
1782473592
4154344229
813731054
1912955427
2229556180
3905691601
1116555690
3728334767
809532400
1060196669
3404583974
3362410491
1491105740
2787558249
4146997346
3810164487
2126357352
4093518421
4294705758
2751789267
2618890948
2335037953
2690833946
975636831
1813494240
406656621
3267884950
3196894379
756948156
409977753
3752217298
3957120695
3136069464
1429376389
1242207182
1755642755
2625330612
1078386737
1708084874
1885691663
1637233616
3702450077
2207823622
1734153563
1815657900
2690224073
3734030658
2769676903
27940680
2056160437
4158865726
2175822387
1062870180
3944362593
1274649338
1911546047
1333455296
3594110157
494342774
3188087307
4183775900
2168924153
3522470834
522232343
1771424568
3827632101
477956782
1337083107
3452196756
996855953
4056466282
1518440047
541383600
2270211581
37358054
879987387
1065415564
1666944041
899209762
3977774535
755890984
1657345813
1687089182
2180352915
277417604
3720067777
1273219034
546662431
1513294240
3676742445
1970838870
1666164587
558663804
2205793369
2466540690
3570865527
2586961688
1208857157
2257580430
3330620995
1077363060
2874142961
347187274
1164340687
256144272
1437508701
4236889286
3120934939
3912309100
3812931721
4051589890
2130235687
48271112
2521160053
2998341374
2049727731
4112380004
3660215073
1012491450
2230296447
3443005824
1134277005
3464796214
784377035
962438748
2032107705
1175299442
651704535
2897801976
813993125
50022510
1484122019
390863700
755908945
1489108266
2246835503
2374826864
3932211901
1145044902
4000023931
4223741772
1613567209
3816377314
1250970759
3239711464
178047957
3943931358
732749395
3465593412
595483521
361918874
2312537823
2776766816
3090214893
1213399830
212947499
1376433212
139490585
3930607186
1526467639
1025699544
1495373573
2826374990
2094809347
1920656692
700301745
2754724362
485112975
3054924624
1946099997
3340018310
872221403
2242458924
1714200905
3099700418
1807120359
3786573512
3244682805
2992413886
1137643443
2052686884
3369038817
734457466
3324124735
2617837888
1836998221
513531382
1434038155
4157321756
589601145
1525442354
3810168727
594008760
2306658661
700139054
2534427235
1832623892
3598086673
960034538
3073977327
1608047408
2904663933
2394928486
1494368315
291580684
3445317033
4203707810
709055303
446818984
3359195285
1229589406
1542123795
3522180612
2771762241
791599962
2091541919
633661728
605813933
2836867286
3446783211
857251836
129232345
1328672786
1561051895
1937749656
2502835141
3581930766
4134142915
520505588
877679217
3054476234
2914044751
499921680
3697303005
3237558342
2550343067
2774601964
3117500937
236633730
4195278503
1574977160
950977269
2358504062
4183327347
2865551332
1607021729
738342970
2621922559
1940764928
681691917
1534911414
2767288907
2288614876
1075212857
1515251954
2460460631
2103607928
1540216357
2524775406
3594612003
2605900500
274948817
351121578
86579887
1055423216
3562226749
2675518246
2535963387
3290490572
2611373673
882601826
2062621191
3647308392
945714517
4109515102
2372912083
3597101508
1805769985
2323186970
3218146399
1924888800
1403505005
3313831574
2018568107
4164307900
2724472473
3951120850
2043034039
3439869528
3371409541
4083845838
1575913091
4053363892
63415089
2886415754
1853495823
3458577104
4086454941
2281147910
1758986331
1813556396
787657417
2336854082
2025981287
4146705992
4175452085
2535258174
1971893555
574090148
131577185
248201722
773807039
3420858560
163968973
2464655734
1340605707
4277602716
1354042105
1308306098
876576023
711518776
3560413925
251691438
2697547747
760342164
1939149713
765471338
1182517615
2457590448
615883005
4096549094
2339108283
398484108
2077110057
190652706
3948519623
1562696232
3083627029
600581918
4210775699
1471569284
1065532865
3643862746
3658113823
3827681440
999577133
2338108502
2685325931
2502145916
3105955673
2834723730
267087991
2575074840
2167522629
2817976462
2653538627
1442074740
2430841841
2816773962
2516986063
249754256
3730118493
2043651014
3912997659
3180333164
3595623305
2316182018
4136627239
3981372936
3199904885
3887580670
1394583539
1012580196
3921344033
1709312954
1651120767
3698481280
1705698445
2459709238
1226657739
791958876
2512413625
4289408114
2258768855
1513820664
3749322661
419807086
1097331363
1861790292
1489732689
2232443946
301021231
2186476144
587775421
3399046822
3634294907
3489635916
3734157289
3096744674
3929859975
3315593704
1665343189
3415725278
2672666963
2442989892
2845335169
2367068314
303464927
2445531232
2426512109
2824739350
2540404011
3181437756
3970619417
827413842
1044080439
3902574040
178825733
1491404366
1641794563
2010575924
2489615537
2338040074
454358927
3888378448
2171114525
3024189830
468579803
1032266796
2158740553
606630850
1111003879
1074783688
117293365
1411666878
3973929651
351621924
3996317409
2198246778
3756497215
2635221056
1360040269
3898242294
1129405067
2900451612
267943033
4179684914
143616663
4237883832
710239333
4199333166
3269285219
1812409876
3636901137
3707657706
3192481519
4130200112
336370301
545262694
3783306043
1889442316
4105437353
906085538
2790977095
4069968296
394433429
2719302302
891730963
2145092868
4070752065
3622437466
1857380511
1398122528
3348082605
2320056278
1898375147
3849178876
2646692057
3998349074
3816168951
2317899160
1914195653
737469454
331648707
1124161524
2265585009
4163928778
3026617935
545829392
2173489373
353177414
3283030171
1337851884
3200478473
861439362
3933993383
2938936712
241800693
1914872190
1568787827
2278008548
3187652513
2012798778
223860735
3313891328
2696347149
3789716150
2974033227
3418238172
2149406009
2216456178
4173824343
3242369400
562653477
3096804078
4025055267
4030558676
3427182033
3072989098
1648645551
2513205744
4236326717
3013640742
3369149947
1029526988
2935097705
1030010466
242464007
2211012968
1900726357
486830174
927370963
3727800516
593616897
2875927578
3064397663
3231397856
354319469
1591616918
70315
1078622908
3978594713
163076306
2656801975
232775000
2218832773
115769806
3735294339
1664318388
2710857265
1344478346
3636122895
1089548752
1132580253
972186886
1665067867
401906604
3780629961
1365137218
1041899623
3127186760
3518900917
2540875582
2144141363
814856868
3252762721
377022714
293263039
3448596416
3915262669
2364817526
3317018635
2676668572
1726934521
2858267058
1443518487
402131256
4057345509
429914286
1397512931
2270918036
3423295121
1431540074
3567387759
3371096496
2703660029
29013990
1901093051
972804492
3188511273
1216178210
3511106503
3640113448
3445341461
1915051550
3765248403
677358724
76923073
3109688794
1890278943
827623328
1846413613
333237078
3602513259
3254183548
3147072089
1833204370
3450588023
3280151832
3454130245
2407128974
2906281027
1143824244
3703797489
3035854410
3201426383
2428334480
3959917149
2159114950
1029539355
2045441900
4180213385
3623479554
1272121127
2709081352
230391669
3654581502
4001297139
1796443748
580352289
4031165114
3541079423
3974666112
2143688589
3075458614
1936063179
4228318300
86853305
899986290
3742887639
813248760
2281419429
2737583726
935722403
2099329364
819251025
3107638058
2887938863
3075799408
2260512957
1217310118
2109627259
708447564
2462341865
2433472994
1570079367
300011752
1215656405
2537032670
727348307
2586140740
519987585
1937162138
3816979679
3175192416
2266912237
1459958038
1209116715
506663484
2849061657
3266731090
2418459191
3134336216
2612772101
728694094
709318403
296682292
4049029041
140611594
1567339151
397242704
1608386333
118116486
1422581979
425792300
3606505289
3773512386
3798380007
1680426184
1059165237
252185278
72852915
1393369636
3370285537
1461861498
4174976063
458721088
2024719437
4004842486
1830094219
1962086428
1536712569
2947642674
313542039
4203092152
2428106597
2600088622
2820038755
3712924948
325253137
2761934058
1065722351
1220466992
4060319101
2245813094
1356535355
2446854412
1574478761
282069922
