588145235
488404548
1582202753
2222736794
170805983
1175391584
3700511725
1292900118
2487440939
3322734652
3777304857
2859246162
3393998903
2202952408
2374925061
4174816078
447661315
985897268
3777422769
1558222346
3661824143
3585107792
973636893
1466349190
807407323
2869455148
1320830281
4215996610
3089611751
2290809544
3432763957
15806654
3897725875
530528292
2266077153
3011166842
79422015
837811520
3815817805
1942155766
778941323
2580014620
3987422585
1293597490
3639399319
170741432
1102820709
3620002350
2995048035
582898452
3050411537
1697762026
3411275759
860671792
1899826045
838584678
2266448955
3409600268
3692757417
430100898
2780206919
4036255400
2478908565
134782878
1854960915
2599414276
1340727361
615296858
3397790111
3456490784
1688232109
1940405462
3636969707
1880019964
1290572249
1751794706
1247807223
3084855960
1782521797
2788393230
2424342467
3468885236
3835524721
3931271114
2844626767
35268368
1468907997
3693038662
417999259
2696168684
3083005449
1052250754
1434722983
1609347720
2642978549
3229384318
3139438195
3834022884
3757004961
1682574394
3395625215
3410537728
750268173
1081604022
1135181387
1297723868
151066169
261307634
1753082455
1549530744
1722858021
3470432238
1878651171
3528038100
3131213521
1719305386
4190625455
286289648
1066575933
394870566
200326907
770579148
3519679081
734184290
3882376711
2223765096
2408208725
587517278
3210299347
1306205636
708444417
1519048986
523290719
2528144608
2488282477
3924435606
2339040171
2988474300
2013317785
835560914
2837347767
60535384
2728952965
1483873998
4165536387
3167363252
1358481201
2950826378
3973766671
3945244368
132365981
3253838342
4068672603
4049592492
1716016841
2113594434
2805680487
1214917192
459160501
3294202942
1486108979
610639780
3991001441
1269241338
2411798463
1496652992
2147507149
2612444534
946080011
2598059420
1006874361
2589032114
2920923415
4120272440
2512289509
3853653422
3167081443
431790740
2360883089
4173397610
1604226415
3612855984
454624509
3574625510
3405314491
3850475148
4250260265
2929227042
215278791
3514781224
4271656469
3576871710
1344854675
2979926404
3053380033
3621176026
2397972255
4157521056
1616951853
2643839062
1055708779
2147609468
1126286169
4032219026
1162327159
3057908248
3280644421
3042081934
1019759939
1889076340
519624689
3478086474
3672829135
3633899152
1875540829
1721612230
4289371931
2160802924
1795850121
315848194
3154980903
2177065480
48009333
575166974
1534012403
989623140
3651738145
4216446906
999284351
326454400
839469197
1396654902
4284306379
1443662172
3346204601
3071639666
1753241559
94143992
3148153765
2718651246
3819468451
1154965076
2228398161
499464234
2476211247
2917330544
2291147197
2823908006
1727001723
3048526412
3481164777
3689146082
2226924423
4147013096
4256629461
340945118
465513811
33080644
2079883905
240151706
1618888159
153144416
2106722029
1013657110
1175290155
2373130044
1326414873
1304799570
1033612087
3751281112
430280197
580164174
146690051
368027700
123578545
710573322
1786624911
3526223440
1946286109
3890449798
1126234587
4072036396
2529781833
385992642
1656346343
196630984
3502482741
2953373630
510713523
1141573412
2349144801
3305793914
1955683647
4056497216
1469248845
4107372790
1263885963
313365788
2886672505
4020191794
376549015
2083417528
2233747557
1235636526
4016167267
1599726100
3148994833
2538025450
3967036143
2087833136
3434610301
2399936614
1117105979
575131148
2030281897
2909083810
2111713863
3579395496
1771730837
2518931102
3705421843
984299780
3303465793
800577114
2594251935
2724633632
1621365677
875189206
3012357099
1312031484
4236899545
3017427730
1893360119
1331153304
2981704389
3321395214
3337294531
2559446004
2196191601
1656968906
1381190223
2678498832
3108648157
595796806
2141590683
2866885612
2051346697
1682299266
704724391
2785612168
3251862005
56309118
3159970163
458316516
2914376609
3130045242
2709887999
2884692992
3311231501
3459092150
2399938891
612262108
2862086457
2377040882
4138583383
151786872
1593593125
3796045550
2863791139
889464276
169200081
3875990442
2163415471
3938741744
3964705597
1191220774
2158635515
1861913036
3936726377
3705408098
3875207431
197121384
3741756501
3496412254
239080147
393571524
2575959041
768409626
68600671
1533029344
1045880941
2995992982
1512773291
4127502012
1817259417
1280617682
2109986999
2504216920
1485150085
2235438542
2718864771
2754883508
3394603569
3662278794
153852175
3368232400
2757964189
3074193670
939126619
3440103340
1715304905
2489297730
1621320807
3497363784
3536588469
1912554302
266896435
1552903844
2809879649
2913254650
3912014527
3115080640
271093453
3977466998
4248941579
2671701148
1137545721
2600732082
133471255
469073208
1978470885
832670894
2690178787
1368795540
146700945
1321493866
668256367
1620757936
2887383037
1307495398
65889467
2676819340
3575936553
3825777698
1859289031
4196543784
3132858645
4175163934
3937052051
337076356
3265389761
3125799386
597631519
2345499552
191524141
2774916950
3433562475
2024086140
2133141081
16043666
3273133943
18520344
2596977733
103117710
2229852227
2762085236
3597179633
2997766730
3318130639
2504222096
1510796893
13602502
2933688859
1022765932
1802674825
17775874
358632231
3401433352
3228394357
297079038
3017701107
1669677668
2719325473
805734074
843471231
1388022656
2360638349
524474934
2293628619
1454323804
3094342329
3781101426
151401175
3836388600
3065419429
3179399790
454459811
13626708
275508049
3493830442
2010724143
95743344
2429818045
3784753574
1864327035
2009022796
2839543529
4239076834
2217002631
3225437416
427382229
88252382
1826355283
1817252932
3371074945
1191220122
1073365215
1265535840
2090777069
3127002390
1573104683
2312455740
3586514713
2071638098
1603733047
2728239320
3309871365
2926481742
439999235
3315054388
1608543153
3450889226
2128901775
216491344
3204934429
503080070
3876447451
2657109804
1520733001
3289681602
385348071
2493626568
125270069
3090980542
50014643
1274205732
2252643809
2473988218
596826175
1860074304
1338058829
4068220918
3827894667
3733931036
155124601
3934243122
2023917975
1391168696
3457735525
3416508462
631956579
1316057364
970857489
758683882
3351274991
3251817776
3745444221
4290279270
620763707
2068921612
2545436585
545480610
1437715783
1037704360
3623864981
2874871198
1335102227
467830788
4113557057
94305626
1609047967
1912822560
112445101
1598581462
540940011
2639606268
3505608665
631656978
838909175
1233938584
3837740485
2748935950
3435240899
4074052340
3749510257
3440393674
3947169103
4151256336
2014488541
3968006726
2739797915
1426727660
3297981449
3073351810
4096415911
3990974600
3836366069
4216712318
402562163
4053281252
4240989857
3920845370
600971007
3319081728
772707597
3028231606
2186990667
2325680092
4143635513
2509554
2508824663
376976504
684974117
1640465902
2329282339
104510676
1574243537
3882832554
776623279
1018457328
2618986045
1712581926
1213175035
3993172172
2437763177
156324194
3526988807
313504872
2467233621
1625635678
227728851
3733699524
1344669441
3890947866
1244184159
2538334944
3731460973
3252179094
3872866731
3873758652
2439876761
691516370
3642045367
2242310232
3320752773
3425045710
3342868611
3625598644
2382253361
311285642
2175292431
3701122256
3924731037
170086406
1717361243
2226372268
4194213065
1948283458
4223106919
1446832200
1422254517
817953342
3450392371
4030021028
1851842401
75391994
1506022847
3479149248
3160195533
1930161014
2517327627
1855888284
40072441
739413170
1585149719
2668665912
4087850213
1168966574
3579308515
3018569876
353418641
1084476522
2184643439
3726232752
2351360765
2456363750
3150827451
3549721740
1186928937
819266338
2826705607
2659257384
2808542229
1537288478
3784863891
806137732
2727405505
2678395098
2239503647
319306400
4169146413
3486643798
1146039403
1514424700
4159998297
1877923218
3012848247
2796369944
4120301381
3440667278
4101333827
3777438324
1680104945
3219730762
2026791631
69854352
962290013
3567084998
1929016603
287119980
195478921
1420231682
1012885031
225714184
344602229
1849542654
3199844851
2743734628
63840289
1972841914
2888356991
3275606656
1332457101
4225921334
301640139
1582163804
1815662009
939822706
2453147095
477414392
458500517
4245963118
1341164707
2739174484
3092328017
982910506
1514566191
3452103792
874776509
3262650534
574278267
4022710348
684564969
3503191266
1194942855
17703912
835168469
2437863134
3328492371
1277518660
1966114945
2660022938
1487027167
4244130400
163015917
922049558
2338707243
2872276284
2772976153
2743842642
3762184503
3160358872
3229070341
207915086
4280378883
968607284
447688369
3068283658
3346477455
1977410640
1259920925
1773222790
3420901339
2651207212
3393957449
1921209794
2229406951
323426248
2696366901
2307675582
1173451955
659989796
2781880545
2394797946
3250606911
2570041920
4227554125
3703748342
2833822859
3983340316
893052537
2914799666
2944361623
2120526776
1285123685
3451731758
90173283
3758424084
1616273169
2533752810
221815023
4084190256
3637634173
4093693542
3730212155
3327568908
1748560553
3808274082
3711002695
437713832
250682773
3081651358
1991759379
781571844
281340225
375530586
3394968223
752622112
2261744045
1694663126
3470475755
1299341564
4196973273
768497938
1037244407
2524776344
860969157
2950063630
1376004291
3449301492
710852465
2570659018
610451535
4185105424
3286702813
2803814726
870443675
2402226668
3333248777
2809489282
1677685671
662032264
906829813
409772926
2114971507
1465579748
4247183777
1639055674
21664255
150301184
2529937421
1668070582
3449126731
1874575068
506052409
3606696434
4111563607
1956664184
4097274661
3177708782
3227914787
904741844
3856682961
3618879914
2983038895
4141902832
2129690941
3838002214
316735483
2600953804
4123063145
555915362
1495543559
2304480104
3684913749
1149203038
1834068179
2468219588
2114849281
4175777306
2707863903
980658656
2760394349
2277074838
3782175915
1958808764
391508889
947305170
1796378295
3301347160
451132805
2636776398
400403331
1216105908
3421704241
3366829706
105975567
380511184
143005597
715532038
766231899
139963820
1368113097
2369599810
678926951
3384821576
3511399605
1889448254
1104484915
3478588580
1922196065
3224636154
2441580735
2320423360
3030185165
2644542070
2998995467
4177152668
2814728185
3179090866
1638814231
1860680504
1055799269
2446621358
197326051
817710996
3786342545
1046426474
516243055
1070910384
3946831357
310344166
2728016571
1905779596
2183511081
83708450
1775351239
2929453864
4104013589
1837260830
3841080211
4118675076
2244733633
4158011354
1686444063
2105473440
1470223149
2363100502
1440896875
350189692
3717196889
2906971282
3334260087
2533087000
65987141
2048876942
997060163
371732852
4163641585
1728059466
2751602127
357327760
1035326557
1376206022
4228145179
3980396908
2074536073
2107296514
3775562023
971407112
791873909
2816638718
738266355
3943358564
785556257
1006884026
1496797055
1425803648
2855199117
1495140406
1261130955
1558746716
315470009
721818994
3021334743
2633687800
427670693
3502422126
842438563
473238356
2894229841
3435687210
3940527407
4128041840
2726296253
3136647078
809645435
231219020
2116502761
3360537570
2113535111
2845311720
1990327253
678890974
3629747795
2440409668
2965277569
2230641050
1517696735
230558048
1423712237
572814102
2129920555
3784156220
3986072857
905494098
1871821879
484237016
993183493
2893446990
1735717123
1650185524
1741287857
1441804810
4097174671
4245578576
1211519261
989991558
2712386267
3785893164
364826953
2454592706
1551378407
2007529160
3431145013
2482506942
2538848179
3325457444
447194081
652303994
4279881279
1622997312
2353106509
598035958
1234460555
793158172
1610795385
2840909618
1795702679
4003056312
816185701
3220354606
1048640099
68456212
1595580945
1152345834
1826413551
21547824
3916486525
3689227622
513339451
4082637580
444960169
1691610530
3294430023
1510988456
1047425173
723352478
38248723
1657087492
1202056257
3523300186
2314868127
3270564128
284634285
3042482390
1868852459
1317769212
2821332441
1012031506
1146188535
640263832
3446631365
1508859150
112374723
416758004
2475459185
926813130
2913762127
2511610640
3435630045
3277236294
3781285275
1229979884
2962455049
2769759874
696290983
1120284296
3858494197
3399441022
2660053619
1016711140
3738264737
2458691642
3924757759
1699850496
798292749
1257657270
549202507
3285478876
1344578105
2183747826
3309655639
327447160
4045866533
1696887790
4217511203
3021722324
3526857425
668213418
3145517743
155740912
3302126653
856595238
2422106875
1711789772
1207998057
2488262498
733661703
1606644328
3905135957
3946162526
3715920851
623663556
1396837633
3501946138
3117462623
886532320
3232954733
1949728406
4193490859
2409184188
772429465
3927032274
3820743095
1117924952
2271531141
1749678798
1139226243
3847904436
3023295281
1823057290
1193658895
1727898320
808028829
2294611462
1038528603
1207409836
2632245961
1337327682
2531505511
452961864
2019395509
2711119934
476931379
3925138340
3826247009
1355133434
1081543615
3665434816
686368717
3704691062
56800523
777124252
1676884729
3208878770
3247254807
2071648824
2277559013
2249716142
4086956003
3087718036
2660844433
3086391914
2910812527
1976289968
4184133885
1043452134
1750246843
1771524748
3076022057
3498152226
1658015943
443730472
3529611797
2659161886
2763523731
1416318340
2622680513
853761754
1891242783
3140597920
1489995309
1283335254
2975957611
2557912956
1610043225
687268754
2895192183
3255203352
4124243269
2101762190
164788547
866467956
3263161329
401801034
4150384847
3098206864
2535212893
3909948358
4193930011
3244226668
3950185353
3958018562
3009518631
1075109384
1080548469
782448126
2880722931
705146724
1394812449
4081875898
3916548735
4160112768
3439203469
2801114934
3829923787
1115637084
3694039993
711171186
513786839
1446838776
3778236325
2827825006
1911071395
1537317460
486519889
4141274154
3651463215
1855122032
199749053
990824102
1228251259
3251015244
3645695977
1395196642
3630602119
2849890792
403197653
985351390
1387944275
742523204
2878901889
1782122650
4118163935
1841285216
2383205101
3958344214
3899534635
484692796
3736143897
2730607954
3180402487
3021372888
1702484485
4272191054
53771267
796386356
1999680689
450500874
3038816143
2457592400
3865035805
32434566
408724955
1497764908
1828582473
2473911234
1304052455
2982532552
3134910773
1199555518
2804026035
412238628
348858081
3420521850
2342471999
3045472320
814989645
925099254
1982597771
2484883740
3113659513
1296653874
1530731159
2475354552
2856227941
306457902
2165179747
2862620180
1714087185
2788478442
2527925999
3680356912
1092340349
660962406
2512870203
4065692172
3734909097
369505442
3140787783
3989092776
2524431253
1973990046
2722327571
2825942276
3386044225
2826728026
1321537695
608278560
3576356781
3226120150
2983827435
2426453756
183992537
3241305874
4118531575
3901900184
3810098885
304370702
2597142211
3297921012
1258702193
387904202
924989007
3157303824
3266576605
2972352326
1540210843
1936519148
2990906633
538244482
4105021863
802327944
611763701
2179862910
695631219
2438239972
3519539105
3963834170
2378139647
3404326912
678047245
3676039862
734975307
1994988764
3169551673
1907679218
3055890775
3810824568
1336056101
3372018414
3955894307
1892049364
1390073297
1204848554
4216849839
1676438000
2646632253
3237343782
1892144635
1057244620
3087808873
3537446498
4194133255
2246529384
3933206613
3305627742
236142291
2226563268
4290908161
3748502554
1130803039
1987520480
1659481197
4149187990
3764634283
661482172
92977561
2919811282
4077995191
4013542744
997319557
2642801102
4217160067
2662624180
1992332849
1853983882
4096165135
3179880912
2430139805
2491405574
1192074075
865307564
201983433
730515266
4143698023
972752200
2046515893
867049278
225554483
806267556
4074334305
640899322
378701503
2950780864
1229019853
2694688886
938500107
4272269468
1726815737
2707825074
773326871
3033135416
4263468517
2457299118
1021119203
970220948
2077197969
493486442
3731207279
1878968752
3868574717
2239768550
3170308283
2878521740
374800937
56743970
1132522439
3523586344
1890643221
1587072542
3504984467
1020566660
371585217
3234629082
1511722527
3156244384
738801965
2126396246
114077035
3574191740
2938810969
1392831122
353467255
399316248
4215474245
1183403918
262341699
698240884
4078937841
1120003658
585995215
3729088912
1972288093
162458310
484193819
2105141100
2332765833
261511426
1667544871
268385544
2015932277
1920986366
3990070003
1350598244
2696915233
191963834
215500159
2620163968
3889776525
1432958518
2370874059
4279366748
4166743737
2786927474
2178260695
943399160
2725569189
4101219950
3204885923
1368009044
969471825
683752234
3600163631
659876208
2690375869
2999197094
487918459
4223728972
1782483689
3781183970
108999303
4057972968
1174053333
941325278
3850839123
210391108
2512294273
3193515930
3651284191
217941856
3846800877
72786198
2010404907
1295385148
2828495641
1508297810
2050781751
1913396440
1867312389
1928228174
2187331331
2433741620
2028173233
1973420042
3124191887
639983952
1435842333
779600006
3757674715
4108321580
595785
3858213570
145251815
2980000968
2612970549
337869502
626808243
241832484
3292178913
3988565114
391169087
2274064192
418509901
2269019126
3736057227
200146972
1911983993
161080626
807269783
1563953336
3915589477
884057134
2097614947
3282545940
2777098257
731264234
984175087
1907280176
265469309
1182913382
4091659835
3008297228
3833779113
1721007010
1907898695
3308624040
1192040085
122677662
111884051
4019700740
3343643201
164862298
3367766943
1087264544
57316013
4124624598
1178256107
61992444
1385227225
745434642
22161655
3451315352
2756678085
1215646478
3193162179
3234420468
2160855153
2832980426
1891889487
1558782224
3584848861
3768211014
1394977691
4253409004
4223909897
2288958594
1971766439
3734695048
561879285
2925054078
3469461619
1166763492
101345953
3738564154
2629567231
700327680
2974507277
2212331958
2664267851
2029636572
2491312185
362571506
2008091735
3548426360
1068117029
1492214254
1100886819
1542254804
2546604241
2812866218
559890607
4140591344
968514109
4269361446
1679638779
368882892
1977867369
1287548258
1944846343
3955699816
279464789
1106646878
2937457107
2713515972
3012432641
2499527450
3995642463
4015187680
3140247405
2164567190
1153428907
742234556
3453426841
4099657682
1225957303
3129830488
1728771717
2900224206
3997060227
1686796980
1134123313
1043690378
3176349711
173056208
1519677597
3184962566
4179658331
3140188844
3472566473
2428210754
4173327207
380789832
103099829
2531251774
3303144243
2443475364
3471764321
2960982010
3285844415
4202993344
1168477645
1493583734
6949643
1509250972
3769827577
3554977970
1464787735
181737528
3523866853
653451182
2542540259
2786718868
2840709521
3736692842
1635250031
510511280
3805460221
1483374310
1351056315
663367820
3475088681
228466466
3151660743
3310651432
4287381525
500040990
428317843
2662984580
591721409
294759642
3500673311
1883977376
21949485
2476364374
103012459
3130590588
4213839193
2607739282
2956842615
2286924824
1144986437
1172850318
4242509635
3893583476
3121310193
1466748234
3601157839
1981538448
151858525
602718662
346693915
294704748
2322551177
1486757890
2702430759
2577767432
108364405
3816334334
2724130291
1316310372
1202203681
4101097914
1936375935
832489088
717257357
3564686646
4131739083
2191565660
2538887609
238201458
2377611735
854933496
2369942949
611720558
3381704867
3991844948
853424721
3532104234
2444451375
273868912
2413548477
2450879654
1541437051
2880924748
1627139561
3807613154
3091451271
1906155496
813233365
2425860830
1086320467
575577924
2670761089
4048901786
3069847519
3682027104
2324838637
3680090134
3710288683
1652830524
2068434457
3412579154
1435749687
1186839512
2292973573
2035573838
2499252739
1998848564
2632071857
3594643210
3011124623
2819285072
3319179805
815568774
2827123675
2759193132
4276107849
4191580610
1027766503
1731498952
2670630709
1776497086
3254952115
2545803556
1492528353
4235481978
1378762559
3335304768
1968973645
2213876470
857694347
2260447004
3106042489
1313238066
2578108567
1000417208
504609381
2537233198
3798735715
1059798036
1294953233
1154718698
147950831
3023816752
2241179773
2839161446
3907531067
642017292
1546876585
3330196130
2548552775
3496114088
2150525333
1343430814
3749642771
674960132
1880159553
1711718490
2816411295
144119328
3417720237
3322076630
3699895787
2545884412
2935375577
3993400594
399803383
3315041176
1091675333
1826767374
558257347
4252788212
1692257137
1551155402
177318991
1742577680
900785885
3248893254
2003408539
3617246700
3171803913
1311015810
1544282023
1059015560
219180021
3219095422
1049432947
1228813540
2878926241
3661929786
3336863231
1909351936
4198011917
3040549046
699935563
3120986844
115166009
3722440178
3119048535
3566784376
4047355685
2231490798
2900246051
1703903188
3506789329
3076347306
3717364655
2984798192
3368045885
1536729126
442412027
3673236428
2978447209
1912583266
1233558279
2170752872
2339151445
3523235422
1887753427
1816086212
2661684737
1634069018
1779869023
2406131168
4185592429
2169881494
3607632043
2383005884
3069149081
755685074
2512386743
2493320024
976226693
106029006
3431716739
651987380
1253973041
1271224970
1387002639
1028923344
3176915869
1959363334
69169499
3468650924
364399561
4014495042
1278215783
2703606600
1289420981
992841022
4072556083
4273359012
2823843425
1604495098
4165827775
2858669504
1310048461
1980423798
214939147
809567900
21292025
3334418354
3979460119
1838954296
864060389
3012187822
3014074595
3973809044
1461718161
1810157418
3870698095
1897449392
505129469
653317606
3540248251
3447562124
297289769
1597400610
2078286279
3831457576
2935198485
1277115422
781281171
1780169348
4088395457
2503136218
2220950559
3350328736
144744237
4212287830
1600586603
958674044
1945466969
1916074130
773206391
59659032
13053509
3949149582
2173180483
1594125684
1195584753
3321082954
3263760847
1882087312
2174197853
2814810310
2439253019
1839449452
429880457
922871554
477031719
3439852296
458118517
4052572926
2035693811
333847652
2010951457
508457146
3442031487
2823619968
3316886925
2485412918
3475374283
3173732956
3910745273
3533975922
4064629975
913006328
3516663973
2828309614
1099350947
550455124
943684945
1680476458
3137116463
428664688
174573245
1224919974
3046629755
3249134412
3984969961
3353532386
2645846151
420970216
126044117
3023038942
342145619
1569648196
4159608705
1932361114
1031676639
3375170912
2917592045
3774402326
3362041387
1288593468
2261266713
1732565586
4288096311
573266648
3784774405
2178308942
3942325507
3518239028
321715633
2898251274
1357437071
137125712
1730419997
2019389062
569861851
1476911404
2575523145
1058093250
2609419239
3263558344
4113197621
3099519166
756345779
2760749092
50180065
1745353338
3963075135
1665791296
1976719949
2638719478
595266443
4102381084
3206174073
2337207090
1206102935
516310712
2018528613
2850066990
1631397475
220908308
2367925777
1642922730
2972043247
2466563888
3529810813
3213787494
618306619
993384204
1974475177
2781153698
3720572743
4283127464
1910226069
3220330398
3703491859
1113219588
4095866945
756410202
2620260767
1805374752
1577973933
2697524438
616634603
1019759612
1344776665
1979350034
3909279479
3224642200
3915364293
4016781582
1940185027
1789621492
658214513
2716444618
3029034831
3440254736
314661341
3293447238
2023326107
4054564076
639895049
3778431618
1480391335
1096788616
388972277
646067838
683302515
2355954660
4067651745
1318011962
3157850367
2467996928
858900237
3744772022
2089735755
705636828
1141386809
981431538
751616599
3597463160
2489143845
3173928942
3716827427
2108559060
780967633
3874340010
3757160111
2235590384
2060599357
1213462310
1133254395
2111935180
2599887465
2996632418
718091783
918220392
2327638357
3844506974
39821267
3560805828
4043970817
3031175450
1731240031
1186882784
1305855341
1749211798
1195131819
1020393404
4040417945
3356876242
2300138935
1835575896
3839958149
434230990
1178952323
3584727220
3157188401
120668554
1680913935
1184079568
3912193693
693656070
403332187
1582258348
272723657
3073449026
2706121063
3377799752
2115818421
2425832510
1191612723
1732515748
2935877985
2745454074
1676474303
2944341184
2459038669
1739289974
220291339
1904784796
4171417337
3925194418
2680199447
3441382968
1384322789
2822622638
1093544931
4263056020
3040497553
887895658
505439599
1476380336
3362823421
1628646630
4100739515
2372734604
236645161
1747627298
865189063
522602024
2934367765
1502376734
3221697171
2398652804
3076979137
3148872410
625344287
2991895712
1912492589
623280214
3264622187
1084973948
1233967961
1196883858
1050315895
2039018008
1624981829
2801415310
1302111555
2121366644
3402035185
4267088714
2526594255
3162300048
254677853
87846854
1124726555
2175972460
1755027337
448900610
2239105063
2586204680
3870500981
213783038
582583283
2429741924
1633497633
4177991610
3390289535
4030153856
3904037005
74185526
3354569675
2662465884
497688505
1668397170
1602170839
849182200
2676071333
4040100718
3605581475
3660306004
2045558865
1302884394
41014319
855828080
1073723837
1200366246
3661319291
764955212
1071346665
3022562
1724973959
3628948968
4212759253
316940510
276137299
2924166468
3489176193
3017909402
489561567
3323905120
2135400173
2234770966
3918453035
4229205820
4212298777
2642272594
675709751
4099209688
2853053957
4235481678
879405059
2428510260
197378225
1763292426
1115919247
915005008
1769836573
1975141766
4233646555
4288008236
4294082633
631766978
3548032743
3012776392
3451010357
1891016638
378746547
618233636
4065407713
2692194682
2506962239
1292055616
1247055181
1127629046
1606596235
1162546460
3017685113
817068594
3939010199
4138165688
672718949
3701606702
2843357539
497441300
2506354961
4074924522
3819307759
4262053424
641701501
4185839718
1471743803
3793962508
1626913961
1952927906
4081781319
1106261416
1276448661
3337457310
2926221331
771076356
2206137153
3472952922
1437138079
1507628064
3933318061
4130016214
3471197163
3805117180
1713704153
877298450
618478071
2911682968
3443116741
1074802702
1701800643
4166419444
4159000945
3912928970
514925135
2088410640
2631781597
1485953862
112553115
1001958380
1728456969
2980319618
437917095
3579578760
1876562421
1379986814
1028893043
4279751396
177861537
2880826170
750351359
2107827200
2352413197
1909081782
1196523851
3105085660
2080313657
2608528370
2153553239
3372027256
1493755173
1903609582
2208453667
2487786964
3764380113
2790925226
3632066991
1624532464
2146448189
883641894
2409988603
4006478284
1647494505
2123776610
3351236871
4224634216
1050231893
3949509726
346450643
3384272068
3669629953
4274927642
2507578207
89007072
3896277101
2781606294
1163685547
680928956
2877572505
897377490
3542003895
888162648
2535337861
1468911054
191556995
1626646452
3354108465
3766036618
2715906319
370089424
235850141
1266888966
3839969115
1507542956
4002845129
1484120898
2819898471
2134933832
3387598517
119339838
1908071475
3142444708
318207073
3967939834
3065541311
4191572928
1125787341
2649230454
2975796235
231498908
4140607993
2911387058
519795735
425620792
1594993125
1963803822
4028708579
3386024340
4087386769
2848955754
3082199151
3273835952
298946557
1993442278
1690352827
1465417100
4098461225
2558194722
2465159111
1705583912
795228437
3054873118
2112421267
4249999492
2657746113
4111016410
1666644511
540242848
1835533613
2178324310
3752941931
3241054844
2884648537
2329216658
2445993847
3661599000
2491110469
3903662990
287125571
911903604
1956033265
1888846410
47480783
1258773904
3788539485
2890811078
3650871835
1035838316
2808330889
1943893250
2351506215
4043356424
2560883573
2768947454
1317588723
3040590436
875148577
4103847610
438972799
4183655296
3284013965
2505019958
2427147979
389328988
1694958265
815480690
2237991639
395025656
653471397
1831174766
968284579
168060244
669385553
4278376234
403902255
1286923632
1621339325
4256266662
2043328379
3749886284
2281510633
4225066466
3281624711
2671721704
993783253
481581022
3841085523
75729988
1464769921
594660250
101325023
3259794272
783569389
940244246
4037346347
1616297532
136902425
3725781074
2141314615
2906298584
303118597
1496205646
558248707
2756194100
3064366001
2068814858
944393871
589520208
4242735901
2561875078
3886365915
2334113580
1647158089
496682690
2501429735
710717640
1489375285
30037694
779977139
144789028
1458615777
365119610
4258181183
1945662272
585285709
3854620662
2549506443
1762442268
3345881977
2926838066
844718487
3007612088
1567454053
2675933230
1797471331
1620961556
2515547153
1739837674
1347567087
3846882608
2972092797
3339399014
830698043
185382156
1309499305
2724566946
2290001223
2287015080
1054499477
3573859742
75653907
3675062276
1311243841
3150460250
2219833247
3277411104
2699124397
908665558
2331471595
2043587068
552497113
2566294034
2070123767
2107728024
480239045
3469813518
2795894211
2524812020
115020913
2724689354
4177714511
1713577232
67518429
4000428614
3518846875
2780928748
2947828745
795728002
1369649319
3943983240
1192289525
3004933246
744027251
2436800996
604796577
1639486010
3362123519
560407296
893922573
3707493814
973089867
1460963292
3737252921
1892844274
1687713879
2622041208
1866496037
299580910
1327914787
2573151444
377431249
1705151146
1999908015
883188976
135931453
2426316070
2930437371
498495692
926574697
1173064034
3495848967
3231624296
3607205717
1422324574
1465464275
1018049476
2343968513
2949406490
2766706271
3139035872
4172229485
2851145878
2171115947
1096177084
385919129
3846171602
600837047
3677612120
2162639493
794150094
3422320771
3099244212
2650039601
1201475466
3149802511
2613484752
1543126173
1263142918
446968411
2976069292
3770135753
1125558850
277370727
3001540680
1615100341
247378494
584787763
3939743140
71104353
2856033274
2695884223
2036961984
2410568141
2294326134
2844309259
4111209372
734170361
2172044466
451038999
1113166904
2301377765
2314779566
1887453667
1074278548
1112724881
982451306
1668864879
2726413488
708739837
3626752742
3556845499
457174156
4098109737
1613183778
1241051847
2817000488
1618054165
3518685470
406243475
2770806660
3636002753
2973649114
4002673951
21901984
719173677
2166533718
1723368555
2863513980
3407847769
2897153426
3618062967
363999256
3416745797
545006222
2081012547
1992268404
1957852657
2360371530
3074177743
198040720
696187229
217849286
85576987
2445578860
100130185
2991930370
3767025191
3247904776
1629539957
712212478
2898532851
1897957732
541210657
2165073338
1835838591
3015688832
2262124173
3067029814
3645899211
380854108
4012893625
2854274674
334947799
3577068536
2549137829
2375547246
435217571
2690184276
1915438673
3896065578
2883602991
1453515888
2622726077
3681734822
1145447035
3345557580
4125800937
718843106
1678653831
1575820264
4159324373
1101041374
1104878419
1345837892
3186663553
836629146
2819757023
2914402912
3962373357
1769870358
2376544043
1771367740
3725285913
2567171922
3047766327
1021065176
1235241989
134496334
1636679171
4232855092
1138050737
1398899466
3795650959
3187203152
1364489757
1363669894
2480809947
3936726572
4029990473
2531888578
2422400231
383913928
3328566069
3690597822
617860275
1071979812
1625045217
938143610
3579587391
3358175808
796717901
4108807926
2081819787
1338665756
701103737
1955629106
3465952407
1151181752
1213072997
1652094766
1446528867
3323033620
3200808721
811677674
2804578543
952615984
2736356477
2553513574
1647959355
2784109580
1827537577
2680151714
1298022471
3261985704
2049684885
1513618590
2399546899
966807300
2216493377
1667980378
3626168991
2551321120
2975666605
3502455254
150247915
4056668412
2961429209
335450386
2627071991
544341912
127004869
195960334
3880288451
891331060
2216482673
1030773962
4085291087
2047319056
2017112797
4125985094
2310095515
533105132
808349449
3398672258
2933410727
1921566600
3436427253
3104988030
2781495155
853635300
1858795937
3768006970
1061054975
1852269056
1583702029
2429121718
77256523
4094768860
2622543673
713427442
2306888535
1079069560
117705509
240891118
4028000803
2096217044
15362001
2496065962
1813473199
4038091760
1129322813
3425565734
1352423419
4204453836
1242434409
2023542882
4104718087
1965722472
2213931605
2436967006
2054684883
488669892
872292865
933660186
1166446943
1478599136
2939018861
3836878742
2875245739
1997702332
1665731481
1197404882
724395703
1345554264
3527169413
288996302
939131779
3439117748
1850288177
2895967882
1640425231
3350862800
49393565
2561466118
1767054683
1424434604
379901897
3876811074
2326295143
1414217544
1898597557
394029374
174551603
3855975588
2999876193
1288782586
3520293055
507040192
2823720141
2553625206
2778620427
390578844
3347345401
3586214834
1131751959
940618552
13815781
1459630766
1917537507
1354350484
3511752849
1462397802
3513194095
3860644784
1102542333
4112658918
4063072955
3374537612
1040897065
791642658
145657287
3588416296
1913184021
477894686
1055953811
1987606148
2522088129
1615818714
1996288031
1168437664
3663686445
2466956630
128692075
3978883196
3608872025
484775058
3224345975
467717912
912226885
3194427790
1046627907
799058292
4212799729
3265744970
1674573263
4006632336
372862045
2537944262
1971566619
1841791340
3025666185
1177092866
848517415
4226381576
1881776501
217593598
3983238387
3028375652
1436990241
240716986
1943742335
257819008
1643673997
3639263286
1373678795
2368605788
3961833657
1073892722
3140796631
1536940792
578442405
3257299054
664203171
2368308052
2294057297
2035000618
1842971951
1087169392
588223165
1355818918
3920465275
3578500940
3114556649
4248302562
4163818631
72809192
1629787093
4054369758
3610240595
2171087428
870228865
1327896986
3007712991
2019295584
3887183853
2307730198
1888836139
131013692
2897853721
1045493330
2052887607
2470041304
2159763205
2029401934
2772519171
2295090484
3813673393
1632594442
4032545935
4144651088
2530339101
259574406
2969768667
237477164
3657951561
26498242
1968766951
1763929800
1183954485
1866843326
2845185971
3131370532
1075035105
1995347578
3423970879
966193472
2686658125
3769239030
3156326283
3917748764
183624057
4077457202
1870600087
2595406520
414882149
2509139502
448352867
1040254740
1072478737
3169492714
2553197551
3900752688
739798909
3707231590
2581350459
2731774732
3986335145
3698730402
4058635079
3762737832
772343957
3330749342
4260755731
967810564
1432224833
904561498
19000735
3355889952
1273283757
905531606
4175283435
985991164
1155872217
358782994
947145463
2248056472
3188720581
1722225934
3612806083
3292508404
2678758001
710230986
3190444879
2821200656
695936477
3741671494
3734056347
2579986668
410292745
4078265986
3787024039
1538860680
824347381
3559199358
1504152179
3556786148
450198689
2555502650
1094903039
1420009728
932090637
4247980982
1461813835
2148132316
3836459577
949326066
2668899927
2769644152
1347657253
3606588398
376599843
788548308
3483478737
2747750570
1730585263
2230870768
1636961341
1465471782
628736763
1971015372
3400380009
2259294050
3835666951
158493288
1970683221
282550622
771935187
1527697860
59909377
106736922
659590239
3429196000
1001951597
3322885782
1933897643
3117069244
3227348633
3420060114
2570502583
2213488216
3139266693
1832497870
4284714627
2377831604
1760160561
2138627466
1140564495
2313788112
854925981
2745939462
2163083355
879170732
3227384521
3026991170
3329527143
1399496264
748429237
2438340670
3630153011
2622706596
1319894369
1145235962
4196590527
3628339392
3170549709
1011208566
1436552459
1686073756
4195504889
443011762
1219757335
3934507576
4127548133
1277405614
2776782819
3957804692
3499842449
1872876138
2978042223
2113127088
2285660413
1035241702
1866857915
1359137420
27096873
1972619554
2131765447
3751395880
2485924373
106516254
2719374995
1631962500
121308609
1916573402
2895244063
3711414432
2884443693
663673942
1921702507
2023759740
4293027673
1266097042
4217632887
3704319512
77827397
846073998
136761667
1358805108
936246257
2189047626
3096424655
3826178704
3623870301
3140209606
3671696155
3251007596
3800310665
2673396226
843740199
2415384072
4122899573
3164139006
3229528051
1868441444
72826401
209826746
3715474047
4231544960
2233969805
1805801270
2858244043
1789181276
2347084729
1648350322
723426263
2596141560
4136626085
2060511086
313064099
3228963412
2610547793
574229546
234799151
4214415984
618104253
3452534438
436271227
4180280908
53084137
3807591138
805007239
2189220328
2800412373
2630679774
1425060179
2283043140
3910706817
3947511962
3617982943
306036832
1363307245
137904662
1232045355
721767228
2754879513
1039793490
2109468471
2689824216
3881988613
470036046
2623591427
969432116
3306605745
353980682
312901519
3193428560
4250623005
1128636806
4011064795
3852831788
1336347721
3449494466
4093319911
287362504
155814197
732789694
1824809651
1759558436
613891809
1120812410
2449154367
3091214400
2765445453
419994870
135881355
641321244
2598749305
2581435954
3306418839
2776883640
4273155173
2831148334
1755733347
3094124052
1230830865
2102396394
3546214127
3832922672
2082693757
89666662
2288694075
4054909452
1263785
3364383906
639727175
3520836008
2322750357
2314365598
22135827
3409636612
4058711873
2739251802
2941053087
1127714848
2692249517
3586877398
179498987
1153054460
236099801
220372754
4278101495
2655468952
1880757957
1337723918
651269827
869974004
2307153265
3642108618
150998607
3766786576
1204263133
431568710
2153584795
63203308
2558965001
418590082
2588311975
2527430024
2751290869
1951648126
4159755635
1687883492
1479278497
4175988538
2121490431
3290161152
4039362061
2453185206
3784584523
3942552796
3889339705
184621042
1431570775
3130362232
2066690341
3685786350
1916436515
2676677076
2997153233
44285866
409066927
3783025136
2464153405
2720049702
3712167419
2119679436
3910750569
3759365730
1346518279
1836468584
3682766933
1133090910
570005203
3866697924
712124417
2347684890
4198926175
132456416
3461301357
3188215190
2299861675
4185842364
1581109657
3803250898
502013111
1718011224
1804237701
3008735694
3526957443
3941917620
3184963121
808502410
308043023
3528792528
470062493
3695611142
292877147
1071842220
232988105
455147330
1944889447
2688941384
3264869045
3964393278
1019480115
4266468004
131432545
9474298
3382599359
2542489536
4256363213
3841091702
1770895371
3434291356
4083955193
3211418034
3667845143
1236463928
2562979301
3647152302
3123012323
26271124
1882300049
4092934506
3016199279
1510392240
768433149
568516582
4215957691
2732472716
1862015529
2740195362
1562231751
3037503784
4141581589
4283598366
4054329747
1435440260
1533937857
1459994074
1062397471
3087429536
3481719085
2930701142
1465255275
1024675452
1970653785
2825200274
960779127
1215434008
1718853701
3968927630
2304203843
3403073396
1523433201
1009327690
1702587343
3683211664
2664583773
3903693510
3843788315
2109824876
3229369993
769954050
2410516263
1841444104
568280949
2840962302
3590191859
2444686948
1548992801
3951450810
1513889151
1783529344
543350669
3740659254
2462450379
2669112412
4268920505
2161728370
330594007
2191268088
1144093349
664231534
2334590371
708747604
3670216529
1392800554
1011874607
1976885616
3517675709
3260994982
2235589499
587494732
41657065
1275757026
3144944263
3361650920
4181539285
3003986910
1797094483
1413269572
228501889
1984587674
3308389599
1801158496
1491017197
1434409238
3358961707
3275192892
4101669657
134153298
1875331639
1411978456
2912257285
1630414158
4142685955
4282411828
422154161
3737073674
4179442319
65100112
3035680541
1554937990
4262521051
1629453100
2165452617
1795023554
3158914535
4275711176
1049451573
2167485118
509521331
983075364
1046921697
193586298
3607927871
874868544
1838386253
235090934
268242315
4125849628
161851257
3641580850
2136264087
1427177656
708296549
202202158
4026493027
626271508
186204177
3784404202
146483695
480690480
3275380093
2169801574
3722780219
2190110988
3562531753
3556160418
2584023367
2267844776
3211243157
343515550
1226411795
3728882692
2311326273
461164890
2460214175
4188294944
3742902957
540638934
4000586475
4289422844
1007418329
1799267858
2687828215
1498143896
1303390661
921502478
2243436995
1945226996
1906974833
3115520458
2214709583
320674064
52431837
369692230
521470875
1304254188
3764705289
2888627330
2290064551
323871880
1432629493
161382526
816193651
3568426468
1456374433
1918578234
2798639871
2899320576
3120888077
3218749878
1408424011
619660252
3586490425
298360562
1547691095
1892788344
3080111141
2357533166
3010366243
3197200596
3656659153
559687338
801708207
4131152112
121238077
478413094
670603515
87043276
3578852457
4107838818
3885029383
2436245608
3860521813
2572668766
106717651
2942267332
3634244353
945617690
1852342879
4204846816
2532439917
1016947862
2630960555
640618940
1827288217
4226025426
1766684599
3885655128
327388805
1401790670
1618650243
3567973044
2635034929
784640906
2095650831
2432473296
3995076765
2994562054
3404193371
1734013612
791953609
2335295042
1125172071
719150152
1663288757
2556268094
3885257523
4223857060
239797089
4055513082
4031109567
1276022464
2591499725
37420918
2439471883
1071828892
3818002681
885579954
2838870807
1167986744
420382949
1857984430
1614048739
2176216212
3759399313
1411686506
2285487983
1784004784
1651134205
296564454
1178260411
2931140748
3055992105
678450978
1389846215
1178304552
3390494741
2003287326
3718640787
1129603972
3270314945
2125128922
3745505567
3323014816
1965851693
2557151830
1712140395
713194876
1742024025
2746165650
701542007
1322560536
2345644869
1557134990
1911809859
2368460404
2484699633
1605633354
445851343
3309295760
2595276125
2412476870
1145665819
2444775020
2118150537
1640781826
4206668327
2236126216
613161589
1127111678
3723052531
193709412
2375828513
459735482
2586744959
1235271296
1672090253
2732950838
3139087819
444996444
1942712761
198107762
620122583
53884920
996085157
947508590
1091637411
3129159764
1983402577
2074794538
2832021039
2696077424
1502309309
2660248742
3681275515
1121641548
3885581801
2826815714
1251517831
3321665512
2283506901
2758372062
3384166227
3588298564
3513822337
1613139610
736755679
1941257824
780652781
3781324822
2632440619
3227887932
3448563225
207620946
8299831
2663035864
55875589
3094617166
1692658179
3375659572
260592305
776019722
1405089167
3081164880
3985785373
3417526150
2381960155
1888840236
2655605321
1237100994
2118340839
575638472
375205685
3755010494
1852111027
533485860
3179431137
1092717434
1263146815
2638655040
710786893
798608118
2211231883
1217996572
2268170873
547005490
1312925847
2572820408
3410514533
796316462
1623487331
1958196244
3038872337
1504629738
3896730863
2165555248
828196989
3236749926
1246464315
1163911180
2590543529
1858140834
4254379079
4030295976
4243128725
3592214686
2236439059
1657113348
1290341697
244316250
1529274015
3679260192
935583149
2235798998
1411466731
1536726268
4275134169
2679549202
3424082935
2802613144
2261925061
2352609806
2752163011
1954864628
2283529073
1009514698
3744433231
804362256
2340716253
1140122950
1790504603
1739736556
537852681
482524034
1550104487
3249685384
1968636917
67450750
3016190835
340045028
1186792865
1957287226
1784174079
4274019840
3276942349
4128755894
1581089611
500953820
3733218105
3169592818
1675083607
3083454328
898258725
1500877038
2316211747
2081683412
1972335569
1878035882
1566331823
3006816240
4003456317
914577446
3046769659
4194606028
3209992041
888794210
1519088391
1689388904
3309254229
2185365086
2334862547
2780937924
1041640961
2074550810
867597663
2493029856
3315640941
2983099286
1585017003
802898108
476223385
2272464594
727372471
4153017176
3808993669
3185678286
1512583043
987562420
915682353
3946091146
866243343
3051362256
3645340573
2521840390
1564920155
2597249452
1414620105
1956547906
3823165031
3811621704
1043962037
93013310
2295373363
2226438308
2450294369
2277498618
504976575
3855470016
3276232909
69178998
2100104715
2920185500
4202953721
3934480306
1685624343
3460640568
2800032741
2083917486
1202682083
1549269908
1346512017
3147626
3738698351
2665529264
1444102653
2098433510
1523387
1686706060
119365673
1961401890
272431559
2200330024
1037970197
3734565918
370130835
446018180
1840778945
1496058842
1012456479
4149734816
3437115181
1422074198
1320180587
820882556
117477465
2908041362
2097744247
3757263640
2763507269
4079678862
1912369731
2281497972
330384625
1562045514
2279006671
2435995536
4221253725
545607878
2825085979
3987422572
1271958665
2869960450
595051815
3330994952
767880565
4196602622
2285932787
3437007972
3358639905
203663546
1296896895
2318335360
2130527629
661724214
3545979083
3438332508
468735161
1931503986
249834711
210523896
202940581
494423150
3831962531
1631829844
2650379601
204292394
58093871
1808588656
3967246013
3529343910
3431151995
1219318604
3800230121
1749880802
2372485255
1800828648
2206588885
3772883422
549130835
4244727364
1687072641
417248666
3150838495
457899360
37520365
467765014
2005272107
311416892
1600866585
3139244626
3756130359
1879593688
413117189
2446725966
2521265411
2275707188
3627226545
1939801610
3532566671
3383252816
3611276573
5514886
1322172123
67590444
3612112201
3654774978
3924388839
1803610824
3233350197
3079446718
215434163
142354468
3521759201
1402286714
2662568511
3819171136
187953741
3989594614
327705483
239261212
1133079929
3766692658
3789194135
1650409144
300213605
2197572142
1794473571
2526495508
2004207121
1437088490
569876463
29146928
4136385405
874592614
2107503675
707874572
2185572777
149373346
13649735
4244786856
1928746133
1054609310
1710040339
1220860420
1801064513
3967754074
3101022623
3627142432
3665531053
1961471190
3954864363
1216463868
2254619097
445297682
849721079
2005473944
1266700229
3215126798
835270595
630451444
4242122353
3498106826
3397992271
654448400
284488157
326941766
323541403
1101214956
2273648137
3669262978
3321221799
2446500488
869652213
3548900990
827635315
324238308
1475840161
1876196410
2030883071
2850856192
1017863949
2767284150
2960404043
3317998044
839861817
2087431410
471571031
2138957432
621406757
2994866158
2786763043
3356657364
3044456145
1583412394
1360760495
141582064
2031212605
1612623654
908553979
1289030348
3609475689
276247394
1496452615
3622430312
2834270549
1850228062
1617295315
3114274244
2329555201
3318565146
4197480543
3318504672
2321243501
2375783062
2114821035
109277116
2628188825
4116583890
336866743
2251661912
169456773
1649512142
1866578563
227217588
3127179057
3581966730
3867577871
822056656
226160285
4156494342
2022814811
3393114284
2906293961
1197954114
106756455
3107985992
2212195253
2748644414
3497584947
2300743588
3273263457
849446394
51957695
1422462144
2820901837
1520446838
3705583883
120991132
1749147385
1352265394
3160895767
3551022648
1917300453
1909032366
546735075
2171964052
4038879121
1746366058
1738685807
3886530224
952644861
3558204646
3638536635
3025700492
2447377193
4173128994
1162777799
1540177448
2184281621
2766547742
1256557203
3411214724
2345603521
1451832026
111007519
1004186784
110881325
1404516438
3242165867
1079303036
2197287769
894908306
3807208567
3956140568
3777747269
530705550
963706179
2873750644
160761841
2757612362
1564908751
794875536
4052855645
182134726
3244904219
2174364780
1496100745
2041570818
3118391335
562647560
1837744245
1043581438
2231622643
3316212580
1007766049
767315898
597134975
469318784
2723969165
3700994870
2340946891
2790750556
652294073
651030642
2172520407
2392749560
3864933285
1184023406
623453859
243289684
2181486673
1955309610
4232817711
3340951152
3127857597
3452361382
143041659
612090444
590908393
4218967778
870701959
2825672168
461124309
3631601886
539745619
3114120516
4143493761
275963034
618526175
1377614944
66926317
1962712598
135278891
2847278908
3658853401
2218137938
3186711351
3088183768
494321157
1565788750
991363075
714119220
2737428657
517532938
629762959
702928464
2717460509
1787886982
4035946971
192235564
1545312329
2337159106
2939913959
3396225480
1839256885
2019841982
2847248051
3836213028
2879212257
3001342330
2169048383
4147981376
1075193165
3097164022
1865420427
921208092
1856852089
2294788658
3927924375
2686475704
772634725
1990050094
3197274467
2062733844
2182482193
1165861354
1708645103
2392964656
1120349821
1257345126
668753723
553565708
3152925865
308906146
1404559943
2642881960
1368369045
3199682206
2600005651
2151688452
353833793
625624666
1538315423
3763506208
4148118445
1596703702
1698667499
3060200188
46146777
1270528786
2212499959
3133258136
3417989829
1093134350
3740517059
1998519284
4293093745
3870410442
4128176719
3897464336
3278988509
4104164166
3368338587
3415221228
1187463433
1442990466
1966271911
1940849032
3235949045
3894846846
1498284403
3252570852
3128822689
3554353978
2196589567
2656361472
1443926541
1013382838
4204190027
212422876
6695225
3225891826
889943383
3085829496
3054861605
128614126
3079842851
2458719700
3383359953
1554865066
3137784239
3856948720
3599747901
156632614
1503713787
3986782668
1287642473
4149246562
2474944775
3671967080
3240877141
3446305886
906805971
3673840836
4008326145
2261741594
1909879647
2117868512
354553965
1074047382
2878195371
2586287804
498556313
3047496914
3547957431
2208121176
3098986373
2967307726
1338459523
1018503092
1484896817
1571315850
1167542543
4066055632
3132776861
1187637510
3435700059
3853172652
1777314249
1938561858
1518670951
2634774856
1678327477
3812275006
1854747699
4178337444
3514010721
1650404602
1329875647
2298497984
2030812877
1975305334
1618764811
995744924
1556857337
3607918002
1627540503
1170697528
2872459749
3212377262
2598997731
3775863188
4051872401
4225422698
3533207663
883604912
982067197
2259958758
2157188283
2384721292
2255398441
602745890
2718707655
3224378664
3339768085
978280990
740775315
1166823556
1295127745
3871496666
3993948703
2207869856
1382391085
88559446
1840951659
1220020860
196826713
2880781970
192790391
1650755864
1898703941
1379197838
2018609219
3876782964
2781137649
2776414794
1256347599
2412467600
2895388253
3201105606
1062943259
1032133484
3595883145
1034661122
1844575015
2252583176
333091701
2137030910
2217944819
3857855076
423480609
4029740730
3440249215
4009720704
4257721229
844909110
2476781259
2528782428
3298695865
2530703218
751035095
2037159160
4197435045
600390254
3008836003
2990071124
1382030161
616959786
1129113391
2729762160
4084417725
13382054
1064701819
3326488908
3652857577
3523190242
3993925255
1832793320
2147386837
4213575646
2013833299
4223009860
3098457473
3068330906
387576031
137001824
1674177005
1555281174
4270218283
1977103932
1837895449
3618316370
1252832823
1725403352
1104793861
2330853710
55741187
2717427508
2691472305
2683229194
4239402639
3361690960
2109643549
2053756038
591172827
1994340140
1555479369
3458268866
2117706215
790079688
1293199413
2455244478
4110408115
2756691492
2057096673
3473965178
2735376447
3356650304
4177811533
364534
1187232139
2995401756
949826425
2305308978
386939287
1117617336
1338116965
2052798510
194745443
298475796
84036625
2569996522
1675892207
398638384
1175331197
1969088358
4177971771
432549132
2002941865
4215787426
2789965127
3251113128
3367303829
3316546974
3564157715
4181161988
2048923201
686910810
4088909727
3819916064
3188651693
3020544726
1890633451
2504532476
2749990873
2739323410
1875274999
1622562968
931165637
2160647950
1535790531
1495665396
3241749617
4005473738
297841999
1675040016
3539589085
1465936454
992784283
4118352620
2379572233
4272689282
438044839
1464295560
1282899189
2984336510
3685960819
266672612
2656079521
280873530
939116287
3422100224
1065469197
746100150
3970270283
3800694748
2039024697
4169054962
1588023383
1360667768
413995045
3371103726
1853273891
3414402260
3794353361
3671442090
1260258479
999578864
924433981
2720619814
3490071803
3429492940
1344766057
1501938018
3112387591
1569563752
1039413077
262712158
3156184531
4191202244
2588292865
783128346
1252552287
2917653216
2515845997
956940438
2532962731
3670527420
3482566809
944251858
428532663
3753959512
517986949
428178638
2881015939
3092983476
1089109297
4088153994
13894671
3924989136
285594781
4084252678
166431323
3708989100
3127954633
1762452034
2421763943
2123552840
247665077
867985982
319651635
3295817124
3977842529
2264454138
2996553151
1920174784
1711272397
3312802678
3087404811
981044124
136422649
3990551730
38348567
346197048
2175849701
3578033070
1722325475
1797564564
2190798225
729431146
3485119343
1978252464
2337676029
82744038
2805235643
3790300300
348735785
1719235362
3598043847
2689530920
1014768661
248813854
1775575187
2034343812
3789625281
2044166362
2729168159
3197381280
3761983533
3648218710
69327979
974600572
3511335257
2154775954
2797214327
867641368
2226650949
4209236622
3734901571
727192180
406883825
3497501002
11145935
2725368976
1554157917
2891634118
3526960411
292293228
4081644937
1728279554
4021360167
3837399048
1354196597
766064638
902722035
498532708
2411089953
3280051642
4189095039
4081171072
3242122893
2562449718
2611304907
2383992668
623312313
859635314
3233136087
3170284536
2005752229
622571886
1055997091
1013804116
1057316433
2363258410
2289705519
4001553520
3347265469
3681388710
558987899
504143948
906482153
1541596386
1810043271
2848723944
3775715541
3102885598
3629216595
3007992644
3652237441
2083465882
1115810783
762591840
1369611501
1124518934
183011115
1727423804
1238266393
628893522
907284791
1817784280
3049841669
2326001742
2667189763
3722229300
4294663857
1726003978
134406543
2501170256
2593132061
2682170246
2530574299
910501420
152952393
307217858
115588327
2306672584
2400484149
1969735102
2662737075
930321700
1860718817
404236154
3019375423
1176742464
1711180621
873211638
1245930635
1898439452
3512276601
1382334514
413996183
970365880
2801966693
4264865582
34643811
1260253204
809144081
3233574890
3424407791
2367667248
811668605
593903206
2703045947
76389388
3835894441
864163490
2827688007
1506077608
140922261
3284251806
3260319251
2745878276
3396671809
1735693402
820693663
3527936544
1592437165
3817075158
3188584939
3575992572
2581523161
2435762450
2790836215
1499920280
3201468613
4001748494
1468848323
3148421620
1893396337
1487377610
3449712719
2308674576
1871596253
2881241414
444635803
2942173676
2360313609
1152505730
1689330599
748404616
110776309
2696418174
1753519987
3983010020
862917025
2524737850
1211253247
584669696
687798285
3844484278
916467531
929476316
3447189305
2501001714
1223633751
990004088
2094048037
1716481262
2059846179
1660302292
787775441
1222257066
2975940527
4185938928
3400511805
2593698854
1230483451
3643693004
291185513
2803304546
2066603783
1341752168
1330152021
2768429662
2728286419
102955716
3169729025
761773594
883321183
1154456032
1020491373
3903510422
