2864986947
2771917428
1406203377
2285693258
4166957775
2576243856
2403694941
3473972678
2334412059
256709228
1223056777
2675031042
3321544231
2271713288
4290203253
2937585662
1948162547
532220260
1090566177
2444813754
2167352447
3013624448
2017183373
1342417206
200966603
408674140
2814272953
1348290162
537486807
1361460216
908542373
3445389678
569074851
1460761684
3163145809
3590700586
3124939311
3500369008
2170167229
2479313062
3415253627
3576801356
202979817
1379216610
3200301447
2549980136
4257267925
2223312606
846568275
2534431556
435101825
3301601946
3642004447
2849423968
752059629
2297598998
294760235
192769340
970578457
159412050
2264643895
1024243672
521587717
2517155918
3804773891
1531231796
2574501553
1399718666
1574930831
1144609872
1436218909
534541190
3160975323
2829987372
2040743497
411438530
5596391
3845296072
3548144437
4246638014
3735964851
1056808228
2551888097
1830252410
3281955647
3767153216
1600353101
3130781430
4047539339
2985487132
3369631353
3477932082
86555799
3910017976
4110714469
1589475118
4038248291
3981047828
3215390481
1655551978
806156527
3947381808
1721760893
2634548838
3422838075
876258316
161252009
2610716322
1922089031
1157526440
780285333
2040298654
2988486163
284741380
916160833
1524096090
598045343
3971125792
1887670701
1555544534
257890795
875845884
852644569
2029719826
3630723063
2300739480
730362053
2519899662
990052547
1150886388
3493549937
3254574282
698554447
2026380304
2600547037
1359087942
3569074843
2655980012
2149379849
1622155138
692767655
3378071432
3362404341
4139178878
3525623667
41545956
1015642529
3125000506
2281761279
524804608
1288429581
50197686
1011177291
918140636
2715768633
3116534258
1788007255
2369899384
1111132965
1193293038
2635131427
2494184404
944302033
2341695914
4017743791
1538319344
1700174141
2642574374
484890619
2304991180
3980168041
3371782242
1683719943
3225095016
1724672597
220572254
1343389907
83428036
3170673153
328402458
730403167
2235703776
1825857133
1562812310
3024831659
3657106620
2350353305
551252690
1367336631
2707687256
3300054405
406731726
3727983491
217400756
820488241
900298378
3530123023
3204094928
3292016541
4284166
1457364315
334472620
2903726025
296743234
2409296487
3013328712
3678457013
4053854526
692187699
99484836
2534210145
1258144506
4111853759
3885584832
3577023693
921287286
533258763
3127919260
3012751353
427674546
1325902359
2910925624
1250512869
1279570606
2982530275
3639754644
3207567505
2457267050
3477706351
2308785072
1111356925
318157286
2700612283
3630947212
1740198953
1410073122
1122045383
1769169704
56581909
1960876062
1191908243
4006672004
1976730305
2696671194
2004840479
3410325920
377875245
2013218134
2467704683
4036063356
644449369
3940652178
1359093111
3583069976
2002123333
3253442958
3072116291
538519924
3023616241
3493056586
2398254543
1586551696
4127190109
2337961158
2240690203
3981443436
289833097
2235925250
1107679527
3820615432
3368034677
60602110
2126898419
2769934436
3496295201
2969930938
4053641087
1899921792
1298069901
606027830
2391485643
282496604
1051936953
3091123570
1900495063
2039241464
4205892773
4092260462
2039574435
98698068
2904230225
2031625514
1715209519
2630706032
2182484669
992257958
4210560379
3843299148
3922910441
1989440482
2095142023
1617394408
553325525
2794276318
2445960787
172010052
3923583873
1947376026
1313378015
3598483808
576206829
1526835990
4269791787
733453372
2726837529
2160948818
4121891895
896161496
2419187461
4177180494
1887160579
2848247092
317622705
1935403530
1442727055
1598741328
353921309
269306502
1670222555
3459259692
2104912201
3576747202
256606183
1500769992
229127733
40518846
762353587
4223495204
3511827425
1041962618
609756735
3019338048
3389630029
1482589686
994850699
3450640924
1140875641
533040946
1343330199
3777184440
4285602149
2211638830
4281586275
658081556
449526289
20389610
185676783
2097234736
1772023677
332160358
2376517691
857477900
2756257193
710059426
1092377415
2228703912
2623506581
1475064734
3943725331
1393040900
1641841729
3210150746
3064229279
2124894496
84624557
1944965334
155731179
4281174012
1630778841
1281300498
507955959
2427395736
470188997
3811284238
1964084163
2511876340
3318291057
3236021194
3729576783
2296945424
3326191069
1813635142
3013324187
441448684
2187530761
3677480578
2251024039
3565790856
3870886645
2211025534
1342311027
3851993060
1116994721
67002426
4093994239
1736712448
536154893
560434102
2563506763
1152542172
2218408505
2580680946
707178071
2483415672
3314163237
29141998
225244451
146328276
3774884561
2895370410
3565757103
3522749168
4254633021
1521341222
2076459771
105107148
2279353961
688297826
2119311879
1988291176
307019093
4273725790
3449637843
2229752260
3868239105
1950952730
2001931359
1535500512
4083093869
4035163798
2251255723
2662544316
2200694425
2002155986
1770602935
1998562904
3885230213
1715352270
4020113027
2410894516
92826417
444947850
2661163535
1663703760
1849402013
1027618310
4168648795
4117730476
1892448969
822655042
4117171559
3569032776
1353883573
3715801150
3241819443
4268479396
2364177761
3564071418
2271568831
61116608
3823189965
2365215094
3653930251
2309484956
2149634809
807686834
4266034455
32789048
2042356453
862464430
788322275
908054164
2558122897
3169735274
2573455727
57950896
46328061
2374568166
2819653051
1649101452
1162606377
3966781730
3812796615
2502574632
3749884437
3502100254
1949359763
463357316
1085900225
1151932122
387214111
3302502560
3792936493
3196279894
133519979
4261977980
3912296281
3950222226
909539447
947645976
2140802373
670208142
3403764035
58079348
3404495857
2718349130
3451007183
902781584
835084125
3779087302
1961108251
1129246828
1500685193
812993026
1807545383
2580043272
139785333
624782846
467218419
2717296484
3642080801
1093546938
3308790399
3222847616
1787702413
1758910262
4043823051
1884110172
2020879289
2893829234
2335251415
1521383928
147220389
2660591470
2929949347
4214133332
2583186513
872844330
4032905263
959668848
4259186109
3927834278
3041622139
183666252
1297645545
2924460770
3735940999
9263592
549545685
3283188958
3649778003
1391262020
4179043969
2721497242
3702032863
3529392224
2246634221
2343354902
3780773163
3505244988
872587289
1383497042
2735632183
3833853400
819524101
2382933582
2979746819
482401332
3467988145
958779658
1648951183
144202320
4121025565
1977229702
731807195
2813201452
219515977
4080507842
3085802215
594628040
2321549621
819067838
3130974899
3958979364
265666273
2616900986
1413325119
2493558848
3367754061
1119689974
2437145227
2355251484
1844724857
2560235058
1336308375
2381603256
527019109
2298766638
2535513443
1671763476
4265311505
3550250474
809594607
1526088240
866771581
1848423526
104149819
2214167052
3502360745
1751444642
2673079879
2557227432
2999507861
2371283614
3094103059
647195908
1483310913
3199347290
3469699231
1540886560
1402927021
3317688278
622686187
2334308092
3294697689
371138322
2396071415
1257749912
135304901
3191901198
244061891
3344121844
2309152113
2174921418
321031759
2739214864
1586370781
3637360454
3748108443
2253187052
477443337
1393536386
1756955047
829818248
328457717
2516076926
3091944819
3090386660
3656023969
4136961850
2603999231
956063744
3542763021
1751982774
759082315
833033436
560012601
1044223986
2321975639
1267075448
711307557
4168426222
3006595107
994269652
2651024849
493895594
1875140015
276619760
2833678141
3614779942
3180178939
287325644
3225932137
3564101218
334806279
4236691816
844697685
2741901406
2341738195
1381081284
1735436289
2346406938
3024684895
4177895392
2146813037
2591870358
2784991915
1617388220
3138146713
1613594834
2554240183
4220994904
3523279749
2656709070
208902531
2934793140
880094769
3711779978
1459543311
2375391696
3511358877
2816150790
318731099
48989100
3629227465
3921510210
3437176935
1133935944
2695918261
2859489086
4020144179
2724569764
2685665377
582815994
3235962559
619433920
513372877
3886475382
4156045323
1943773340
326809081
2804341170
976314391
52654392
1450866149
2997330094
2376065763
231300500
303046289
1396816234
2242514031
3246866864
575921149
2746703846
3189041339
3055991180
3433732649
1815121954
3947905991
2359107880
4231136533
1001850398
2378344851
1374131332
4008478913
3144826330
332752415
27717536
4289548589
4154684246
4139812203
1148964476
4173613657
442606226
504812407
1176669464
459939909
3558180750
2517752899
1062160244
3354148593
1840619082
1688071119
256498064
1922617949
1086464710
153488923
21618540
1365952137
285282562
4078964519
2576528648
4000696181
2214208766
4216879859
105870948
2333229345
2989677242
2885590399
2418999168
4291387277
2385145398
3815801547
650112092
2231439033
2635455346
499578583
3834419448
2422733477
1029430894
1898022307
653730132
3005321041
1993405226
145914671
2513789296
615643325
280188326
2861228923
919401804
1722426089
1768358370
2485553799
1752119528
756267477
1274131422
3115842643
1628784708
2006788481
3208046490
875857119
2373713760
2273680877
2331236630
1780494379
3944741436
508101401
4001072210
1058654775
978949336
822871301
3308430670
1445388035
2755193652
4240969649
348895242
851425935
807524688
657936157
3242391686
3298519259
623377196
1484828489
3801768642
2856039911
858434760
2040781877
4166365886
909716915
4289792548
2208645601
4139148410
55516223
1921380160
2340031565
3921130486
2737278347
3725850652
1991518073
2848628018
3018280343
3749806264
2230206309
3729906734
1752819811
2458690836
2583150609
1239280874
1335732719
1965506864
4106278269
472451942
3853491771
382923020
3204869033
3318952866
1027051847
1874661544
2713595541
2313036190
3392409363
2073738244
1245874753
3370733914
472277919
1950666528
2352917165
3257794262
316578539
3356747260
2354740185
1178281490
3657924855
2818333848
531016133
2540798734
3077743043
3379187444
1271439473
1950323146
2015643983
3084753168
2481359837
119377478
136283035
3527792364
2119391241
944338050
2163350695
3491652744
2130358517
2638413950
3137380467
1783258596
848102049
34057786
764566271
2209390336
2523625741
1208924598
2845661259
3986146268
2840854585
386211570
995255383
2747410552
2697806885
2605292014
1047071523
474605780
2672996561
1311286954
1898682543
121430256
2537583165
2212004134
2453870843
2583211212
3330241641
993338722
3577960455
1111926888
4143014741
1799114590
972480979
1563946948
1872538369
3393813274
2456486495
1304518368
1117288301
3406947478
3283862955
253202876
1673049241
1264617426
2376071095
516613208
3019509381
814883022
3837076611
1520661172
3987599665
3989908362
2878052367
775755984
493258909
2953962502
1450335835
744714924
329433289
2882422338
3322102631
4029537352
4214900149
3363966526
1684984627
3789255076
9012065
2783361018
1367890367
997134016
3042813389
3069149046
697426699
1762348956
2644547833
4001718450
2999466775
2702086200
281348325
973281198
2108616163
1341058196
1542611345
3312525418
1142703983
3017162928
3505442557
3313612518
