2929042395
2103376428
2749735497
2861349314
3744735463
1365908424
538345269
68811198
4068133043
3586648356
1185453281
1274256250
441771839
3216195136
994119501
1829034742
3667691659
3456546588
86104697
363770930
1319532695
425242552
3365249637
2856575790
3784196963
3084338196
3239826193
2168775658
1161966831
283398192
2824116349
626782822
877615419
4235292684
4121747113
421071522
1248689223
2317090728
583684501
1483597982
4291504659
201923332
3770113345
2481588314
2467933855
3246497312
3922668973
3786843606
1851332075
1028531452
3697913561
1616035090
1382296567
1674775448
1246203077
118426126
1430027459
2632740340
3904779121
2689206474
2132169807
2508859408
2376322781
2842424646
2451881627
2903234028
1694190345
2493696898
1227196327
3931952008
2338345973
2824750974
414006131
349191396
4180891041
2022434106
1060316671
1287450112
1787132941
3046301878
2950517579
1071219420
2948903737
3440391666
604802903
3579336568
2468849445
2555551982
1604871715
3989014484
1054458833
345415082
1948984239
2459496432
3488036157
3775031334
2389562363
2980457420
2179524457
4267834466
2603893511
1076139880
2674951765
212014686
3464035539
1637174980
590642689
34681370
3648605535
3999084000
3053189741
407997334
1535197355
1981862076
1967843225
1797201618
3648496311
2581631832
2932732293
2227611598
1210711939
1507103156
2089190449
3563233930
4116226831
3003688912
3988179869
3386329862
1535285595
2830660012
680375241
328113474
745647719
2506836808
2962417845
972313918
2659610163
1607487652
3184711265
2494689018
3368297663
4015676864
1355458765
1437247094
2577194507
4238085788
1863601145
632780722
3028117015
425967416
3033689061
2401443502
1108953315
2358741908
651981969
837162858
2138493551
1573998512
4054487549
2107809254
2545618619
2897913740
2164371497
1835052578
347457991
807989032
476019477
2164917278
4063072147
2029601412
4096155329
4037417946
535538719
1420590496
1267304237
3579195734
4270336875
1807957116
725147737
3289464978
586537335
4158249752
3368883781
371197326
1825456707
763655540
2398328049
3680042058
995996111
3052070800
1918535773
840720582
1299133467
1411698028
4284275849
2165321474
2547553575
2455077640
1282293109
3466339070
516317427
310912100
3175552801
841332922
2647122815
3746270592
1120966029
453782582
2325424331
3624819292
2211488953
3915676018
3199794391
356181752
441839781
343235694
3550538659
3759361876
3521373521
3673379114
4259660079
2588766064
2455678653
956076966
4076276091
2976834380
1672952041
2681544674
632426631
2045314792
3059167189
2875371998
1705566803
2381641284
3696033665
3513304474
2905656031
204442976
1597494253
3330578198
2855130667
3522521148
2666764569
350822994
1302253623
2373903064
3842308869
551232334
1844004099
1136400692
3636815281
2532120074
1206222991
2784028496
5178653
4294653574
1789562587
1393617196
3123234121
4142366914
1511668711
3772480200
3685896757
1008054462
4096594867
1219999780
3763345377
2728870522
1694392895
340819264
1431781965
2474078710
899167115
1710253596
4005150073
2715237170
3246347159
3097349816
1886532965
1846106670
520048227
4093039380
1487934993
3514714858
1177972719
801984304
4140010365
282085734
48350267
1132650252
1523155369
2407485858
4243134279
4247051944
1243063445
1097670558
3819631891
2621991428
610820161
3591974746
2282269087
3970325792
1707532461
1503444182
1899118827
477582332
825954777
3345400850
942835447
714058392
271949765
3401056526
3057321923
2285599988
3535533681
2833182666
3517976399
1255843600
1012154845
288607302
1978968475
154977516
3920719369
1322553986
32940711
1086141064
2602510069
404815486
964331123
3726576612
3484276897
4160130106
2233966847
1177103616
1562291981
212629430
223608395
4194447836
1888458297
2563751154
4220545623
3008132728
602356261
2711558126
4008997155
2483164884
2483095249
2538013866
1865047727
3322998512
597239869
3269312294
3929751291
2796985036
1459128937
4129244002
2300239367
1503426152
1952504149
3102297438
3874736083
1605606852
3577250049
4034353434
1999849567
2379279584
2482417005
3160318614
643132331
2131296188
47139481
88745426
2171665847
1590440536
387908741
4185300686
1887668867
2797772980
3046590257
1928235402
1333616143
745023184
2334801565
59122182
4060972123
2590531756
3736524489
580346946
3727542631
834316872
2272574389
3095268414
3379476787
1853759396
4095760737
64198138
620994495
3969227968
4008106957
2490056054
1150191883
2818817436
2316447481
3624795826
1806450967
1963384376
1635057381
1962317230
3460322275
1274354324
479639441
1846378090
1333857647
3302510256
3718219005
3437556966
2344843707
3737785996
151278377
1299510562
2030527687
4010790440
2448608789
1201093406
2856540819
1408668036
3078447553
3527623386
24160031
1198472352
3733404205
3700050006
1549227627
3983174524
4100997977
3092465554
2283418743
2046065176
2256611653
1389821070
2273496387
185697396
2048350193
383509322
4161629391
2455332496
294714205
884094918
565518107
3931356268
2851667849
3421500930
4253003815
4086555144
1567821941
854383102
1053404147
1435824996
1986501153
1476288442
726818431
1062587520
1601161357
4168336182
3456619467
1135937884
2080475065
693239922
3499284439
764216824
366707621
1842336622
128120483
1737481812
1261512785
1469167658
2113567791
1407413872
2845221309
1822812838
2319086715
2944225868
3786202089
3477104354
997108615
3711886824
3213722325
3812026590
676965715
3033613636
1408696961
3980192922
1837155807
826362976
4198008557
1742712342
1710752043
458987324
2799565849
2319591762
1793993527
2345173464
2870742533
1016666702
2784546819
3773311028
3640404145
1986460938
3256892303
2221827664
3024648221
3262647686
128678363
2629752876
473425993
1688094658
783046375
2248726984
2581210421
1563256766
4098580147
2938341156
1061395169
1178003834
1054072127
908704832
3279517005
3330672886
1551883915
1624642844
1193123961
375112242
2835623575
3432967608
3990538341
3521827118
2782681443
4069679636
948984081
362000874
1364634351
1525829168
3426647677
2682298470
1214263099
2626702860
296887465
1967233186
4279284295
65650088
3656447893
1099454110
469155859
2114173188
4083508033
1931761242
3257115807
587668512
1540002733
3424572374
1442278379
2090631932
2061006041
3839281938
145547767
1678264728
2444210885
3699177486
916820675
335973364
1258666353
860870346
1685441103
3395757584
403748061
2325193542
1722848411
359248876
3325268233
3328334210
7585191
2832830856
2036988405
3439310206
78893427
1458166500
4151597985
3762107194
3326614527
2295426048
4022592013
1281494710
1656138059
1395056860
2888202553
3907732466
868238679
33330552
1446169893
2802290414
1940683811
3099370964
3178514897
701721514
3763706287
2177166832
1247222589
609556006
3908348411
3921873356
2312383849
4181232226
2997713159
47207784
2111646805
3628827742
4292514515
1800268996
2659746817
1438220314
3323544415
3028331488
939352173
923253142
4279604907
1156394684
2434772377
4057017554
1464503
2457063768
117184389
407016910
1682511235
1345105844
150211121
2941677706
1439570191
3959662032
2712252829
718338310
3246681947
2014597036
4172020169
2331781954
3247826023
3687188808
4175597237
3626222398
1254294579
3903319716
129621089
4157684986
3899595455
2936855488
2031029965
2546455670
325858315
778529948
735842809
2864743858
1871125527
1030094136
2074317285
3001420974
4224933603
1171171732
1922890385
3591431530
28788847
807095728
3902830589
2009287654
1320674491
2597684620
4208129577
3571792930
84213703
968011048
135405845
3711988254
247801235
4168081540
505439425
1186752986
2204191
1030618016
2207313197
2522505046
4094853483
1745721980
3396576857
2599505554
2951384951
1724586264
2546023493
2510943118
430135363
18518900
193403633
205179466
3437832143
822338960
1976790621
14945990
1525090843
2826873708
3294700169
204193026
2161298215
1586381064
3573801845
2488897790
1631123187
3223175780
2564037921
515049146
2349390207
3768322944
3021667213
1987533366
1633713867
3327637596
117336761
630949746
454603479
2929403128
1257051813
2068204142
2299593123
3850923348
2966055761
470556458
1278981935
2377477488
735745213
3622519206
476700539
1938276684
3580788457
1107799522
1691829895
3360736488
2505037269
1176969182
1131837523
1630114884
4209837441
3085767578
3070017759
3582921568
4081400301
2547434774
2276338731
2579351100
3348389657
2314678354
921273911
4040040664
2428444933
3128103246
24402691
1385183028
192867249
733799434
3230070415
2703746384
2035149597
714138758
899179739
1248380716
4195552073
1672548034
216691175
821180616
2324559925
3613466302
2731911603
4178269732
2474843617
2795671674
1473599551
356449088
3047663693
1982898166
4283664779
2931278876
1045267321
3812378930
3040151959
1163660472
1892637541
1172850734
639984739
2745823508
2428279825
3179616490
379774447
2186497328
1489334653
1116534630
3033176635
4154047756
1248249769
979361698
14961991
2389351592
39209621
3367996830
1487833875
2705000452
2108581441
3674963290
4050296735
1420024608
4225386157
2839341782
3433600747
1304277500
3913406425
681759250
1943223543
3991704
4273325509
2891837198
2256281027
810392308
2174450801
2946285002
3882321231
70231312
1356408797
2241296966
341344155
3247612652
713143305
1800151170
4103919783
313651336
1447087349
922381438
710483059
1865460196
2693193377
2707413562
2996082431
79014656
1383404813
3836978614
1610961995
994545628
2458475577
761449202
2090606679
2976429176
1510629413
411829742
2647688995
1274229972
3946024145
1010553514
2007815343
3048533232
1948323389
1969777958
983176443
1791719628
1249628265
2007880034
3354137607
734016616
3957686101
3670653790
3375193555
1952725956
2938406657
2715264794
1982545503
1382836960
3524268909
4165783702
2512503211
3083689404
1346113689
2696164306
90682295
618098776
2925865605
1361743054
3548029059
1175633588
2795294001
4187641738
3091911695
3789235408
1630872733
2948059142
2045205083
834420396
2792168649
3166499394
2259287911
2207082568
886858165
149256766
3531820851
3192765860
681533281
3769295866
3271988671
650123968
524501453
3485494134
3056983819
2143755164
2222060793
231673010
1879963415
1652628536
861807845
3102835630
2060610019
1780758676
1492073873
3656404074
1176077167
2409254064
1118661373
3997016806
2425900987
3504141452
2255329577
1941013282
1756273351
1149992
2931651605
2986715422
3484610707
1449471876
1477404609
3188822234
3422461215
648592032
1789304877
1925609046
1975102571
3417098620
3712158041
3689633170
1248258679
2925377560
747458373
1318644366
3543130947
4288651892
1933762033
729133386
1777394383
2179622032
3475104093
112321990
2835674395
2124782188
2123711881
2982380546
3520194087
3276054536
3810571893
1658996734
907297267
1109561700
1418502177
4131630522
1877693567
3005106816
1892822669
85389622
4104464843
1341548380
1422347705
1312886386
1313508823
2288337912
3918178725
2899886446
132844707
1241316436
850374225
2556593706
413725231
935554160
1227524029
3939276966
1501907579
3985518668
1862017513
1747645666
1374413191
723428328
1738418389
1144215262
