71919111
1831427688
1056481621
72250718
4043755475
1071318468
313051393
3554345242
540201055
989517024
3112662381
3697855126
3133764523
203253692
1984467609
1025691090
308381111
3644004952
4140354693
2193999566
3682112131
2120485044
540643121
2380018058
3330205199
464260816
1745684125
515525126
61049947
238471340
631381705
2201619522
4250947943
830181960
145785781
2721526846
1439023411
68781988
2691998049
1623932410
4068943807
208897216
2677777357
491349366
2747699467
2567710108
1223653113
3153766066
2980104471
3097609784
818071269
2174336430
1551457251
101352084
1058865041
3079612010
470193519
2748331696
2661698813
3589086438
689799611
2207022732
72588073
2938871074
2654858439
3573855784
2077398549
3651429150
987652755
956692868
2763368897
1389292250
2507681567
335619232
207618605
406614102
1213423211
476500860
280071001
844361618
1695726711
12804632
2004021573
1825449102
989844803
3248155764
2793512945
3102837578
1008137423
453332624
683393885
4119748550
2362648347
436872300
3953936265
2562366978
2327459879
3116157448
1643567221
2001601022
1437119475
605576036
1988354593
2786985914
668853887
4070290560
4234973325
821685046
147315659
2326098268
128372665
593930354
646930391
1905257976
1517374373
521861998
3798204067
881673812
3548344401
2084266026
1535640623
1078154864
2296736189
2941653670
85752955
3290937932
4223935465
1897860834
2460824455
2107362792
2427800277
3823898846
1199355219
113814852
955730561
3002111130
1955614175
87766112
4166602477
3879327254
2977696043
1413480252
3018277913
3999977810
468628279
117402072
1968559621
255345230
2851985411
3730411572
254701745
1201972490
1529987983
2390904400
3451600925
1358706054
3562111451
4032643116
2696097865
1167126466
2985221863
4204380616
3919965493
607555518
2645714611
512683812
3676824289
763269498
4066862399
1691853888
348011853
3602133238
2059921035
1705934108
3884640377
3466095154
2533930647
4178171320
1874366565
1339947310
3575996771
980929044
1856413969
3177535978
3354145519
1018836528
2446673533
1144572006
2831824699
2300753420
2459004073
4282925218
274152007
1185850792
1516289941
3638918814
3517040659
2766348548
405646145
637533786
3292212383
3865642016
4063452077
3072392150
151221227
661187324
3232349401
3676795666
364210679
3148296600
4247878341
2411995150
2469567171
3227513844
3539992945
3686104778
3666825807
1038290448
4224416989
247712582
2631834779
4109376492
3581335817
1669136770
29246887
3016915336
3699229173
1051778430
1218632051
3476898532
1998627745
145546042
3101926399
451367936
3176180237
1547187894
1820766539
2112309468
2841362745
122678258
1103940951
4275010936
3713570085
430094062
4286415907
3817475540
3914502609
4241298346
2012422575
1089787376
3191202621
1381318182
921088507
373125580
3111875945
325530210
100401415
3489480040
1972696149
777038942
1410177747
3474281668
1259916289
2646419482
1262013279
1330287584
783165549
3048333718
564764331
3382810300
1471739289
575263954
4045856951
2927278424
3687178117
3560029646
559816067
325982132
716591665
3605272714
821010703
2967965136
397179293
3433373958
1765439323
1266857900
3669443017
2352927554
3370675303
1697050952
926832309
477948734
825887795
3521336996
3006145633
157869306
2719130303
2357904320
2330187469
3477470326
281295883
3876574364
3453573625
3612159410
630957079
4070630712
3490798053
1109996718
3962332899
3145994644
3695395473
2083687786
1113378927
3031643568
3536273405
1466659814
2452745403
1865936268
557989417
658236450
576423879
2034734376
1058138389
435001886
159395219
18827396
2591599809
3420983770
2420714015
2543838112
2726933805
3500967766
2385414507
782893692
1507126873
2912024210
218306423
792330520
2647852101
2185304974
1061183555
1128528756
252797681
1525707338
2501029839
793759120
1176385117
3898619590
2082804251
3621065580
3241437833
429286658
372069159
1314334984
3064441717
3545938174
4063756019
2185308772
3088082209
3245518522
2494849407
4051825536
3526869901
4254958134
1514178251
1961369692
2512630457
139472754
20265687
71175416
883089061
1328640622
3857844643
237360468
2688070481
1029031722
3186179887
3216332144
1414094013
2436589990
1567352699
1473390924
983942889
1954960866
3560296071
1649257704
3549928917
2440841182
3971579987
1992358980
2400013697
574667674
3660335327
3609785184
42336749
3050368278
2706519083
172109372
1740482329
650106962
2282360375
1302661336
2417551621
4289870158
2543411971
2074189620
953234353
1234865162
4256726671
3235630416
1809888029
2142571654
3630066907
1034366764
1504596809
625194690
3092052455
1864573128
3615080501
956974782
3864834483
4229348900
1854367201
2190096506
931717183
1099752256
2819387469
1962854390
4223373707
3140496412
31116153
605614386
1398378903
593949880
3083674469
2256236590
4153306211
3878639892
1307763729
32948458
1096314351
1237005616
2273065341
4253359974
4216627771
1405887756
912658345
4110845858
1246418247
1791984808
266736277
1253881246
3094975251
733638660
1905700417
3532072282
799156127
3852845856
3278048941
3537834710
1842650859
3492420092
3795001305
4153637394
1090241783
3648770200
3210186181
1917130510
2502501827
2823226100
548783217
1151493578
564202831
759926032
766767069
1885577798
1084655515
3770223340
887421961
2298923138
1040670887
2269829256
3597964533
3813381246
677913715
455348708
2136155809
1584366138
4048559871
879465216
3777092877
2200554934
1744133195
229111772
3537806393
1952936690
1523099735
4292582520
3327141925
3989253614
