1793993527
2345173464
2870742533
1016666702
2784546819
3773311028
3640404145
1986460938
3256892303
2221827664
3024648221
3262647686
128678363
2629752876
473425993
1688094658
783046375
2248726984
2581210421
1563256766
4098580147
2938341156
1061395169
1178003834
1054072127
908704832
3279517005
3330672886
1551883915
1624642844
1193123961
375112242
2835623575
3432967608
3990538341
3521827118
2782681443
4069679636
948984081
362000874
1364634351
1525829168
3426647677
2682298470
1214263099
2626702860
296887465
1967233186
4279284295
65650088
3656447893
1099454110
469155859
2114173188
4083508033
1931761242
3257115807
587668512
1540002733
3424572374
1442278379
2090631932
2061006041
3839281938
145547767
1678264728
2444210885
3699177486
916820675
335973364
1258666353
860870346
1685441103
3395757584
403748061
2325193542
1722848411
359248876
3325268233
3328334210
7585191
2832830856
2036988405
3439310206
78893427
1458166500
4151597985
3762107194
3326614527
2295426048
4022592013
1281494710
1656138059
1395056860
2888202553
3907732466
868238679
33330552
1446169893
2802290414
1940683811
3099370964
3178514897
701721514
3763706287
2177166832
1247222589
609556006
3908348411
3921873356
2312383849
4181232226
2997713159
47207784
2111646805
3628827742
4292514515
1800268996
2659746817
1438220314
3323544415
3028331488
939352173
923253142
4279604907
1156394684
2434772377
4057017554
1464503
2457063768
117184389
407016910
1682511235
1345105844
150211121
2941677706
1439570191
3959662032
2712252829
718338310
3246681947
2014597036
4172020169
2331781954
3247826023
3687188808
4175597237
3626222398
1254294579
3903319716
129621089
4157684986
3899595455
2936855488
2031029965
2546455670
325858315
778529948
735842809
2864743858
1871125527
1030094136
2074317285
3001420974
4224933603
1171171732
1922890385
3591431530
28788847
807095728
3902830589
2009287654
1320674491
2597684620
4208129577
3571792930
84213703
968011048
135405845
3711988254
247801235
4168081540
505439425
1186752986
2204191
1030618016
2207313197
2522505046
4094853483
1745721980
3396576857
2599505554
2951384951
1724586264
2546023493
2510943118
430135363
18518900
193403633
205179466
3437832143
822338960
1976790621
14945990
1525090843
2826873708
3294700169
204193026
2161298215
1586381064
3573801845
2488897790
1631123187
3223175780
2564037921
515049146
2349390207
3768322944
3021667213
1987533366
1633713867
3327637596
117336761
630949746
454603479
2929403128
1257051813
2068204142
2299593123
3850923348
2966055761
470556458
1278981935
2377477488
735745213
3622519206
476700539
1938276684
3580788457
1107799522
1691829895
3360736488
2505037269
1176969182
1131837523
1630114884
4209837441
3085767578
3070017759
3582921568
4081400301
2547434774
2276338731
2579351100
3348389657
2314678354
921273911
4040040664
2428444933
3128103246
24402691
1385183028
192867249
733799434
3230070415
2703746384
2035149597
714138758
899179739
1248380716
4195552073
1672548034
216691175
821180616
2324559925
3613466302
2731911603
4178269732
2474843617
2795671674
1473599551
356449088
3047663693
1982898166
4283664779
2931278876
1045267321
3812378930
3040151959
1163660472
1892637541
1172850734
639984739
2745823508
2428279825
3179616490
379774447
2186497328
1489334653
1116534630
3033176635
4154047756
1248249769
979361698
14961991
2389351592
39209621
3367996830
1487833875
2705000452
2108581441
3674963290
4050296735
1420024608
4225386157
2839341782
3433600747
1304277500
3913406425
681759250
1943223543
3991704
4273325509
2891837198
2256281027
810392308
2174450801
2946285002
3882321231
70231312
1356408797
2241296966
341344155
3247612652
713143305
1800151170
4103919783
313651336
1447087349
922381438
710483059
1865460196
2693193377
2707413562
2996082431
79014656
1383404813
3836978614
1610961995
994545628
2458475577
761449202
2090606679
2976429176
1510629413
411829742
2647688995
1274229972
3946024145
1010553514
2007815343
3048533232
1948323389
1969777958
983176443
1791719628
1249628265
2007880034
3354137607
734016616
3957686101
3670653790
3375193555
1952725956
2938406657
2715264794
1982545503
1382836960
3524268909
4165783702
2512503211
3083689404
1346113689
2696164306
90682295
618098776
2925865605
1361743054
3548029059
1175633588
2795294001
4187641738
3091911695
3789235408
1630872733
2948059142
2045205083
834420396
2792168649
3166499394
2259287911
2207082568
886858165
149256766
3531820851
3192765860
681533281
3769295866
3271988671
650123968
524501453
3485494134
3056983819
2143755164
2222060793
231673010
1879963415
1652628536
861807845
3102835630
2060610019
1780758676
1492073873
3656404074
1176077167
2409254064
1118661373
3997016806
2425900987
3504141452
2255329577
1941013282
1756273351
1149992
2931651605
2986715422
3484610707
1449471876
1477404609
3188822234
3422461215
648592032
1789304877
1925609046
1975102571
3417098620
3712158041
3689633170
1248258679
2925377560
747458373
1318644366
3543130947
4288651892
1933762033
729133386
1777394383
2179622032
3475104093
112321990
2835674395
2124782188
2123711881
2982380546
3520194087
3276054536
3810571893
1658996734
907297267
1109561700
1418502177
4131630522
1877693567
3005106816
1892822669
85389622
4104464843
1341548380
1422347705
1312886386
1313508823
2288337912
3918178725
2899886446
132844707
1241316436
850374225
2556593706
413725231
935554160
1227524029
3939276966
1501907579
3985518668
1862017513
1747645666
1374413191
723428328
1738418389
1144215262
