2106567551
1579201920
2308152717
807638070
406548683
3991011932
1551903929
578707826
2675557591
3602190072
2172254373
1954137198
2638885795
2556163924
2290380113
1598699818
4273932591
4077688688
637777597
1099824038
2043236731
1523354444
3060318441
3607693282
1237637255
1384984296
110966741
1847663070
1321478739
1258790468
1294960513
387558810
1536987871
1633203552
4119533
2299526934
1051860523
425529404
4096205081
951519826
3515062327
4023192280
4008510213
3704851278
452365571
1612235060
2624187825
1551367690
1348683919
3120828240
2402815261
3808468614
1096865499
3808596268
3126742345
2513397954
2052129767
3746800328
2411485749
667424958
699161523
3202244644
2939592673
1183591034
2483956287
1238213952
3533851213
2641811958
2734717835
2297171484
1651590521
3931710258
3666353047
96466616
3743300965
1609941550
3245381219
1583840020
190357009
1379742442
2287482863
2301916976
2196804477
3897143654
2071727163
3825764108
713230761
1343961506
2336481095
3950053032
2749738133
2954069918
4153294099
897782276
3008555073
3526498138
3921441183
209159456
1096149165
1158685910
2306771179
3305569276
1702271449
1855761426
3630124791
2894451352
2779097029
3432540430
1611681731
717235444
1449688689
1590810570
2138429263
1939197712
3351595485
4146148422
3799183771
3830869228
2867787273
3945036418
1886743207
3906820744
3702599413
1673225854
3183595123
74298340
2157732001
1178825786
3414124799
1515083008
418494221
1939070902
2726577739
3525695964
122625593
3636045042
350302807
3021381240
2719695397
2373156846
2989340963
1486536404
3400634065
4235062442
3130271407
1210062576
2957914173
3510576934
2627569403
3865330380
733614697
673393506
1237165575
2240847464
3753304405
997700958
1839140819
2098611652
170592513
2331525402
1412370527
2689209568
2987242861
951716502
174699435
817932220
2652033689
401083858
98944439
678058584
1075252357
2839480014
1595986563
2003781812
2169229105
21590410
1787504143
2446020304
455296669
1415285254
1012124763
1755973804
3908853449
2756660290
1660195175
2877477448
1586414517
3422581822
3833463091
3975464868
253157729
3834150394
1252222911
123913408
4047627213
3225068918
1233572107
3712968092
3420043001
4150257330
1296369943
1366885944
4147185381
3266510254
4198603747
313901716
1599029137
2677827178
1815270767
2542761648
1927056637
2049858790
3220029883
1704967820
1791875881
3638615330
871509191
2158753320
382785045
1175298846
3954614931
2642491780
444066241
4079758042
565473055
1955620000
1193689645
1372434518
1412669035
1347031932
2126236505
509161362
3101097079
3006964248
1258369349
411526286
48764227
2984651892
366206961
1704905546
1214461135
1550093968
2920416093
1483710406
2445502235
1404920940
2235991945
454024706
1619949607
1728317960
3524597877
1985430014
950072307
3560151908
2204508705
3004909498
4164560511
2295002240
2958217357
1361783606
2328370123
2116596060
4040232889
269215858
1114873815
229060088
3407842213
2238987118
3832299171
3631777364
569487441
1032364074
871646255
2671941232
1331407293
550982310
2284633211
628816460
1484678121
2618576610
3097588615
4236447208
1710459605
3314897118
1821701459
3531861316
1828293249
2089669786
2567736799
2701816928
3042938605
1040913942
3114027307
3613605692
2821817369
732959058
267580215
1555474904
321132037
2150728270
4129691651
98881588
3435180209
1838277898
264110991
3676409424
1699840029
555578758
3850486235
1230012460
1351446601
1764110274
939728615
455147976
3020172597
947900350
350922419
3588894500
3326747361
62640506
2063836479
3594970176
1793359181
3022352630
419964555
1215413532
1995778169
2893916722
1932326551
3630241208
3399929957
460798254
2070782307
3047361044
727245073
2549258730
1754821359
1190753840
2324399741
3271166054
1478129467
2847274508
629910697
1803387042
109804103
3637896616
2849963925
1875820190
2868512787
400449796
1248848705
1490894426
3237440671
4252517408
1903795117
1798454230
1298379755
969681660
2067004633
2846667538
3925453303
4104024472
2772417221
100491278
2744834755
1596666868
517095793
3135422154
2002489935
3586280976
3852582109
2351237958
4199472283
2904775660
3683719433
1750221186
2014479783
2274998664
1092354549
2822380926
2484803955
3453518564
2156061601
3895073594
968877055
2811663360
4122405389
921269942
1728508235
2414512348
520487225
376777714
506531159
1634123128
1653003557
2323379950
2315633699
1979010516
1413796305
815420330
551510447
913577456
690758461
508984870
1383526907
907063756
3266688361
14447202
208683271
3043261800
2136159317
3128552542
564517587
693146820
3147500545
2044356634
1614089055
563729376
2956224621
117645718
3796491947
2873415356
411252121
3255768274
3853197495
179435864
3457425285
2410347982
906386819
1769559988
1153995313
2941343882
4126925071
3557215696
2479012253
927359238
1391114075
2734028716
1997636041
2991854402
1870441575
741224776
1981585077
457583422
2431798323
1472108196
449864801
841360634
1529799359
1954153408
3851032269
3879156854
2810477579
1750275228
1774426617
1471311282
1111483415
410527032
3212810725
2554492078
2599724771
2771341716
896893585
1228918122
864620655
3581048240
4026367997
2964108262
1510091963
3461033356
3770449449
3589350434
2031077319
4058961192
1125132565
3679902238
190344595
2191165572
2302340289
2437239258
4253379103
1697588128
1716516141
4282238806
185518443
529351292
1625239129
1586968210
1640454007
4004593944
442582085
3271187342
2552799299
2425305972
929276657
1822274122
3261001679
498011536
2490660445
2151773894
840258075
243815276
869182089
2699797762
755077927
1218341128
264629109
2808346878
2788179699
3478940260
3186795809
1936715450
3322978687
1957770112
2401108877
2463023670
3443574475
2775277660
2548953785
972386162
2652469975
760564984
3461422757
3398087278
4177152419
2400261460
665514833
3819112234
928349999
1270125936
1673501885
3082594726
293349243
908421452
4032825065
612079074
3140095623
2922704104
299228629
3357902814
1657913427
1601977412
1007652225
282983322
3752364255
3757585248
1217151469
27405590
443708459
1248161340
4110935833
688199762
2098089527
2958837976
3605473541
95123790
1958847235
2940724
2942530481
3565669386
3544497807
3128626512
3430347549
2228636806
2593041627
2476371756
3800601417
1306064578
2137078247
3702153416
2329411637
575899326
781513139
1349647908
1386849761
4257708154
556081215
2684101440
120762445
3346008054
2331758987
3673386012
2856651641
1191063858
2961035671
2411607224
1002136421
1729409070
2933304419
1062902036
1134896145
3246653674
2198121967
2163897648
3375528317
826695526
3685016123
4049560844
576737193
3862677410
25105735
3388392616
3362017941
916845982
3805401875
3149246468
483978817
711222618
224290719
1773470496
3416870573
2079347414
590667499
2676840956
901603289
2333653522
373294327
527634584
275107269
2105431822
915498435
2752660212
629671025
2295309770
3748482383
1915407632
3767152605
583328326
1326892955
2515290860
335494153
2463893634
4116422823
2819758216
605213941
567596158
1155556467
3065991652
2176149153
3807167034
3542900479
2920993536
579345677
3537571254
1400216651
1554724828
1636361273
3364664050
3089950807
4017282168
1954441253
1939893742
2269761315
2177621204
1646531793
1688386218
760650927
486806768
622204477
3674854694
3678166267
1136206028
1736267881
3572611426
986635271
3841219688
58427221
2627216222
102278611
1392960452
878120705
3482881818
1298597471
2586153696
610737005
2615687318
4162193835
1388643772
1136629913
2928810962
3424418743
3417675864
2476552837
271774926
139978883
671049396
3532739889
3946135434
1570282511
3430829264
896412829
4157421574
3530400347
960358060
418555081
162847298
3719350119
714444872
3627444661
4222083646
3285358387
2651088292
3017140065
4104113146
48651711
382550720
1977502157
3268399990
1500391179
1045611420
1048149241
3361797298
3018243863
3157476408
2774150373
3052268462
219394531
3794067604
468174225
247411818
218844015
2274456752
1009414909
851905254
4077033403
821206156
1886855465
1784507170
366568135
1592636456
534477845
800854302
124139667
2704267140
1263136705
2990176474
646079775
3372868256
1199941677
1330241110
735442027
1473016188
4291727705
2100379026
4251169399
82042904
3981268805
1669943950
3570740035
4155787892
2940167665
494442826
2223418063
288722064
4024625501
1638878662
1733508379
1632584300
35835273
203648002
1193324071
2750728200
1677901429
3314331646
1177258483
1644247396
298526753
3298858426
2534612095
299070080
1442133645
1695439158
2409984459
1403653980
2178340281
272299634
1651201495
633302008
3138302373
3015518574
2331268259
2888148052
3383768657
3248057898
3101866543
3898774640
2469367741
1983774886
3317142139
2093733964
2920131049
3762216162
22980999
1470286824
977547477
3855728350
3782904659
3790637892
3933311105
1141514906
3748692959
237105760
3921999085
1138050070
288661291
1650695484
178932249
2696290130
3369445687
3669878744
1781939205
3712053326
1187589635
1055977012
1951545009
22655754
1257732495
1209044048
4104676893
2116756358
277321691
2984271404
2689578569
3018309058
7034087
334479304
1144509237
1430470078
648756403
511036708
2220173537
2762940282
913480511
2532139584
3616334669
1196859126
2832956555
812718876
744550009
702199858
1115335831
467096504
1650194021
2999854894
195802979
3951962132
2218616593
1056008170
2275207407
657945648
1860529277
2737747558
3055242555
2869220364
1359016617
810946210
740208711
2933105576
796239253
1956195486
1326816787
285802244
1519251777
3066530906
2129748639
1093517856
2145714605
3880413654
3136424427
3863644412
3306341081
2195767570
221405175
486780824
387440837
2736475662
3371430083
3916780020
2592720753
949521610
1739262031
953109520
3900613341
721467718
2429203099
2393979372
2218352393
3670134658
2555427751
977696648
3046483957
1082887038
2148642675
2938249444
3023301025
2794154298
1204083199
1574638080
3479523341
3077088438
399525707
677897948
4275554105
1593850354
2463417175
1312488312
134347557
3101746414
1509546531
1813933012
609179601
143073706
2415515567
3956282352
3557558589
2002332710
3874342907
4284321740
1242626921
342032482
2228844295
71318376
2620381781
1372740190
3405213907
3929617092
2757693953
4231181850
3418685791
4193079776
1051053677
1734954902
4224595115
390149308
1338506137
1299260114
1765398199
1534408536
3232908677
2597776334
2249552771
2734781876
1520834609
620045962
1365333775
1798425552
807772061
99618566
1792839003
461493676
4271884233
443654466
1569776231
2528702280
3034332341
3710228798
756998707
2949002404
170355297
2616554234
4056537279
3730604480
3527310541
3271846518
256102923
1330541212
2046517241
3110828978
1379506711
749364024
3636510693
2343920302
10403043
3113643924
1118177425
1612356458
2830730863
2649519024
2271438333
1887265254
988742331
2106985356
1241367593
103133730
3125738951
3081278248
3711094549
3007137822
2413822867
3913361028
2426729153
3322650586
1286299679
2418057632
449272621
2985424214
1720262507
3909591164
2341074009
3928442002
1001131383
3855777560
4089801285
1781811598
1760409155
3612694900
2909219057
3895427146
1054500303
653790096
4032650333
1824072902
3783075867
1007825260
541257865
3434558210
1592510759
1762076424
4274753909
1087465214
3365065971
2082605156
2934942497
380452026
457283455
1345433984
886598029
938078262
2180390091
2028256860
3733698745
48004466
1063858391
3873803000
3243787429
2970329198
1247436707
532034388
939620689
1198249258
1755051311
1699517296
229343933
3428538278
1423900027
3916318540
3246869737
1063134178
994002055
3905727208
255755221
2392454622
2559530579
1239472708
2820641665
2249345434
1214545631
461877600
3372853229
1956928278
1306708523
257805372
421047577
46343762
2739471415
3420161752
4245769989
1995663182
473741571
2989554996
1267530161
1678219786
651572367
1944193872
233167133
2098985606
4151083739
2485275948
3118651721
189957314
1797353447
2968592072
270771765
1095693502
2905442227
804625444
2337057761
1752352378
1793857087
2870649152
200480333
2748921334
581379979
954911260
759746937
3306372914
3642984343
1823240888
1854441829
1856216622
1106035299
2856171284
488745489
2151337706
643900399
699429680
2879676285
2293435750
2541598779
3332784908
3782055337
3117176226
912935751
2003600040
252901525
2577949598
2680514835
131616260
865006657
1845932890
3316669855
1944224032
3190600877
490766550
3298505963
4261656572
1496589785
17090578
2127608567
3713027736
3914724293
3872670990
180517827
525623540
2916584049
977105866
3222586191
430951184
763303389
349737030
1869258139
2272405740
1547665929
2953025154
284284583
775345800
631536373
1952334462
4121885299
2801856484
1207856289
2735083578
1200182527
2799128832
743342861
1418869686
1679225419
3810563548
653437497
1238352114
1579720279
1841240696
1292996133
3393018862
2987779363
619510484
3402013393
2353498282
4173927087
2463634160
1712192573
1665434406
629879547
1493040844
2591071849
791693154
2593133063
55057000
2037394773
1244172638
541211603
3739713988
1001592065
1873337626
2337209439
821104864
787513709
3649463958
2641518507
3904463804
1822187161
246163922
1828925879
2851133016
2236831877
2677465806
1597963907
3397354676
218553137
3432058250
2169901583
2686536400
3018396317
3517900294
3426187355
969000108
1478027977
1418356802
2669477223
1620594248
1007554485
801067070
2094476595
2097415076
1304751457
2552699386
3621344191
3139944640
715829197
1473577334
2030402827
2336629148
1279869689
2597454514
3443029271
1507689016
2310230757
2308495790
630573027
461635220
3652209553
2907832938
3063136623
142832304
27810045
3654269158
3787943355
2754968204
2639292201
424278306
376477895
3961483816
2870354453
3587866398
1422249619
1255044484
2303456705
1018742490
536894239
2859688096
269815341
2536901718
1797802603
3275673468
873551705
360270738
3433064567
2172460568
1573485893
1190871182
74596675
527591540
1641737201
1019373386
2707038415
1324780176
3320041309
291437510
1351815963
2396069996
3190756233
1386674690
610460711
2278917640
270558325
2301763070
3714457587
230610788
3311414817
3650479034
43782783
533459072
1539808397
2069989174
1412614091
85683548
3725368249
2178548850
3843230679
1623697912
288216997
846600046
3878447779
3653419604
2728311889
3843701802
4135661615
2993853040
53704125
705998502
1861380219
1812772428
1523380201
2983815906
416014215
1370655208
3234125525
847129822
940581203
2269980996
2769917569
1190555802
3397679583
4163465312
375020269
68121110
2155672875
1096022844
1347620889
3207343442
3160956727
1941251544
3212337669
1119968846
2770093059
1240271924
1695792305
1821475082
383840143
770673232
1211059229
4054372742
4282215899
710949932
1598159945
3289992130
1870891751
2746121672
513505589
1450617790
1914426035
1961978660
2542808801
3104992634
1855033663
3431194688
3563407693
1291308278
2824786571
3831527708
3707548793
2292696626
611869335
1916637624
2420186213
177542446
26856803
1802061332
1045556497
4116723178
256990959
2019914288
2943308413
1372808294
801907515
876851724
61225129
4070481058
3496076871
331440552
2537311125
366189214
2229351443
2418253060
3621517121
3223444058
2442877087
4057153568
3061868461
2379388886
4029702123
3602441980
572623065
1971638034
454759927
1348005272
3072329413
3098098702
2885486275
900689908
2406567281
4257110730
2561310287
80497168
3750463709
1347184454
2599848091
1882134508
3423708425
2191613314
255783335
1944270216
2755612149
760019326
1438139763
2388377316
1830088609
1214035770
2189021183
2031063040
1766045197
441963190
3897138507
2094351580
165252409
4177217522
3391650135
1040136568
1940726053
397791982
1067315235
2620885460
2240404945
1608773546
398740911
35394032
186380093
248240678
1192533499
1083862476
2291941737
2505674338
737324295
3524000104
3409739861
4120561758
3052996307
554815684
710088705
2583364634
1006958431
791728096
625423469
1648328086
2365754027
3073217212
3392979353
1648570578
2272824503
2804446552
293628805
2389891534
1138002307
2390332340
431201841
1376318602
2641808655
1531759056
4038624669
3406413062
2793300827
2214441900
1432227273
671035202
1381308519
2016652616
2647384757
1668613950
1660647475
4122858148
2930667617
1496629498
1695862463
2637103040
2938299085
4047607926
1186146315
3795439772
3848480249
3700722098
3571666967
869048632
3895584229
530075822
737727203
4159540628
285642385
1717922154
3868851311
3075895728
3673771005
3736997862
2542524603
2496719244
2590968361
332021794
3661509575
3964817704
3112531221
127120926
102209939
3050816644
1698625729
2252467674
1350653471
134356896
1466876205
1863721814
3920852331
3597794940
694467161
1864848018
1614857079
3353591064
1532596293
1776170894
1466092611
3221976948
4237995761
2335264330
1543887823
2033256848
2692104797
3214987974
1687485979
1233915756
199702153
234012930
1199963943
4032816392
3355522933
246338814
883256051
114796132
2233250081
2103085754
4246900095
1889677184
4207071117
2675252790
3059446475
3897433180
2958655161
4248013682
57206487
2204485880
3666832037
2818346606
292189603
3393933652
965214033
178561834
311585583
3218379120
2747754685
4285138342
3287405435
4104594764
2849936105
2813374946
1241807495
2186569960
2128030165
1098802142
1878846547
2318760004
291477889
4139161498
365982943
2483498848
28773869
1645644054
1493377067
3896912444
3763958553
1173435474
3291724343
3259679960
3781915909
2964018510
2439499523
4129626932
4041637809
2331469834
3407325839
1715013968
3548692253
1272031366
3623508187
1687825196
3228376905
1312559810
3180439015
3693599944
2678017077
79323838
628497843
3714660900
3642733025
109974650
4049800255
3945340736
1625521229
2998035446
3926031755
584198172
1803327353
3835186482
3564715415
478851256
4152733541
4137847854
4206024803
521196820
399388689
241278186
4067269103
55996720
2856732029
1854913382
788958779
3822919948
3886734249
1254941602
2852487495
1943158952
4159807125
1494929822
2926116627
2582309892
2004154945
488178010
2461160351
2868903712
2564823725
2835394262
3987835627
1617565180
1339747289
1348523538
2450616567
1713212568
2960529861
2291806990
1554223555
478576372
1867976817
4078649802
2708224335
3928279312
782498781
1297890886
3278795675
954730220
61851657
3264947330
1127746727
4216034440
1634083061
3679957118
1345163379
1429376484
1400337057
110059066
2828421887
3296972544
3057969421
2025417142
1416120395
3850761180
3616305209
3699560178
2262062167
2935707768
2882843685
290081262
2995911459
3254655188
2224627921
4082914986
2632681647
698093808
4080394813
3924767014
4220127483
2788351180
1150542953
3068056930
3909175303
1619777640
3247756117
3291021150
1008456147
2696421316
2688490241
3945343770
2380722783
3836514016
1370089325
1905562774
2055124395
1922941372
2561221785
3090560978
1754916791
1125913688
2503573125
3614101710
3822457987
3740246708
2964087089
626842506
1438877711
2360625360
378796189
1644205062
2846969435
3929383596
644821193
80737858
658060135
3448441928
169194933
3896950334
2408301363
166961572
1558442849
1327392762
1232882111
1953644224
2410091981
4283051894
676123403
1143570332
1967720697
4004712626
423242519
2859974712
607942885
3182675886
3284655587
1054022804
413716881
4216639594
3905697647
2590339248
1129725693
4014499558
205276091
1063803020
1901702441
1705412386
3048722119
2822844456
947963925
3093884190
1406493843
442307460
1417542593
312939738
2385400095
2563563168
550794285
2844932694
2452267115
312552828
2609126745
1731287442
2794266231
2835766296
477471557
1121791630
297752387
2837481076
2913366513
1132213578
517838543
2510784656
2954147165
3883837894
3447908635
1547894380
963336585
1855621122
2018843175
2460369928
1450052213
1095207934
2119218675
1466725732
505754657
1912287674
3134523519
850685568
1103757965
337950006
1483742667
310168412
2238865849
3840479858
1248510423
1052764152
1300037029
2174682478
2031386787
3780108372
750600785
671812138
1825547823
2104660080
526867389
3160104102
64831099
1933415500
3736876521
2430859490
2129204615
1790068712
2037742805
731552478
4032149331
1117374276
485596289
89308826
3662180319
3743477344
3139420397
4273578006
2272611115
4097071420
4180399641
118635346
1789596983
2812044248
2464843781
816925774
2434750979
2799249972
520438449
792284938
4084884879
213813328
3756405277
4220944262
832783323
852498988
224674377
431675842
88850663
1247624136
3274645301
3155827134
2000447667
1499269412
2147169505
3236281210
2741012287
4144651840
3782061901
1158216438
2542938251
3829389084
147356281
1222956082
2569410711
1536413624
3562422885
2731279150
3711427427
3040109588
3650515729
993985514
2142622959
3129176112
3425253501
1323831910
1160575291
3312619532
3178987177
844573346
1934957639
2275352488
1630728597
3548252318
3428633107
355351300
1113193793
4109117530
2029342367
2406006304
2504773037
3737830870
1830729195
2333558012
308301529
26795282
2478033911
245246872
89664709
3332844046
3434486979
3285814772
2106119025
2320771274
2321151055
3115927568
1254649565
2080904518
2563923611
3516724716
857336585
3757108098
1557997479
3027235720
2367222773
4001261438
2500778867
3951385828
723908001
1302201658
1776207359
2033454592
1129454605
3753312438
1483928395
221422300
3221967673
1684428274
1143746391
2964551544
629688101
653967598
3136423459
2252384212
4159988689
3065036202
943637423
4183298032
1314641213
1689159718
4075516923
2043104204
4267149161
62921826
2176574215
2663888744
2356749909
634599006
1655348435
1306160836
3447135745
3543355930
821357919
1097092576
3826817645
2005248918
367452331
185200828
132220825
2156216018
3227992759
1842066264
1082036613
3934177230
4014186371
2883695028
32580657
3062678154
1513898767
609732560
1434151837
110324486
2245015899
1550422444
4216083401
1526512962
3452522087
1352559432
2968225973
775189822
2995260979
2846191780
2288350817
3924037370
890225855
821132736
4231481549
4058957430
3453124107
2702519964
737864697
1093506994
1245513239
2917064504
1842547685
3555409582
2634213603
3761548180
546772113
3693098858
1831498351
2712694704
1790915069
2070855142
4023955131
2482751372
1376800809
2128530978
1490905543
267128616
1476926229
1482302494
3992924051
1751016068
2265513665
1374174170
2298956831
1288936864
2621843245
3064615254
344836971
1741446268
3127869529
1838637202
1334147447
350550808
3508385349
1106781582
3817333315
3400635764
2768123121
3584236618
2581680591
2488928144
616507485
4177035462
995939355
3069570412
1991998601
3835580162
1724921127
1588110088
3949387125
2432451326
1785200883
4017964132
3229202209
662165690
3954410367
1443016064
1625109901
1232096310
3933259979
1940355676
2371306681
2834995570
1779997911
2195064568
2583072933
794655854
3458894755
248541012
2889778513
2907533610
3040403759
3679227760
2786283197
3504911270
3736381819
3620733772
694540521
3715317730
1736028295
4207683304
3768569813
1624429022
1763344979
2692355652
4157579137
3804947866
3354159839
3379998048
1922331629
1241036566
3151197739
1428064316
3402250521
1921991250
1607364663
329908952
66427653
852706126
1413670147
1275672884
527435185
3377935882
1074339983
293603152
2639504669
1895257734
3157798619
2231503148
1982293321
2526388418
4138851303
3729693384
3108696629
3969241278
393130931
3637303332
3156391905
1478058618
881459775
3760692544
2248401485
1945866742
1628296075
413763100
3839909241
630020914
578745239
525921976
1454560613
2131851822
1495854691
500429588
3014309393
3958926058
1730809839
2381082416
1159211901
1658612070
574579771
3372482316
3038257577
423457186
3696277319
1059585704
50349205
4110237598
2394723603
4058876420
1753940033
3080408922
4100213151
2400025888
3687022765
2670779606
511172843
1187017724
2578559449
4180468754
3489801975
970640024
3854974917
3805290766
2889131971
464035060
3926300273
862523338
57913167
1669973776
1677255133
1280306246
3408021915
709747948
2320502281
1252176514
204358311
2404405896
1465370357
3602980478
3562808947
1096035300
606107809
2374544442
1985167615
2267041024
1080774413
3209729974
2758385227
3822801372
4082513465
10870002
2989492823
858232440
281532965
3368499182
146673955
3640604372
261859025
434185386
2579365551
1632636656
1284360253
4010401574
3711491835
2874653388
3857132137
3959251810
2787278343
2092930664
1542027605
2325310814
3651495891
410566084
3791331585
3256449306
3576621151
894962912
210980205
3826434710
255527851
1886527420
1206250137
724583890
1054907831
389501528
1129292933
934198990
371010179
3847209140
1031923505
1972939146
1524694543
305612496
3715030685
683819526
3940230235
3399057580
66418377
2592441410
4127549799
4050504264
3259849653
2772315198
2079349043
3302178724
1630730593
2575676922
3620683711
3266100416
617839565
959405430
3880003851
3908885916
964218617
1141120690
401334551
771882552
4109737701
3527325102
1739191267
3423746708
1490114449
2026348138
599043439
3174526640
2167678205
4080080102
4066449851
2190161548
1821569833
3480425762
1940849863
324202024
1209757205
1466391326
2224355987
2413539716
752878017
3020251866
4044113695
337009824
4190362157
106850390
551351915
3321072508
3056001881
4065945490
187290743
4219443736
2840709445
3610188942
2092723523
348038260
312604657
2980447050
2098269391
1699251856
779459421
1678661574
1579335451
1235541100
4090994569
3757970946
3270987815
1147601416
3068899445
1842149886
2833992691
3205108580
2618964513
231767994
1069416063
3398233216
2281465997
2941772598
475886539
4224592220
4161284025
3110609010
309491671
1067984376
4026278821
557314926
3232536227
1120730708
3893086289
174839850
2613976111
3378679408
1741373885
2903640742
74978427
308179532
3118169065
4250830562
3015068551
581043688
3830850261
1361512670
2320190803
2480301380
3522798209
4280224922
2394711519
1124625504
1477781229
3017002518
2786959659
4211390268
2234817561
4167584082
1402850103
4134773208
1686941189
655440462
2329047043
3585427508
572967089
3377536266
1623448463
1685947984
1003296797
468987270
666442203
1261434924
716605513
885811138
1103361767
2281437640
2985477429
103647166
3054304947
1270392612
3180739297
1009322362
1423932735
2525027392
2124813645
2945067254
4134895243
2953786652
801390713
3935429170
545509015
1473908152
2929420389
4218614062
512096611
1223655956
3591043345
2425213418
1489652463
1838247472
1158880893
443334758
1983762235
3734072844
4269851817
1870641314
2499301959
2322390440
223975317
764966558
2777178131
539547908
436732737
3576067674
3036628127
2582527008
2621911981
1513288662
2981956587
2204476156
365892825
2803690258
4143743479
3620956568
2176864965
1293228046
2870948547
334736372
3838859633
1582954186
3166267983
3616949776
2855621853
775144262
173946011
855299052
961687817
1924168066
19619239
2079109512
4028799477
69195134
3189076339
1184824036
1852242849
911168314
2113125375
3729296384
3717235213
2273717942
3897313611
1501561052
2708281657
557933554
2162156887
643282296
2643684645
1722789614
1274420259
2855912916
4220447185
2364378026
1902721455
1367608816
499891005
4177606182
1785874939
719595980
725798249
3751193186
104143111
3933435240
1608895573
1652270174
1359753939
4036168900
231416833
668704794
714400607
2961689568
4212785261
658233750
377173675
2463518396
2293648793
674712786
2483419319
794751320
3450648453
788182478
140686723
2067386292
2472454705
3531640970
129087759
1179829712
3731771805
948771078
2295467867
616918956
1886034377
862604098
1340965991
2683906376
1849372341
3177440062
2613355571
1266486948
390888545
3456326906
3787111103
430177216
964406989
1158411382
