3474035083
3129879580
1839254393
2166812978
2702152087
2577724600
1827873637
3714674734
899968099
3528284436
846783505
12894442
1171156463
2277061936
3781310845
842211174
4230652475
2729059596
2880180137
3449063330
3716207943
1754105000
2794197653
355120542
3557790483
1448636420
2409410113
3168085338
697837471
2602812192
784928429
3943502550
4230651627
1317542396
3237552089
732002834
2041693431
1052364952
2541587909
2419267342
3997115843
4066706164
3627795569
4201670090
1897336143
977898768
177860573
1276224070
3162277787
1855392492
3710581769
4170500226
2084397223
872994952
1343919349
884577406
519971955
1690440164
811148961
3216867898
4131790591
2028573440
2408045837
39308726
827022411
2332424156
2762253369
4285887218
4269713495
3558448248
1098262565
1387605486
3755446051
998153428
3367490769
950237866
4259339439
1451414768
1359337021
1555469606
92413179
4089700556
1619597417
3909777762
3700464647
239803496
1835222869
333243230
957769171
3295257540
249220865
650727194
3881879135
2924761824
2336676717
3150248086
1254869419
2961163708
784029849
2883247058
1699625911
633100376
2524246661
3953636558
1908779139
4245825204
3708097841
1368784778
3707919375
660409552
1396567197
31062022
697524827
1890100908
836658377
4230847042
173180775
2706133064
1878927797
122462782
3216004915
2194089380
2855905121
4130376698
2210405823
610009792
3332245965
51155830
2432952075
2070774684
3243588857
3154752690
267943703
999949368
3457281253
3183651758
4150358499
2190975124
3124462993
931132522
2874477423
3016766640
1004155645
4113812198
3876083643
2679987340
2571297065
1798712098
1029382855
3540284456
3582147605
4290826526
1008990355
2840762244
1301131201
2385197274
4265354527
2147000992
1915054125
3756432982
3091969131
608645500
176836953
2537160082
2354410103
1504354328
736433989
3351122574
2952981315
327617140
3513984497
949573962
2981128911
3201584272
3245517149
209456582
1748565275
3078226540
718179721
1264331778
3649203751
3312158728
663387765
2314301438
600394227
1032059236
267315233
2867942842
900521087
572666496
1249179277
1980438838
3774558667
1602539356
74618297
2158212722
2487031255
4293274616
4287000997
2756831598
3338802339
4082656340
1606678097
4279905834
3840703023
3345044592
647974845
963297446
1132286587
1784059980
3331942889
2379717858
1856006535
3598289896
4222349525
3465969374
3623373651
1087589188
3564458113
1689969306
3035251679
667988576
2552542445
87163926
2540330795
1570659644
4112910873
2541674322
226978103
3930367960
2760768517
2318807118
1404497411
1636019764
1850078897
2436526858
3856742799
141511760
972563997
2310529926
2066569179
3872071212
2562422345
4292902338
3096253671
2686877640
4085224245
2456288702
2785606835
2964884772
1245243617
801103738
2999737151
1778131520
801940301
3910360822
3555802251
3406551836
1857859193
3607328818
168586391
280892344
2190718565
1277355822
1501132643
2575362068
3524339473
1362241514
23505135
2029401136
1444228221
656111206
2107706683
3612316684
424456873
1252970146
2669703239
4167721896
3164431765
907930782
3344129555
2259402500
3964776769
3694677082
304816799
2107408928
1912914349
2573674966
4209494507
3494201596
1330545369
376013074
3349422071
2806673304
221225157
1490030094
3349262531
3536327156
742229873
4248390858
810862671
3421375504
1636721373
1464695110
623932059
1650194924
207953673
4084895618
909278119
4047320968
278751221
3060812670
1630498675
3089424612
30910881
2522622266
1641978367
3014251008
1264914445
2850383030
3701868363
297969372
3237185337
149486066
2955314007
501332856
3287923493
3136660718
2038929955
1087450068
3923974097
2944917930
394500015
1884214256
3472607549
2080762918
3090384891
711479244
2182921065
1534836834
3181065991
3633773416
3038222933
2887195230
2230661331
916189892
2648887809
3865277978
3703488863
421269984
881167981
3393589142
3045323947
2952524988
969128857
1035592402
1500223159
544995160
847906181
424389582
914568067
320091572
1142544433
3730171530
130750223
2433780688
2633326493
318557958
3909242203
1307350444
3599468489
3219808578
2704450151
946843464
2074344629
1271552318
805085747
4018730148
2676697697
2961584890
1772329151
1995129280
838745293
3326159478
769233419
1198076572
2077695993
538196914
2236307991
2534482744
4034428901
3062506158
2985065699
1963536276
1073334417
1541102442
4261627503
355152816
1444095485
3052020198
3589587643
1734396812
2982773801
972976674
2026945991
3602862888
1104842517
1715603486
1268630419
3429099140
2984817345
888954842
2607095839
1376739744
3563526957
2240722262
1509875563
4035076220
2504373337
4147119250
563989879
2778283800
2707237445
1902709134
2333832771
2384992628
2929387761
1448099914
2734958031
2677459856
283974749
444982470
157476891
2369581420
133083273
3203396354
139299111
3044927240
4048769397
1748379390
2905642227
2997143652
1276341025
268303546
2967164799
3951063424
945301901
199667766
3125533899
1069514332
3760683193
3863297394
1211822295
2886486776
4107273381
3298844782
1298669475
2179527508
756365649
1475122474
1269151023
2404078448
1880834749
310908838
2040839547
1375274828
420678889
536273890
1065419911
312699624
2141602773
1516156382
369956435
2210634308
2971882369
969083290
2497593055
1077309792
107571181
2030115606
991463979
1167625276
43281689
3968591442
1056621623
1180845784
2791902981
3337103182
1881831683
1875098932
612415921
1189632522
4173329551
4282436432
2721421597
2343090822
2299675355
3289189676
1900976457
172704962
977481703
1747443400
4000015925
3782456510
864765875
490232868
4029705185
109282938
3729118783
153706816
1932711501
144045558
884795275
2391116316
4003762553
3845914418
2008369047
1284715192
2109753701
720920110
1455063651
1932556052
3388303889
1702596330
1462428655
3329176368
1641291645
2409614694
100890683
1844511500
3904460201
119870882
1080822599
1812153000
1262139541
1043145630
2667784467
1484459524
3830625345
645362522
3488226719
3142664480
1061975213
308101334
1804661995
587102204
3798984153
2274199570
2420275959
3533115032
1315812293
1065944334
1349532611
2745639156
512445041
1373516746
3216933711
2010024720
4119778781
1143296070
718298523
1444735212
2741715465
2075940482
3318978215
271423112
2947300085
1296237182
3721181811
184791012
883043489
2782318650
1487082751
2275807488
3075359501
168754102
267170379
2273007068
1745775161
1723367666
1383751255
677763704
4161359397
4015135726
2560861475
346012372
4015676113
105400490
928174767
1649857264
805157949
3941679910
2647716603
4278763212
293363305
2840135522
1783747079
2191448680
1096281429
2272088414
1631583187
105529796
1412879617
3973684506
323533919
1528811744
3016769901
2137204374
3190300587
3161727932
1436032665
4059359698
3023368631
3656881752
1714100357
3238765262
1454161539
3583132852
3581582129
3639725450
1858064911
2432699088
1874383517
3787171334
1901934683
1730970796
4010060489
2902665282
4190027111
760155720
836095925
23334974
2260004147
398902180
2183703905
3216497146
1186141119
3736502464
2573889485
504480118
2124102923
1046536604
3441754873
1954202290
3611964695
2940486200
2422936293
3614284206
2648934371
4059479700
906234769
2081604202
3269296495
3401724592
2673350909
2721872102
600649147
151009932
1142695721
2149759266
1811044551
3057005096
3200115221
1809792798
2541981331
150025604
3381638593
1051297498
3854179103
2002919584
1488244269
2916273238
3315468907
96046972
1020073817
360844178
160573559
2890128920
2053193029
4046454926
1839202627
1900357748
1108257777
4259522378
1015275727
2459257488
896765789
3257646022
2675495707
3673940076
1692062601
4158634498
3838092327
4283188744
833102965
328654334
3372474355
2671875940
25423393
3857097658
2402669183
1176154240
1850170509
308168502
1938327499
2264280412
1588091833
3628254322
3303328727
284060152
866490277
1762318190
2973379235
1458930260
4138892369
3365600298
2425024559
661738096
883111357
4081151654
985147515
1335326284
4049121257
3312593634
3020791687
646531560
3761018581
3779259614
1015931219
2620385604
3441251969
2376544410
2382248415
668479584
3803847405
1265381910
3568481579
2995698492
953077785
2616520018
2937724727
1497097688
3620741637
901127758
1074398211
2726284340
487029937
2725396746
533376911
2219723344
729746461
53842310
3085118939
1430977580
3584932937
1980894146
1436895975
2246393288
736311605
1503357886
4286157491
3174312740
2608066273
1780690298
3639300415
3046285376
1252329805
1957989622
2708771467
4110104860
492336249
466650674
2584355479
1025790392
2390285413
3924415790
3714551139
1331430932
1243983121
2913007082
4145749743
1612984880
882840189
3686802534
1162994491
1452175884
1240594601
1928813730
1902356039
3008897448
2187594645
2639813278
186577939
3150339332
2812262209
194157146
315955359
1145176096
3332384685
3320797142
4263911403
917743356
2858240217
4010643218
2207045111
2963254680
2335688389
3026058254
950716099
1426206708
3743747441
1751063242
3478404687
770378256
4137371869
2191075142
2103199899
970577900
3527238921
22683010
3676352935
2161767816
1564937717
1764866430
1154876787
1298038500
4172853153
1580037946
2324926463
3839774720
54752781
2463404726
2065653067
3694134492
3388296505
2296645618
2507815255
3819305336
228909349
1607111406
3979063331
2800372180
152935889
2900668330
223219119
479908336
2752229181
427334182
1717198331
1638215116
1051197801
1114787426
2461297927
4234328424
1109672021
366970974
2113324755
594841796
1641469953
2854994970
989771615
1683984352
958854253
1260141974
347622059
3320337084
2990047641
948695250
631917751
1110390104
1633168261
1390909902
2185382275
881611700
3240582705
2976494730
3252718863
388729296
4220011933
3726015750
1923359579
2892526508
2873740745
863498050
3287734375
1877634376
3264455349
2551826238
1943615539
3951071908
2182230113
2479194362
3404631743
1270726592
753050317
2055100534
860416011
1347719324
3846104569
691882418
3052736535
1949524280
3723077093
2423066798
1799787235
3915402644
3428470417
136718698
2850274415
3298111920
1202260989
707448806
2157025467
1956358540
2151336489
2913140770
3334468551
1634275624
2083337493
2157475358
3486865811
1325040772
3296901313
456306138
2369459743
3757105056
789479725
3367166806
2871604587
1408024188
824212057
1647317650
4096951159
1571454232
3874574405
3071473550
126913603
2900244340
3150868209
2672954954
774872015
2278541712
1594229341
1936560838
3665477147
2427899756
1905456777
1714127106
518504231
2463540488
411629429
4229141758
658713331
4082787940
1614836001
2628471482
2159824255
569438080
474124173
4184989238
3165729483
623434844
2952085177
3332131698
3124405975
512526584
3959892645
26300014
2725787043
1652429140
3969630033
3240452906
1671179055
2144555376
2755078333
1268172198
918000507
1395778892
2137674473
3997790690
2084977287
36382952
1295968725
3544392670
4219120723
2048407620
1482905985
3496433562
1347040479
3468029792
1561775597
3966978326
339271723
2491476540
3352638233
364508242
233142839
315720920
1757623557
1184896334
1934987011
3921140532
2279227313
332933130
184642191
2274871632
97812253
1616799878
3080722651
2323966764
4124630857
3006583490
3132319207
3915291848
3689352245
1793008318
3117669811
2158754340
2080600545
3399406714
1388104767
1597497152
3861068877
2641306614
3390586251
4000114716
718821241
3938520370
554368407
3530649784
3837620069
4176956462
2642450531
503551252
2191650833
2577554666
2436323823
907358512
4269147517
2071755622
3951840827
2166874380
1828101033
4263879586
3792126279
3194552488
2451136149
3282014622
3148267283
2693639172
1714993729
4220109146
2330727327
141475616
939514541
605908694
1655130859
4217689596
3608587225
3169424914
1367552247
828656792
4086159813
659485454
810635715
3604561652
2651508849
2965111242
253098319
3728967952
2494807005
2192113222
3436458907
4254254828
3369830409
4099138690
639224999
859985032
1231937781
2050781310
1179340915
1865764324
2115711649
794828346
2813332223
3142749952
1598335245
3023448502
3460171851
4292916188
380121145
3748368114
690361431
1067587704
885814309
2086603246
656390947
3887126740
1730994385
324867754
1232423087
2400899312
1529193021
2006708518
3251620091
1111334092
966763625
2532808034
3871541255
904042600
3883701077
3345858398
2333708755
2115690436
4139965185
2388257562
65057375
618352352
4102661997
2641450134
1765045675
3159916988
2141512857
2172581842
1573627831
1227019352
1410416261
1054838990
1766052995
537027252
924852529
3619527562
2972534799
328403152
1885583517
2014139398
2631339611
228614828
995815625
3276322370
2950361959
4030843976
1574794677
2146139710
2808709939
1521901988
3477582689
2628724730
2790656447
2919300800
476501453
1267134326
4225929995
1833189276
4096051449
2925252786
3511413527
3588128824
150223077
1367902126
3390414307
1262869652
855413137
1880461418
1662383983
4070846640
2131099389
3182765798
2621572027
2587039884
2519035177
847202082
960073415
3361206312
2854782997
342732062
2761106579
2390741892
3535911873
983028954
1105727775
2075893408
2272539693
1177483862
3131072619
3407605116
2722094425
1295653266
2441010807
2848791576
386753349
856813198
149755715
821249652
1272590833
2862413130
671569615
1866877072
3181671773
2655742406
1785243931
2657992300
1578572169
2043889666
1723259431
1612514312
3589655157
2443987966
2012116467
2666476900
2554917921
2756440506
896452735
1862479488
1917436557
824276278
1170595275
173509468
68035001
559010418
3627844055
3303450616
1307884965
4264805742
3508682915
2491588692
1053885009
2978728490
1960404527
2289127536
4007074749
2340953254
497221243
1288197196
4081579497
175945954
1210766727
2508785640
4141694165
2690603742
47413075
226264900
2197118081
1912831642
2344759263
617590368
2776596717
3424018454
2846559019
3681491260
3752302105
3386571602
190633271
1663247320
2302822405
1772489806
3121420803
896264756
2499347121
186257162
1784948111
4179445840
1630925341
321077126
944309211
1404754476
30409289
833853890
426606823
2190736328
779542325
2235488702
312092851
1470089508
3252614369
2549513082
4223289151
4128841280
1974300493
4073044726
1588062347
1792710428
1193556601
3255669810
3166165143
4235890616
2962096741
3357590318
1191551843
3475448852
2741646097
2575287274
3581908207
943861808
4015585405
3738489446
2830285115
3720171532
2177318569
414182050
1112988743
2100682664
2858070421
553830558
1620740627
4140890884
1344126273
1717364826
3895398047
4158094880
3278605741
2632418774
1226077675
1628570876
2560364249
1629592850
2854587383
1155853208
3077565637
140241422
3882081475
422333940
2336002929
2599741642
788771919
2027423760
4292357853
3025458502
3375898267
2437395948
3074796297
3299453826
1455351719
392606600
2753606645
4033030014
2452396915
1619533028
4106859937
2305738042
1610122751
4211265024
4216445965
3727933622
3108549451
3800916700
2116490041
3662616050
3179147095
744109944
2642413349
3037692142
4135568931
3337840596
965223377
2846981546
2613609391
2849427440
2236323133
1968916518
1613837307
2429684684
845367145
383310946
377332487
522090344
1633740373
202896990
950557907
104672964
1123737089
157553178
502181215
2358447584
368597613
3865209750
1805426859
2412032188
3990701977
1020133074
211354295
3738334040
1851150725
4109600718
3148963715
2280944052
1734665265
3152904842
3970302735
1983285200
4266339229
530590470
2683697499
2060734892
3476558793
3430251842
1835732583
2656381768
867387573
685323582
3513110067
1432891556
2580100705
1249169146
2297005247
4118822336
2549549261
19629686
2288533003
2234511004
701934585
1943426994
3645818391
3292897080
1099615205
2327838382
1783671011
128412564
2582303889
601945962
2658415215
1156526000
1970205181
3436936678
652111547
1774618508
3051098153
2125958690
1935616455
3674394408
2024790805
2539578398
3317493651
3078693508
609009345
215546842
3015773215
985816480
2447763245
2521239894
2751695723
1531387004
3224059993
1184899218
2440509815
2158738200
984970821
3576489358
565551683
3984872820
573699313
2411977802
3658158543
955828112
2169432157
2999271622
4282553371
4095782252
1516715145
2732003074
1815213351
1461674760
2582551925
1147208446
1795539187
2449474660
3650975521
1825085626
1565344639
491875712
2690446733
695012406
3200682187
646068828
2331182265
1482905970
3471465687
4093429496
2305708197
3471981678
3979889571
3707973460
491930961
164507946
1950523695
827019120
1149439677
588608422
2675599739
744145740
2096208105
2316042210
3350950023
3500336872
218599381
3096941022
43532883
1180489284
2094227329
3799754138
4033227487
438660448
3958649837
1515550486
1158231595
2002339900
2957375769
676856402
1468018743
976274136
1766677253
247989070
3291522307
1973156148
1952695729
4164417034
3992117391
3370043216
1839424797
2340689542
3923635931
2699872556
697509193
1636720834
567516135
1099258568
1402122805
414879934
3117183923
839882788
2634446817
1110057594
2212741695
1781947712
692298317
3837284854
253989771
1514423836
2721848697
297147186
487633815
2873077432
569021797
3345365550
2314645091
1388753684
3699275281
490285802
1945358319
1454059312
927460221
1976117606
751117371
1548664588
3093553577
848703906
1112700743
3753819816
4213703829
629276574
2851755283
2928691716
2504966209
3154906970
3667790239
41696544
2565030061
2689440982
1634574571
1471886332
518877657
1270195218
1031005943
3676408472
115212229
3347374350
232941507
201022708
3602536049
2534002634
3743248207
3987244816
1745396189
2275191878
579340699
3841500396
3447442953
3797643906
487588519
491197064
2640283381
1000726142
3631867507
290909156
2361669793
3696847930
1668088063
2481917184
124456717
2160940982
3963575883
1949700572
812774969
3918437618
42060375
2580436600
2009045541
2044458990
189518115
884078292
2955896529
3756123306
3024600751
1557057264
1383958589
2193006374
4051607291
1029864140
1492314729
840311650
3521396231
2820036200
3755030869
1407069534
916662227
2883288516
1988026625
2336897306
958965855
2340867296
3446869357
2515501718
3421555627
808247228
752986777
3665364434
3792854455
4080931416
3760678021
3844308686
696969859
1549959348
2180359985
3455674762
608878095
789972688
3577650845
1154417158
738255963
3825483948
2531342025
3204334658
2896636263
1780779592
1947540405
48426046
2714638643
3415605156
295090529
219575802
581500863
305888448
3482532813
191634806
2295982347
2283249052
3058994937
3920420530
2113773847
795393592
3081592549
2886956462
4227314659
243595924
824514449
2475187818
201223535
2876649136
1524884733
3349009638
3496401339
3545626252
257864489
38524194
623953095
2305404456
398667285
2037127966
3813849747
3120460164
3911434689
32907994
2462451487
218438816
2120456749
687548502
391296619
4100868988
3135415129
3194103698
2753270903
3527825944
2179565893
224648334
32124227
3532743796
1859500017
3200697162
4097494223
3571926672
3657784157
551229382
1225293595
2177866860
2525192073
1362548226
3747156007
1742586376
2490593397
2217851390
2961771507
3163345764
1413347873
1713455034
2824322687
484158592
3598461069
1381278518
3618845643
1772677468
1956898745
3687899250
1313093591
2614027768
3463701413
3821843310
2797229731
738180692
3089074257
971806762
299359279
1784761968
3577414077
2185153190
1815991419
3790156364
1281833961
3707193058
2868382599
2742601192
3216892629
2347485406
2865302867
347678020
1979540097
2446314650
775300575
2662804576
1618274029
120622614
2522046763
1480554300
1773165593
2704345426
2723121975
2281333208
954494469
2785409614
1103114243
2588411956
1444579505
1261559050
1169005455
3873195600
1528616989
964750726
2086590939
1645918252
2636269641
2999265218
2212869863
372423112
2067432757
2505197502
1600831155
4294666020
1031404257
960088442
2604219711
2878315584
820368717
3813075190
2341158539
2896819484
1814036601
1236967986
4061499031
3468742072
1758668901
1724363054
374585699
2564964884
1574877457
2496565738
479464175
2169515568
105045629
2958655590
667127611
3973852684
1087145129
3151526050
2449084999
3590561192
3028375445
1092433566
1204166675
3083573508
1707852609
1821849178
305726623
408747040
3899061165
2656023510
1538444267
3479200508
2584401113
3970280210
3144565239
3826919832
299373253
3569997838
1405940419
2672192500
2961447281
351975114
3479382607
750061072
4249162973
1820361542
2294543515
3903165420
998109449
3177789826
688725415
887320968
1697274357
3422852478
3375575411
1906424548
1980414881
2552238906
1645050879
1981238272
3012575757
201518774
388106571
2765799644
1569249593
2099913714
2821825879
2013164920
4085984549
985951982
360963107
552371668
4213352913
636373930
1123219887
2550320624
4072373053
263058982
632818171
938404300
3712912745
1487891042
3371620615
3234477416
2462944341
247489630
889844435
1593167044
3243172865
2215403546
93234015
297176032
1257881709
471374230
976287403
2375093948
1823608217
3397389522
2386016439
1986376024
3649337221
2138011086
1657828739
2370604980
3067243057
2111918218
136018191
774997456
624824733
1469700358
4042772315
959459244
3260438985
182651714
495928423
1135601992
1325592245
2114495294
3366085683
2906640036
1722825825
1418992890
596933311
4096965568
4080758477
3662197878
2906100747
1710967964
3382604281
2145346994
1868069911
122150200
2606494181
629337262
789233379
1339984276
682318481
789300586
1538566255
372846000
1600444413
503065574
1222329531
3336660364
3534575145
758914082
4272840647
3280768296
3076686101
714428958
2907997587
2247606404
1363592385
2314160602
2398552607
3800292256
2095926573
1850425174
3297632619
2257681020
3261466201
612380306
2037116791
2392652056
480877637
1270272910
1502263363
3491394420
1640332017
2812652106
647399375
856802704
4157066845
1485631174
4156189211
930777964
1114342025
4109540610
1881942823
2186813704
4119085941
3239997694
4168636147
244687460
942308641
5629626
3331209599
1570892672
1151818637
467155510
1082908363
3284899932
4045458105
463103858
105517783
2891777272
1292203685
2898471534
2913493411
1903709524
1060686673
2984705834
4254668591
598953328
3506369725
419701158
871186299
1567859020
2443763433
1933479394
2715854471
4262110440
1056978389
2321285086
2875578451
1754362948
2658362753
4026528666
4113703135
2726620000
855742957
1118283030
1300859947
1847699004
1004977945
2758152274
2613765687
1015021784
671580421
2673865038
3803953923
2473596724
1780304817
1946665994
563369615
1125500240
1503808285
2367276166
2680931547
2269423404
2357029705
2505567938
4020490727
4036761800
3580778549
1795555006
3010791859
2976069156
3543760353
3978653818
4055545919
2854542144
3163818061
1584496630
2212424075
1376494620
3570393977
3659213106
3955648919
1459481784
3041377125
373631022
2619130979
2440679700
1468726289
1883240682
2137015791
2821795120
2353647997
4270184294
1236138555
2137365772
1258366889
611762082
3779964231
1342471336
107391637
3822349726
3925732115
42133508
4053059137
3892206938
1056964511
695843616
3791038125
116247254
3890476779
3087110652
972306393
3018961426
3558120695
1338951832
140387781
2687160078
1763933635
3272440564
1218042993
2227674570
2949965135
637371664
4019029981
3540015686
2884362139
2353955564
827069449
3318939778
716585127
1312542856
729885941
293555326
341343347
1902676452
3768401569
750959162
198833919
2440792832
801207565
4023682486
3924866123
1685811164
896252985
86092530
1586331735
3068826744
1088602149
1741219310
3307726627
2074285268
1247931601
3956716202
4157224111
1265814768
2516938301
2353089830
2900194555
1886869708
4017500265
4205097314
2880795655
1496978536
2857754453
2898172766
3822894547
260840388
1399514881
1672120090
857775711
253905632
3196875629
3906842774
1717379499
2549169596
3712905369
2095256530
3238597559
1481199704
2322434693
869756110
394395779
179478196
905653553
1000683402
1209545743
1669924048
508134557
3355488262
2665134683
1784159916
2174188745
539218498
1881366375
452413512
4101816757
172644926
4125273907
3932528036
3373645665
2431501306
1001125311
2338716352
854565325
3720432502
2776710923
249232284
2478068985
2792221874
1566529303
1004731448
479626469
1728996270
3012151779
3149142164
2961022353
1718299754
1033298799
1966615728
3002190589
1073119974
1077653435
879285388
801634601
1871209250
2950167239
2037083176
2274219029
450529566
3552727187
191696772
2360723393
348418266
1481899295
2873006752
3179479085
3593950806
1538591851
28354940
112552281
3908711826
3244837495
2779748376
989179717
2476686
3633791811
3592389236
721501681
3126890826
555631311
1131955344
177619293
3386557894
3143128347
86080108
2384438665
4262093826
3467331111
2525921288
3978368629
1797728254
4073955827
2014998884
3043164193
2875624890
1743828095
3483642496
450793101
4126658870
2840627659
619333468
812232121
2277502578
2801528279
363275256
891488677
2580914542
2986503331
2641157204
3802009169
3787286058
3884339759
1296125040
1741612989
1466267814
2793974395
2398752844
2092335593
3168916706
1551188359
3495461864
3134097621
602420958
3027149651
837141316
641034369
1829509786
4116323295
361671264
2476362989
2092612630
447461163
2835338556
1458119193
2717325138
4092739895
1203871704
1723241477
1792403534
1461929475
1360274996
3765178033
3803818762
833032591
3448456272
2570305053
4132346758
69513179
6985260
665095753
2034677186
353234151
3233904584
2452499253
165000638
1709921459
910624036
2386886881
3454867322
929575743
1442191936
4232985421
3325564662
2820576395
979981084
206292601
852996146
3122873495
871828408
927485541
1172217646
3411136355
747462676
4186128145
529358826
1280868591
3142462512
4183606397
3494784614
1115972923
65735692
117557929
3698394786
3763161159
1036082088
551026069
2108138654
1084339731
2125870852
1755957569
2655093850
284359327
634550816
3046267309
1244127702
3053527531
27181308
782867161
295287058
929495031
239036312
443562181
2577909262
4259711171
1733331444
3472596849
1450214602
812818511
3380741136
1860303581
723267910
1006619291
3220402668
3739629321
1805174658
3523957671
1498427272
543424501
2081817470
1776928627
11229412
4235968929
172056890
282227199
3592145408
2885593101
2621578422
346775371
2736266972
3894058809
4050989554
3583335255
1184019320
2412139301
1894341870
3392664099
886416340
3454873553
2711296426
2194501551
1730071536
1817927997
1752212518
921624571
3606824908
3211383657
2281044066
706744071
1634071400
1449800277
2648232542
4078667987
2912840388
1557326337
2586095130
1910413663
1942620640
1479222893
1816053654
7687339
1062038716
2931217305
1638013650
713453239
2296967000
585276805
1918591950
4154428291
3298078132
795865137
2001018506
2487283471
3206317008
4032886685
100894470
3853100379
1736183212
77897673
1858115906
1415805543
3757745992
2491585717
396890430
3650026035
1929866404
1757889121
841181946
451899583
3352639936
3199194317
2245386870
565635595
1924573852
1150695417
3445126066
4161942039
3174701880
1801263077
3770014382
963957987
1107666836
4170965137
2846266218
1638211183
3094555568
2240462333
2643253734
1720195771
200033164
1454283817
959490594
3903690183
2600880936
3091539733
3124477982
110893971
979263108
3413166785
309696474
2665281567
1463114144
1881453357
3502206294
2361931627
1439422588
3083914329
2077244562
739288439
125712152
214811205
2595275150
789564995
3567292788
4203282673
1727494218
2480012751
4128949136
1114682461
3838090438
1138901019
3670305132
2845821065
3699256066
2866176295
2491473672
2873747829
4065058558
1335553267
3910877284
4226253601
3612554426
1014968191
1659005312
2300690829
1353934902
3254858955
2097477212
1652461753
2420209010
3763980503
3350020856
3066862757
453253230
1674082211
2682088276
3528413521
963628330
2141162799
3607841648
3383417533
2908934054
1947211131
1719435084
1032856809
702618594
2327174279
174220008
1663622101
3364908510
1977839187
1622544964
1027828609
2029273498
3735951071
3889457504
2990473197
627692310
2914640427
4175037500
3937895705
165944914
1522900023
2579447512
619816709
2020073294
1324798211
3274978612
3909538225
122130954
635817103
1983693648
1238446365
3844043398
1500093147
3180102956
2660741449
3465641154
2753824743
1990383304
3782868533
3787549886
651009971
2124862500
2661057505
1267777146
474066495
2667796800
538209869
2325392886
2823438219
1438843420
1116973433
3287299890
220995479
1437346488
517267813
1704203822
1408424547
1511845652
1942454801
313968362
863812591
2863082288
2105259901
2511504742
3259420731
1785494284
2764991913
1405570466
1056498503
2402957992
869617813
2123815838
4222714131
476415492
4211788865
4284525402
940701087
4251400480
2470055085
3623745750
1980386539
2620911612
2821389785
1973272594
2506445559
258737816
2014202821
826326286
3256128451
2081396980
1940480625
4193610698
20732751
121799440
2873257437
3839100998
3909072283
1939103980
1951160841
515542658
3473698471
1176538760
1943196405
2076752510
2045186675
258615268
4188423329
2694580282
553053439
871893248
1481104141
2169222070
1196558923
1353764316
2778038841
2988751090
3175691863
385274488
271967781
3324367854
3568565539
1015296724
3049550545
3074130090
2482809519
3674655472
2780648509
339475238
1944865531
1534867148
2099869289
1889746786
4097223175
3377320552
3339355477
1376717150
314987475
690796996
226946305
2541409562
1908970591
799918304
1205197165
373022358
3094968235
1940233148
283850393
3904709074
2058340791
4165242456
3538137221
2868599502
3005814403
2868034740
3543184177
2697004426
2627054095
820773584
3414452893
2174901766
1969524827
547093676
2071839433
1723424834
2052035943
2193229384
1595172789
371312702
598164787
925186980
1975829857
2822050298
1902046143
2575333568
3330017229
1116109174
3520632075
2173589916
205789945
1688140466
4017163543
2068658744
3081743077
41505198
1892409315
3537057428
822485905
1757280874
2011126127
3488230064
120566013
2797547750
1807779259
1030468236
2002861865
4197773602
1496264903
408758824
2038987285
2025387806
4125222547
46902660
1031261633
4077043418
311554847
3597146272
3302123053
3454239830
130507371
1927481212
95956825
1291994002
1768226935
2752042520
3258045765
2337781902
217340227
3147669620
6079473
493510474
783399119
989414032
3478595421
424309702
1096297243
2825082988
3303795593
5108226
3031268391
1815035400
1610529909
3331102206
3201185779
1368919908
1001915937
4095466426
4097419903
123512960
3211850893
2617966390
983424971
3155928412
3076486073
2770271346
1650697175
2993644024
33697701
2689503086
1929020067
1758067284
1045206097
687748138
1977927727
2970700400
647155133
2331780774
1283686523
3556437580
70633449
708600546
3701634951
2619884008
1745825493
3897861342
2680437075
3842138436
329084545
2209900698
1630409183
156641376
3203379949
2897537558
3065253163
1303393084
659679257
1278027090
2152003383
578346456
2461579781
940955214
2050382851
3654304820
3018691761
1370585354
2924513167
757744208
2608505885
3381414278
1335526875
2930406444
559338569
87573442
1290150631
37762504
4082225461
1657349054
2786847411
2055381796
876611297
3591398778
1346840895
1967953984
1474732365
463029494
878832267
2484646172
2812775545
4251237938
2497772183
2887600568
2616030309
3848637742
3858752867
170425876
4132947217
3116117482
3838637807
1715218992
1218882173
3199392870
2029337403
2733238796
1416040617
4202271906
2907733575
879696296
1868473237
1453462174
3408743443
3415266564
3635924801
2069615194
1683812511
2688022560
2867707821
544214998
3623843819
2009931516
3598213337
1342031634
2651827703
1129620888
1362648773
3606426638
1705975491
4048201716
1721967985
3746976458
3526497871
3477013008
3568230621
1881661254
1659609243
2536591340
561937673
1329091970
3518597543
78441864
1439540725
2157408638
4098907507
2376398564
136103841
1607642938
3964102655
2601535488
1688014349
250694326
837072203
1564835036
2648466745
3073392626
3316191575
404156792
4063328549
3615378158
2493253667
2192490964
837268945
2629298090
3679970735
2536163824
1915438909
4288893478
332772859
3992495564
1488263529
615286370
3120121095
2163323240
741791829
962674782
4074577619
1916209348
2508648449
3417111578
3806236511
852330464
3180104813
1456797078
1047110315
620350140
871078297
2184456402
1636115639
2522623320
3396387717
1303859662
4196311427
2915879860
1362982449
672722058
286680335
2834792912
3753106845
2866623750
4262165339
2243423148
371385801
2014193474
2447880295
4080362824
2217884341
1974959934
2217447475
650054308
537806945
1663219962
4009387711
4033329088
2052340429
2211647606
1709588491
727845020
448658937
3695280562
4084983831
1713133880
831405541
1012451502
160361187
1578943892
2310825617
330391914
809866351
2879203760
1742775293
3415050214
4293193915
3102155148
3252675113
580204578
2975648711
3782215976
4216835349
3327274526
1368633747
1421147268
315281601
644605402
1668476447
416733088
3951827245
1034132310
2092076395
1224095356
543920729
3432008338
694508407
1800369432
2334255173
1109045134
574940227
2065084276
1820100337
1303987786
2713547727
34849168
3779697245
3614198470
1673139739
1576945516
268701321
3648633090
2620430119
228171016
994021237
1474907390
4033708787
2710625892
2765392161
1908441786
1059071359
2903697280
3989579661
1207866934
3274083019
3526251612
1594644153
911770482
3709435607
3320676600
1187234469
2578777710
2409139619
3895626068
1452660561
543726378
2052457263
3411233136
2928066749
1613856166
3756190587
3346357580
10971881
770943458
37425799
1974083816
4186014165
4080327646
3792766035
2932518980
3645075841
4250439578
752487647
1779689312
3920389613
2191261974
3852089387
2541904444
1018710809
3637652562
342905399
3522067672
3758869765
434097486
2296506115
2229818164
1897945009
838295562
2061976207
3797139792
3190822685
328540294
2528604379
3284427564
3756128073
2369456834
3209969127
1402574024
4155876405
4243380926
2480289203
433746468
2133821921
3714845818
2205721663
3369195328
3552891981
3912489974
4234515851
3848953884
1804038009
1328891186
21091735
659187896
3734112101
894633006
830009443
749735188
2972977169
2224919786
273232367
3725404464
2329779581
3142529894
378512955
2640533772
1170977705
1082645410
3679721799
492828840
57931413
1976125854
1595217683
2084054020
833671745
2184378714
1171516319
4265916192
749564589
2474518230
2346754795
2220772860
3918644185
280612370
23464183
2583250072
3589173701
4207323918
2562042307
3070342900
3622365297
1989360074
1398001999
293044496
455562205
1024964166
1505987483
449461996
377266185
1829903490
2316477607
2230668424
4132731125
4202834046
2300946547
1801176548
1474251425
3085260346
583262975
4217669376
16662797
3040010678
2221105227
3101043676
15681593
1888995058
2662657111
972230776
1706626085
351453678
3119518499
4149563604
1918302417
3255848618
148840623
2341128432
27605565
2594613542
3333103867
2121340108
2181872745
336711010
728227847
2018611304
3052350293
3285153630
1130359251
2025674692
617804545
2797282074
1965066847
1831421664
3914284909
2651458710
1111870891
1128921532
1203240089
2651271122
2399567799
1395641432
965334661
3398387918
2088774787
3173178036
3650500913
2102186890
2713919503
390004944
1559187613
4055108614
798910043
2261768876
76810441
314502722
1261161319
560776264
870059445
2791913022
2870729523
836032932
2544094049
3538706426
1136779711
3163223744
171470285
3116083062
2380262155
1613871004
2684608761
2755659954
3023225623
1839691832
150524133
4266934190
3015570915
3554825364
851356049
444647530
987221871
999041200
3617429245
2079842022
3539295163
1851691148
1714062633
575766306
2704697031
3862882344
1840455701
319251742
3383852179
538594180
2070533057
481365210
1098901791
243373728
340905005
2415899222
2609494123
3355796860
938145113
1786401170
470922871
1297224728
2543713093
788113038
520187715
51101300
1860717041
1743007050
2633313999
996819088
2823294301
2401903046
1527251227
3952424556
3135779209
3623976962
291484199
1757412360
1829528181
375522302
2490945011
3372592484
1732054049
3225495994
3442647167
1141188224
1144216205
3297652022
194721227
2940011356
2307209657
3018721906
8083927
4062683128
3037812133
2000125294
1772263587
236394580
1261115985
2410611242
1022574127
366037104
2441524157
2634208422
3727578747
820759628
1659178473
2768695522
2877271431
2263351272
1199559893
1496388318
3972648787
2920218436
3191174273
1440003738
4054976479
4195198560
1651841261
387913750
3932971819
3327168828
1525329433
533934930
3343363383
2552241112
1022025733
2378548302
720990723
3028050484
1352604337
404309770
1000996239
2243510352
3790703133
859436934
3737148379
3973730860
171514441
3600404930
2876135655
1521415112
514160437
539791806
2684125363
1286488356
2943028449
3517166458
1708531519
2308118080
3283027789
1667920630
2958377099
968363804
3191034489
694275122
38711447
3073607608
381852261
3311172398
3864918883
2981338132
3562818321
3814390762
1710320879
35268656
1948291197
4219964006
1259737403
1238943756
2835109545
2515673762
2030285895
973920168
538266005
1275887774
1734926867
509309700
905303361
2212896858
2356602527
126711328
1215899053
2703769046
1101909483
2985000188
293021401
668062994
1869112311
56222616
909149381
213099022
187184323
3174352372
4152011633
799809738
883002447
3186360336
2930493149
3148057926
2106029723
3999215084
2202452745
3897025410
2820128679
3069815688
2238139381
1502142334
3899061107
2559481060
418237857
416546106
1953259007
1156892160
1567323149
3826284726
4006480715
1398987484
4274924345
1314606578
4167878487
1821060984
2597101349
4001577198
4105182755
2323111892
2802990033
2537862570
3432143791
2821113840
2217422141
1430650918
1013746683
4242899916
691036009
2933068898
4169300743
2674749288
2486402645
1633267294
3025056979
750757572
3949655553
2560969242
3633218911
3468756448
4213043821
1541088150
1947072683
3197511868
2085642137
2889234130
3006519991
515861336
1345251717
2441297870
3930961795
3371493812
2621111345
274512522
4271627023
1807908816
1932968861
3324437254
3122483547
333695404
1993419721
2798368066
1444669031
4250936136
2651971765
406252862
1215833651
1214687396
210062945
1737623290
531979455
3991549376
2787680461
1413496438
4190475787
268265116
3423978489
748326834
3784678935
2179897144
1844405221
3094066862
525926627
606331796
1544350865
3979095914
1201015407
1874274224
2254866941
670971366
2498873019
1305608076
2487298089
1768539682
3636199879
382322472
10122005
3470302238
238765971
1425775236
2807355073
1171403738
1555620895
2808632736
1864597293
888654166
340583275
3759182972
2083936345
2529187986
4050260343
974172952
396758597
3254033806
3005872707
1132252532
933235953
3689616458
3495487951
3606888336
1414692957
2961438918
3611421723
1093150060
4120401033
1810188034
3292187943
1839356680
627389813
1911995134
1525684467
3086384228
3002175265
1335742650
1316035455
3157484928
4071001485
2176435254
3288064203
1128772188
1724521657
2380239218
2089366743
656260856
2095769765
2832594030
2971181987
3396839252
1275878737
3872483626
1841068335
2156611440
4287801021
2976918438
4150641019
6175564
1525592297
4285937634
2289059975
3219250920
2181703637
2320058846
1877908051
3536801348
4067653505
4247575962
1605763807
2839766368
1498008557
3661508374
1965723179
3390750780
2984841497
2435856978
1221265463
1695398616
3646288645
63421262
276626691
1485599028
2187976113
1947676170
2694363279
123387728
918486301
2558185094
3618981595
434913580
3495705929
1364498626
3241440231
125850312
2552318517
1015564478
2056178611
50204708
4109537249
582441594
2808060479
2811254080
1470446157
4198304246
3206027
2164375068
3484104057
4226437938
1208454039
1272489656
1954491749
92402222
3031369315
2301831956
2412809745
1173644010
2512758767
3261278000
879723389
4015776102
3330833467
2555000588
2918775209
1790470562
912215879
2054534824
4114783381
1231796126
2485693715
2717565444
361158721
4034217818
3896893855
2886874400
777050285
3111015638
2842097899
4034178044
2116585945
88464402
2551627511
1870037656
2717816773
2092734734
1829158851
4091794676
4116213361
2057373642
639321935
3298590480
3208395229
1540056134
2117558683
32513260
2547836425
819571330
3687373479
2327448200
856039157
229348990
3256106611
87909348
2068336801
4070483002
2436946175
1740702976
2850334477
193597366
556054091
485198300
3346599481
3229275378
2194711127
2682211960
3245093413
3559895022
4108069155
739667668
1670865
2354388138
3597768367
3707684592
700260413
2676053798
622458619
1498804940
2116026985
1693473634
3511227911
3863301736
4144222549
2181031262
4121526227
2117989828
424605953
292253978
3173548127
1200932064
586720621
4733590
2210538411
2262718396
28623513
482426322
2114794935
3909814872
1046477957
311637710
4085727875
3242391732
3375087409
1363714442
3617625615
2525101776
1384789661
2553657862
1300773979
485734572
2631552713
2754903106
1656226151
1997505096
4073960373
991994942
205549875
1517582244
2930954593
2433986042
852809663
1954903232
2116342733
3277903222
1503084811
717559196
3472074489
3847296690
732199191
2465314360
2423387877
3667865006
4234152931
1054962324
900149137
4222850666
109069679
941500080
2755362045
1067486438
4124717499
1195470476
2082720553
1742605602
133012679
1662035496
3826107925
1774572318
3476099731
3814254980
3331054017
298801882
1696456479
3549107360
738275885
2626412630
2533101163
2165818236
491633497
3244449682
1500408951
562778648
993665349
1795921038
2394850627
745135220
4137930737
432929610
3957892303
3301654160
359199581
2876886982
2288506651
1320621164
4027873161
86314498
1690429479
205568520
2487879797
3668406782
4090717171
1583565668
3086094881
2413197242
1926993535
94217344
690339981
4018232118
2622000075
2119065948
651886521
875370610
21172183
1422908920
3461381029
2660264814
368750243
223622740
2302255185
2513424426
3165762607
4219553392
682269117
226067110
3683200123
634169932
415519721
2906750690
1225581447
278380008
3642784469
4135420126
461333843
218864964
2784852609
1667302554
652606943
1739924576
4264197869
1006192150
903133483
2464214844
1907586073
2632532306
1224368951
683104728
3847030277
3957699150
3916204035
1628995636
914399409
3052475658
1504932751
1463303760
3969413149
3008865670
831926747
989474860
1649107017
1835753410
2963705575
1242411464
2485722421
3254779838
3549238963
751427364
2143687393
1084686714
4162131263
315200576
3215420749
497787126
2616759947
2873584924
3488553081
919525938
2188142231
3577333176
667402341
1707305262
1282150755
2737748500
328257809
476695018
1338368751
250095152
4224349821
114047078
954656571
2025301516
2227281065
786084002
3278301767
3466237352
3002855317
3722899102
2505340947
4145418500
6544193
937455194
155245727
3688035360
238324653
1280338902
1930175467
804903676
1604709593
420864786
728832503
3461292440
1230547653
3135344654
1850821315
1259267060
25309553
3346132682
3619750479
361299472
2094574813
2374974278
198397083
1165822956
2218723593
3066524034
3576034727
4030097800
791736821
2263502206
3324873075
2707960548
2934887329
3041217338
692147199
1405699072
376035853
2610931382
3412549963
91240668
2330980665
922115058
3990912343
3287248248
160941349
905455342
1786000419
3425762772
2909585873
289506218
3598504367
437437936
576394045
3914903078
817062395
2210554316
2967184745
2791940706
1706799367
1020865896
241181781
2512526430
3077589715
1563968708
3732864001
2165151770
3538844511
3349447648
2430556269
4216410518
560090795
2351072956
132457881
1604863186
2677182647
2719131992
874319749
3183422926
1210895747
2517436340
2422768177
2953873546
3704705295
2273148368
719956381
3621818630
2581538651
2449450924
2796515785
2063156034
553655399
2121982280
1646364341
2133220158
2792668211
1476282020
2922140769
3211875578
757093055
1079817152
3257730765
1998417014
1565846539
2693317788
3634203129
1046715826
1113543703
2427508024
2692778469
3572409518
4208137955
337314196
4019024529
3054959978
664174703
2227250608
1629253629
853468134
2779684027
1252842892
1305636393
2377012258
3737860039
3138618664
1208817941
1406077470
3163741587
3140630660
151968961
4037575130
179231263
2196362144
2062214445
918288214
3549903211
2602234492
1261510233
1516267154
69126007
4089573656
844772421
2587790222
1639911491
2916281204
3690173169
2441929290
2678349775
4107648400
462120541
4027295430
511296027
71435116
3663501961
331404546
2733966119
882579720
3921337205
3228838142
253931251
2890668644
2789119265
4041940666
3933344127
272884608
397472653
2112156214
1149318859
1347489884
4189577913
383164274
1051257559
1799224568
3644984997
3362185838
1212725667
3333211476
850584401
212481834
3654479663
1991460208
1020169405
555669926
983078779
2436307276
3429234409
510182882
2639625863
1762237672
2093141461
231585758
2675716179
1287908420
148077953
4168166298
4148295903
627237728
2165780973
2890947862
3697992747
279125564
3393836825
3003009106
2010496567
3541891288
2429556997
3055528270
1707610883
3189804852
2632147889
1302789130
385494671
1699855696
863888157
4090526854
2623741147
1074011948
4026958665
2598250178
700754407
307695816
1119678517
546551486
1526161843
3121720868
2145752545
2607982714
133599295
3141456704
733323341
1035352054
866926987
2827557916
4009687929
1242521906
1635598743
1129768120
1620857701
1444995118
1570053219
4020652308
2409436177
3602591978
1139940847
3618186544
4197542269
2983759718
1378964027
3676378380
1565933481
1381562274
3491398983
645625000
2302755477
2038310302
451691283
229466116
646766145
3391591770
2674382751
2261758752
405028525
3385754326
1318932203
1618676220
3857666009
3544312338
3648484599
266584216
1547615685
925009678
3204961731
2998268660
1274541169
2250167754
4187143503
2695986448
394338269
3236893254
3596302235
2835741420
2020420617
3926997122
1143935143
3614361736
2850538741
893715582
2763183219
1561264612
3823195809
3502764602
3966619391
4178412288
3539668237
72433078
2643856459
4243646428
2033374265
567141106
3919337559
3367734392
2739886117
2212273646
91766563
1523027156
3742106833
2517232298
2092174511
1331873008
2651129405
2731279654
255380731
1814745292
4049815657
3812551010
1708805127
2468940904
172521301
211833694
2846037459
3115226052
1794834177
1468776218
3386930783
1055933152
1959922541
3170265238
4243487147
3194140092
3202451609
3840625618
3351505847
970344536
1634083461
50799822
2554222723
928192180
569460017
2629070730
3190688783
783613136
743775389
4113000454
1327632987
1661441708
3293615305
2602175042
1089746791
60964936
469457333
1414009406
3340044083
822351268
988927841
1655372794
3197619647
1097855680
2722183629
3749053302
3036583691
1632138140
420703481
2815567026
3586535191
1798042680
3457883365
391781294
3400671715
2479919252
3116348817
2354472042
1524153199
1168123056
3976815357
1907964646
1416562619
1209289868
961351977
1255840546
223662791
248669224
1553493013
4243865886
2254481555
3431434116
2665340865
1381869786
4251702559
2776928928
2346752045
1938296406
2048812139
505028988
903905625
3518655890
2709201527
2696187928
755386181
3213722254
3693845315
3082287732
395269617
3005729098
2609650383
1461468304
2528762205
3996745158
1232579867
1372123756
3832593801
129539074
785653287
3601954824
1438101109
2472337406
1558051315
2444290404
2916554785
3806053818
1697942655
3425051264
3997705869
2632223030
1822810571
2840575836
258000313
2782668402
3837445591
1516772344
3451888037
2522437998
4160930979
3867235412
2021140049
3143671338
1965042223
3793831024
1811840957
1549807782
3298034299
849184844
2782108137
3270249698
894048647
3107421160
2633048277
1077538526
2883910483
2180528964
1257603201
744313498
2160718815
3528237664
303031533
2604889110
418189099
862014780
3953932825
1131368274
2237471031
1413388248
199175173
3530924110
898604547
1604623924
3851560625
2872632074
2288839055
564608080
997152285
3387249542
3357280219
420089388
2844632649
1236069826
3700344039
1348235208
3554460469
3359862206
3234704563
2597682468
626071777
2736410490
2265189183
2431652416
3419394893
3395079926
2001464459
1757858588
1557847673
2779506738
2503613591
2251293624
1325196901
1184519982
2552899427
1587140628
871716625
3840448490
575297775
212214832
1604607101
1619060326
3261578555
2944828428
1740038825
1160986274
209330247
1914196904
2819790229
2352045214
3572502035
3586174724
3087130945
390773850
1522193055
2634576416
2082468269
2716375510
3961158123
1912092924
1090826969
2747920658
1378471927
607412120
179359941
1635745294
254435523
450429428
79279985
648527050
999323727
1444281360
3207959261
1709893958
2379162267
478865900
2758233865
985071490
3638832039
811804552
3542783989
2294004606
228859763
674353380
1243601313
3039205690
2328250879
1200472576
261636109
3047085238
1202763595
4084045532
3259086649
4043401714
637809495
2655234936
3197299493
769463534
1978157603
3352959956
3304540113
2326679978
2031568815
1827587056
3434805565
1004231718
1890203643
42942412
1874258793
2339385442
2175067911
3644124008
448580181
1452968542
2084692179
2208359108
4005757441
82175514
1375629663
2641887712
4275093101
3040313238
3328615595
228517052
1453976473
478827218
2795587255
2689984344
4131075461
1382751182
2478564227
2501191092
2915436593
2268354186
733398799
2083027920
2261553053
1611284230
491847003
2148238764
633190345
1956041026
1922323047
4135952200
1348545717
713410878
505500211
3582321828
2231589473
3938493178
2537244863
1740583360
1315007693
1818925686
278151691
1560552092
3226816505
2442963890
2514029079
308482872
1229041637
299995822
469576931
2919374740
3292395665
4000435050
1346827887
1790649264
2013419005
1815056870
2988143291
796375948
1855173673
258138658
1133145543
1313686312
1370472213
3577051166
3701109651
123262596
3086541505
2800668634
3981758495
727404960
2397195053
3270518102
982617963
4195700860
224126041
2540729490
3783490935
409153304
1530812997
1257798030
2919507523
974719348
3648461041
4003377226
2409616847
3684613008
3069463645
369317062
3110180891
659284332
1045487753
1359766274
3093248295
3800291080
138445173
3277952766
2365932787
4270962788
4273707809
3584584890
2468546431
692347264
3706411405
3162513462
3300297931
2034921052
2547361977
1362996594
2742591703
307116792
3687396517
2020069486
3576221603
1557259092
2324261201
301139242
1050240303
768295792
3862590141
792561574
695954811
4194301772
3574414569
181097442
3236607111
4045495016
1772843989
4257359326
4038706771
2628291140
2623767425
1864726938
1937632991
1584554336
3776223213
2027064086
2606447147
3944447036
98213145
3191625298
563115063
2619094744
2256158469
2967967566
147007747
899984692
1082976689
1051118090
1577821327
2084092752
879544605
2778081926
1690366683
3054239020
3202402633
3923227842
2030362599
4095594184
2005440053
688858302
3037722547
3205844004
2684918753
3349018234
624789055
2212319552
3489007181
866084342
383227787
3691018780
1233305977
3114561330
3450009495
2378506936
585726309
2804928046
2888512099
3758712596
815372817
3069312746
2597229551
2648646448
1545817981
2193964390
965355579
3857183500
3554903465
2003404194
679852871
2708550312
1064298645
2248184734
1935661331
1062206980
3837977665
2403984218
3946433951
243085600
1780982957
1151250646
4219708651
1416718332
2699433433
4205705234
1166551799
4215340696
2226054085
2851632398
247000003
1937248500
1539799665
420258762
1304048463
632716048
2750809565
3967991878
3794734491
2416695532
942502409
414762626
1128613543
3943925384
3673778933
4048450174
2969660019
4073758692
296377505
3529588794
3024798975
793379072
4232147725
529034166
2042061387
3638969820
2518456889
345043186
1394085463
881314424
2338487845
2751040494
1808028963
57191124
2402192081
1596897450
2074509999
1656144624
3732728893
612807462
84386555
921677516
1540787817
251492194
1763410439
4277979752
1874664789
3820011870
3746343891
2869899716
2581005569
4179365146
457731167
3543908576
1591439725
1410635414
768266155
1775702972
4282273433
1988450770
3962216887
3314648664
580667525
468390606
3936710275
2673030324
1676069681
3750772106
3580592655
1607989968
1783628445
2290685446
3026970715
3641406636
4210481865
2003802178
1709206887
1193606728
793968565
1910472766
1536793907
897823652
3160464737
3350350330
1728758719
2739564736
4136476621
2382049654
538307851
2210124188
4267913977
1807954610
848815383
1985360440
1106526949
881133998
2662610915
1387245204
1057504145
1281962602
3084988783
3826393776
839338237
2453792998
1857281467
4040632972
497440553
1262954786
829163719
1770267176
1465061909
1284681502
1866481299
1537615236
2220877249
1583085274
2322189087
74322080
3018849837
2499034198
3304110699
520912764
27477849
461536146
1949816951
1255001624
3976359237
2894033038
2269688131
620107892
1370151921
3018954570
736071887
1918712464
2889531229
3613993926
506954523
1959448684
402457481
1606167042
4019606567
1209153032
827675765
3229765118
1335398387
3807283044
3370917409
961614778
608010879
396271744
328895629
1287108406
4239603659
2957057372
3273034681
2298164338
719485911
2196789752
861849509
3734128494
2411387555
429814356
2565254225
2153868330
3862863919
1236353648
3682756029
162979494
424597627
3613288012
2316492777
1711708898
4030156679
13056488
317834965
3060161758
502960467
2362759492
756909697
818520218
2136861151
3117686880
505760493
3036520982
330655019
668052284
1221918745
2472893778
4235185975
2595608024
815878661
3245706830
2405610499
807451700
3721637041
2012262666
1205231503
1694906960
1316371485
4142072198
575790555
118090796
1610607689
3948837826
2938567399
3986369992
1572890933
3002522558
3888005811
382802724
537665249
2029886842
2460156223
2215022656
1747466573
3917348086
3259974283
4063635740
3841369209
4126733874
3132609175
1242972600
207752293
3890300206
1234713955
1676998164
3045711121
3168232938
1568591599
2069111344
531513981
2292552806
1738052411
1850040844
3520866473
1492896930
3560789575
2760249768
2136554389
3605777054
2788926483
979062020
3704612673
2720336474
14993567
3408785440
305878957
569427926
752406507
4159084284
898857177
1206779666
1670546935
2231999896
4198037189
2156751886
1840477891
2895323124
2166439281
3444411082
3759140431
4287822352
4123162845
3300300614
2205874331
4085827564
1673499913
4095118722
861036967
4152354184
4048829941
3741133182
1053472115
2901110500
1786830753
2557994810
419119103
2688696320
3371607565
2987262646
3819572555
2639983836
616791353
4236015602
551020887
2072504696
968757541
1446118126
2534170659
4252187092
1840369105
2206932906
878820783
549110256
55238461
3436055078
2085686779
4182515148
3854709097
3722886754
3426622727
4102072680
961114197
602077278
2193848019
536445124
2620852225
2754491418
3586025311
3493560288
3304203373
160279958
3810196139
3272295100
3902714265
1658609874
1214250167
2575902040
378100613
3481733582
1291516291
1175274420
1951632945
365438090
1800158479
3385031120
115307933
3735284998
3295859547
1577542572
1945894345
329539394
3403188327
3850394952
3905999541
2589275966
796780595
1090355876
285892705
1769992442
3724951231
3826364352
3401962189
3022506102
2474874891
3312418972
54334969
2789587378
1543684119
2265272632
3895645669
4014244014
