2629811691
3883183356
579770073
1285719314
2753647607
3495826328
4203148485
1706512910
947397827
1407448564
461380465
512938186
1886944335
3681955856
3989845725
1696415046
3302319771
183786988
402273033
3825505154
3469520807
902421384
2568600565
1647873918
2306007923
4157195492
873414049
3156651322
3787410943
1305146880
3614172173
850798774
559414091
1241778908
1847434041
2349071858
2149431127
1076322168
1155206949
1105127662
3900182051
88018900
4031753169
3120784810
3126938543
2672359408
1611111741
1142403110
422738939
2157097932
2317078377
1499972706
271543047
718643048
3684560469
1516330590
2580718803
3591558852
1506043393
3318741530
1440314719
1999582688
534143597
2782450582
2047862955
1112496316
2782384025
2931222226
1239206583
2230557528
4227160453
1261891534
546154371
1943280052
3870321713
2465426058
3663907599
1216131024
2278241181
3864040198
677069147
3400071596
4294220745
2889377090
448845415
559960904
892620981
1838587198
4000585267
2278676644
2853617249
1251260154
3908586687
1106273728
295243981
2241195638
3477046795
3972961948
198521849
2683518898
1127648791
112903992
929944549
1148675758
336654563
1260065684
2210028689
4221230954
1297414767
1040799664
1874000381
1702880742
2426910395
61812620
2711394345
1974367778
106492359
1600255784
57991957
3968879646
4038014867
1988020868
1344161473
179102682
2918437919
3003549088
3175870253
967145814
3040793451
3791242364
774752345
653330578
3657630071
1769267992
450657861
2354597262
3797543491
848035188
411401457
2721170506
1007671759
2733043600
2924933213
4150110406
1550834715
3256702316
3811296393
721549058
382713127
1725074184
2952242549
3288754942
4124838131
126987364
1123221281
575701178
1671695231
2338952576
3213294989
1170175030
744870091
910746204
3875114169
3873980786
2820285655
2367287032
3587791013
496084078
2529203107
3449739092
3257519441
2431654186
2070636847
1443723120
1716459197
3986807718
34320763
409693004
2226790633
493545442
3153934471
4121562856
2958333909
2091973086
1062373971
2625797700
1168959361
163024282
1960899295
1209111904
1088568301
1234951958
2701950507
2050224188
1548779801
1594944082
1934882871
2376198872
2751226629
2396744526
681372931
3150684468
1774144945
772660746
2352982159
4067749712
1177775389
3053747846
1674786523
2500948268
2455743817
2049001666
2444846055
98599624
2250488373
994572478
4201298867
2462662692
3882090465
2501511802
4169304639
569804096
4126517837
15907318
3951745931
3123899932
4892025
3936551730
763919255
3271874232
3437075813
317563438
2068248163
2559204116
3294494225
1002640106
2607060975
3474282288
2291921789
3661468006
3491654715
1116169996
1681156521
1247615394
1608269639
3446531752
3204254869
3229837214
1081908499
1138618884
