1872437963
3769240668
1587850937
2082798450
2555090647
2500376824
460692133
1523383918
580920739
1042628948
1631137617
1472467754
1942690607
1976926576
2977142973
4232607142
735937403
1405031756
2008400617
2294161890
39004807
1752389864
4060699093
3391804382
90086483
1011574852
1243400577
3916564378
133506271
2919505760
2335129069
4031838486
3399143467
1293556284
3770458905
2149229650
720267831
2347087064
1240048901
4130587982
1710587651
1702300468
2913972145
4199471114
958945935
3543267664
4224249629
845682822
1849559259
774511404
3327938377
2558624450
498619879
1480510664
2154396725
2921255614
3023031731
1224157732
1291117025
2306966650
2254421055
1511919424
183741517
2024068086
2146577803
1881020444
167233401
3053042994
957083031
3659374776
2476466021
1793260590
2123925603
2245707028
900685841
4226878698
425085423
3813105968
2032301437
1524509542
1604468283
2481262860
1907493801
3662304162
3724816711
3252760744
1381224085
3208069534
578465555
3136347140
4066519617
2353295706
1988559775
720170784
4018686637
3265994454
335100651
305006076
3631094745
2499429906
