614585355
199265436
3452088825
1731634610
843496471
450960696
3919852005
682503342
3552378595
4067150228
4049050257
1095435626
3161122927
3707399600
3065321469
3331288038
3285550267
4212565388
4041315881
3345177634
3056377799
2725629224
951763221
630231582
3348546963
2161442948
1979909313
2835253722
1983726111
3734313888
1766690093
145653590
1729634667
488028796
3198830169
1702325906
2306486135
1289107736
3574717509
1921127310
2371680323
2001187700
647084785
1199893066
2020394959
4168287632
4248309341
2562731718
3855919643
72338284
3770663561
3501841666
1019898663
870408456
3908862837
1203351806
3923416819
3054690916
3775315233
2500142778
1727297919
2152934272
3878132621
3051059766
2654346955
2599475292
4119136953
2251401074
4084749015
1698055416
2139993765
3341707886
10133923
1833274708
270863185
2942713642
3499054895
934579568
2492413117
3235340710
623345531
317251916
3223133929
1621478882
329180807
3526616296
3029890517
1821851614
65542227
212776004
3681527169
3394188186
3736625375
1003891552
2611075565
2890589462
4132686891
3588679228
1483407129
144527442
4128843319
1073299672
3836723461
2104176974
3838704387
870143796
1462340529
2670134282
95065743
4122412368
3948055325
1821181062
606471387
1968826156
1527884617
1683959490
2525106663
929388744
3710294069
2028027582
51857843
2720036388
3025518049
3709120634
3026253887
169220928
4216604749
1739898870
130623883
2591089692
427041657
133327154
1127524759
4111936696
202373989
2280679470
3712943203
646385940
1891056657
2566863082
76973551
1232235824
4229566845
3852015462
4045945403
4128955660
3384108969
2770206626
1296821575
1500363944
2956913301
3981421982
3233819411
2413832196
2261845569
3180174682
1791377311
2685074208
114747053
2144406230
3605935851
822530556
3065542617
2070475282
3097681143
3632793752
155608517
1970671374
2037759427
2629483252
2649103473
2066144714
1714103631
98485520
1300088797
2444466758
109453211
3684942572
1881166857
3357163650
3956570279
1782911112
2272881909
3868888190
37403763
3949316580
972652193
3086088762
817903359
1856817920
1254208781
2824324534
3558536267
1579200476
4199545913
909699826
1614528599
2051265656
4226482213
1890854382
882517795
3924841684
3956157649
2144727722
1866495151
3119779056
4061507133
4069821734
1251456251
3899431116
4268388457
1317794146
1374925831
3621999720
3362660181
494525278
2027879891
3324599236
2162632449
1954137882
3777420895
2733869792
3752637293
2969628822
3685179819
1647738300
4199723161
3885650898
1876382647
2789380184
261474949
1080208590
1981038723
1570758324
864513329
1027897226
279868431
2963948752
2289681565
2784227334
263518811
1525505708
1890303177
2511016514
2340527975
1279297608
3837067701
3869612606
3255103283
765648292
3669098337
4150068218
47330751
634862272
1781522893
2240056182
904625931
4190124956
416847097
449129650
1229821719
1685863480
2078196965
1194959790
2436631011
1128355988
438951313
2779409514
3880592239
4042878128
994183933
1703527142
339079099
3986560140
251410729
3601834786
3495312071
2908007464
1508250645
852871454
1728352403
726290308
2456946625
2698227930
3365551391
2622479008
451100717
765105750
2537507947
1563814268
66693465
921793938
2054589047
4176009240
2220748613
2213612174
3312026435
3796681332
281902577
121622858
1005880015
1037665424
3238429021
118359494
2188547355
3606493804
1836311945
651273218
2219410983
488095752
2979616373
2395105278
3711295987
3298275684
3208593441
756403642
290911359
1733651072
2925448845
3439006006
536529355
1091536732
3050171833
2136419954
3173658071
3816842232
2024491429
2436948334
1039445155
2117737556
1418350161
205301290
58495535
373460080
1549739965
2084092070
4039305851
3379515468
1814741481
2001278178
926122375
4186031080
2170996949
589526750
2247156563
4211278660
1144105089
3025885850
1742756831
2749360736
1832553709
2740845590
1551234859
3586463036
1953325593
321804114
4148199735
3761954776
3026113541
2782996558
305497603
1451320884
4000861873
3134778122
3736949135
3039593552
3689152029
3535920006
1635708891
4085241388
926469705
2504914370
2766941415
3700078536
1793485621
3031496126
2928514227
3422831908
3496034529
2866567034
51278655
719804992
739146573
209409782
1158206603
3352204060
3522168441
3987664946
982615191
3876604856
2668662373
2492063534
1166282595
2795151380
3014622993
1967955946
445563119
294612016
2586641533
878800486
1123984699
4288695308
1186335401
706234018
3041626183
2620038056
464534933
2753750174
2422470163
823359236
3739617601
3771778138
3317250719
2439232032
1265801645
2148213206
1040933355
1067712764
2892880601
3859872018
3304404983
737716120
2891479237
3421701646
3342354627
2784872948
1162338161
4191143114
2949177423
3731047440
2110929629
3872354630
1872366235
340308460
1589278473
3135244162
2083099559
1247375240
1297891317
3996205950
1355548531
531142884
3067609505
2188419386
1052291583
676137472
3086936077
2445630646
399875915
3787284188
771678009
2945217010
4430679
518779768
1540264741
1456774382
1923756579
2283987924
274296785
1654282666
1128509359
2325744624
4184580413
1271129126
766058491
3555788748
2405307241
2833070178
962481927
890188648
3313660501
731124318
18729171
2302388932
1800350209
401862170
2833570143
4238035424
3930809965
4049733526
247434411
3465718972
3434812313
3646511826
2186587831
1809985368
957013381
3689325518
254921603
2088889780
1308373041
635723402
634859279
1094566864
194066333
3774269190
797173083
1561415084
884531145
826792258
1489091175
3863209800
1438307509
2432913726
2662414899
1531227300
3680731745
2240981754
3944067263
3611720128
3874493645
1788420726
3407948299
2728127132
1253734393
3467621298
218133015
4208155448
3685046245
2648775342
1344738531
2928863124
55058577
367383402
1415274095
3912526768
1054539261
1075845606
2474793659
1243710348
4142062633
1834478114
1915475399
602901288
3684525845
4013359134
316562323
2134613636
2989296321
193255386
2552444959
1028037024
1048900397
3844255062
1632794475
1985026172
3054832729
3603397778
2384389495
4021778200
3879076421
2071724430
3571584579
1171116404
22364401
1624684618
2007514575
628884368
2850092125
519560390
3824975899
2979637612
3388213385
1380281090
1232380199
4027195144
1086466421
3001491198
855452915
3667427428
1724105505
1174566074
4008013695
1871948160
228721037
1689692214
1370191051
3727308380
1759695033
349746546
529008855
2860942072
190110885
4017051758
683325347
1705683796
3845886289
2431585578
3835022639
1426885488
4013628093
1328943014
390747515
636600140
3993265385
2974309346
3463715975
2290852584
2059475925
3838553566
3227889235
1322472004
1010805633
759398810
3660863199
1797630304
4242489325
151851798
2290360875
3936306236
154912025
2283494994
118742071
3342368472
60417797
275980110
3272151299
765556020
403902897
2355548682
2616986767
2464023376
1031893277
3197284998
2411977435
3047277868
4012634441
932756674
486688743
1735136968
2335325749
698133694
1752162227
3110343716
1102627809
360709754
4041731647
3908344128
1087680077
232648182
1580498827
673727004
2302142841
197621554
3063570327
499477176
2543657317
2436847150
119872099
3106549524
3472081425
2507540202
1253243887
3051907888
1330378621
1992672614
465637435
3944856332
2776804777
1852738978
2096571207
1118010024
2142081173
3255966622
3295920403
4089628164
1380387905
2934958938
1977103775
1576565024
2585414829
3403757782
2534706411
2671587324
653213145
1460994066
3421737719
3257222808
2599848901
3230399758
1147589571
532470004
183870065
1247062986
1234344783
1361298192
1798483421
2642888774
4120507803
3437863148
891329033
3137457794
1646964391
204066440
1909134069
2330196606
1506366067
3546769380
352486561
97208378
1474112767
4213786880
1430788877
3016684470
1669089867
3562409436
1819918905
4248566002
284653143
72356472
3980273189
2299597806
3055959331
1959883476
2570105553
2772091050
2641554095
3012037360
1674417213
1955543846
3282471675
3715200716
236828265
1586134882
1819601415
4059501160
2267202901
4241115486
2580059091
701102532
4244843777
2185893146
835638367
2910783712
1257642349
1482628758
1606662059
3354057660
804222617
1836343762
2071857591
1883098712
2047602821
1904646862
2210092675
3353345204
314372913
4234167690
4146850319
3893183184
2545199773
1502977542
2554253403
456211628
3968991945
1983946818
1739445607
1577272904
4048332725
746391614
3788080435
3294788516
1231095137
3903083002
1250241471
502380736
3753658317
1682553206
2487407883
4134771100
2473089785
4076223154
761220375
3454433848
955771621
2628030894
3229491171
610301588
3702678417
33372778
3012925807
3047910064
4051693821
3327291622
4055549371
10547852
3633676073
4217123106
1269657799
4131809832
3990927893
3400808222
2065966739
1823010180
87297473
1494351578
2497196831
2977519776
70428205
2672215126
1968284267
1483229052
83652441
3036251026
1953710199
557979160
765072709
3374512270
1808177475
2445992052
673776625
3293159242
3683121359
2673509008
3888605021
1350415302
3128060699
2218301548
641739657
3272946178
1011596327
2629336584
3329686645
606590462
2603644915
3893710692
127157793
1338710970
2946493055
2299390080
888222861
3977133878
3813154763
1648420188
1053012921
3065396338
3398558679
2856886776
1737125797
1371131758
1894564515
328677972
4063810641
2910680106
601557039
3826420336
2099449277
2848941734
1220395131
410005068
1974077417
2124653282
2304817031
1867612648
3500633813
563078366
1665562963
4162822468
4086935169
2768742554
3853799903
2175232096
2056254189
1297623574
712920363
74806076
1188440089
3613680978
3583194935
3841072600
39909893
757143118
2806553603
2839381044
66704561
2211494154
3982935951
2127266384
1076552733
2684324230
1593099739
2881467436
3001750601
3141501890
2932105959
3356063176
1846153525
1201955774
3770559155
1514136356
945571553
2365564282
770533695
876468288
1772544333
3688662262
55323275
2877157660
1867238521
3527147058
1733245591
2302052792
632665189
3994078510
3526501731
1312144916
4068738321
1769696746
1157838575
645753392
1266084477
482745446
728726331
2829003276
370888873
3793802402
1414446663
1020811688
204923797
3072152222
217025555
3354268932
284430145
2548765274
723726495
4123605024
583925677
3495120854
2450110443
1070751484
1446813913
1047856914
2107502071
2332943768
86023877
3275813902
2701221571
4193773556
519005553
3702887114
3817363023
1310736912
1168056541
635117382
1216733339
4119236588
592624905
947885442
1305987495
2679516552
616949237
749908350
3442646387
4137826020
2222524321
2986471226
741189631
3611396096
1386040845
2121566902
1729033547
636140764
3854607673
2403827698
1113018711
443560312
3761879333
2003405550
2936948771
2684092884
3058955729
3082233770
768484783
615254512
1631291197
3707146790
3163551227
4109231564
2863225193
3751003746
2604107015
4271567208
1028593749
18645086
4074725075
2547271876
1711484929
595344410
736415583
2778646496
833408109
1442330006
2125718187
1044318908
1408227737
334194898
190014647
2740284760
43582341
1900188110
2209407363
800721844
2982786609
817376394
883729679
2501427664
1558453661
2144367878
4192582491
2236427180
3359057353
3566561090
1749413991
2742986056
3882515125
689094462
994955315
1492929188
1420462177
2425485562
3508577983
3923310528
2224323277
3801501814
1095794699
3846654108
585252345
4153983410
1516906519
3451230520
3285614053
3011774638
2453744355
2494170516
3597182609
3656425834
3036402799
1180592560
2201019389
1746978790
3739168955
18637196
3826524713
4038883362
215681991
341395752
3232763157
894266910
1339421075
3818011780
3146191041
4185597402
1857629727
3907524512
2615957805
3423001430
2201800043
4084954748
548393561
1099401874
3715341175
2106111256
2273978437
3706056590
974595139
3057905524
3041445617
2711127626
395555791
2608136592
2864306781
195005126
3050591771
1054050156
2992131721
3913349378
214882087
321051912
1924648821
1384418558
3318727411
3708690020
3518023969
3127886522
59139455
2747541376
1414293389
3590444598
2228275915
3176371292
1735431865
3572482930
1850195671
3536240888
3175875237
673203822
3330985379
2013251924
2877429585
3521633066
1900823343
3008661872
907477181
4228169126
891104123
2431294796
857451241
1331358178
402215559
2647875816
3004809685
1232083934
512967763
3873960004
2587865473
2343030682
979389663
3613730656
374121965
3762241814
4066670635
323461692
1564248857
1896442962
314479159
694664408
3769896197
1810566478
1861494531
3109393204
3794573233
286695434
2197652111
1760887120
333469469
3876085894
2131865819
3319374636
2994091849
2420263618
171081191
3999454408
1131275317
2127043262
3346560435
2660741668
3830172129
2170244218
1780409407
4240643904
3599045709
3866565622
3830437259
1104125980
3022761849
2970387762
4239398295
425961656
2035959653
452871214
1454059619
1438469396
1314932753
1633473770
3112137199
1397647664
3199065469
2523034470
571074107
672700684
3363828649
4113505186
3948042567
2060007592
4048303765
4081355166
433542931
2643813380
1257050689
197278042
2509908895
1221981984
361607853
6383318
3739935467
291737084
1784021977
204541458
2314488055
1991410840
450277829
1142024974
2366106051
615446260
2973050993
552761802
766120271
3310928144
1024955357
4023055942
408800155
2115993324
1498472457
2740542594
4012958887
4110322824
2521610485
1134389374
1527244915
2035877348
893094561
4145321530
1806312191
2895496960
3757998349
1639326134
3532496971
3329977308
3386083385
3585017586
1147350103
1363955832
1690389541
2447245806
224547619
4188180692
2546153681
168791722
2757058735
3456895216
565541437
4110018854
3362087163
174478540
2499869801
2616790370
1973821447
1257951336
403139413
2827663198
3160549843
3277494212
3595514625
1804231450
1193724511
3573188320
3463413613
1512918166
462425515
563034556
1757166745
1019113426
3788816311
4113108056
45225605
1260030158
3205655683
2752518836
1528985905
854332298
2388221967
945832144
2334101661
3282521094
75015771
2338658988
4155001033
3158715970
176819047
2796946504
1746161077
4140070462
1530796851
152181156
759171937
3982204922
786964927
721172160
91794893
1434380150
2185898763
1595340700
690495737
1284982962
1143014167
3930110008
2889945317
1384087470
1970288099
4017067156
543877521
230688874
143527791
2337106096
602789629
2508922598
183475131
999542924
1230947625
3178807074
1706337991
1848125480
2215338005
2667750686
1089715347
3556215684
86381505
1556106458
3586533663
3549615776
900860973
3680694870
991164523
931833212
959395161
3966865810
2032137847
4102771736
621165381
650438286
4023627587
2738421364
3635710449
1757637962
3687542479
164331664
582503773
3227345350
2250391835
3513415276
2654761353
885571586
1795027495
1128872968
1971626613
2919056382
1658523123
2843929956
4112075809
4126173626
2593710207
2947966592
2612238989
2408672566
3863311819
3747758940
317290937
3750054514
3131677143
335601656
1016698277
3802316142
3650410659
2196002900
1092049489
1848525354
2095676975
3000141936
1243018173
3050706086
2355664507
2137066572
1448693225
2473472226
708701575
68239336
1377309909
3429651166
2722893651
187449156
1613870209
1361311386
2285389791
1549723232
1399021
834820118
2419499819
118870332
2087644697
3305796434
1855319351
2224643032
3465748485
1020331086
3389764099
1307157044
3802880689
2755168010
213925263
1096450128
3902917149
61683590
2686098395
4092564012
499997257
648090050
3746339047
3396875208
995997493
1057477054
3432956083
1986756900
1971801313
1653797754
1434214207
847533632
3077523277
2645406454
2973728907
3676131100
2279051897
406391858
649916567
3192702904
3263879781
2282208046
1150303075
3217087508
310938385
3977919466
1478995183
744187952
3639660669
1402653286
2945470779
1502480396
3970995881
395928226
4060214343
3967162280
1592625557
3867656350
2603295251
1689826052
808588609
2054512730
1698506399
1193195040
2723767725
3406527958
767036907
66108668
2470143705
810095890
2700518391
1964188568
202949829
3003048462
3095033027
2413954548
4056345457
2265669834
3623341135
2798469136
2174486237
1800850758
354530971
1454665196
119210761
1804542850
4130733991
4228049800
4133456885
1067720574
3007918963
1267455204
1464470945
1157840186
3327303167
1797654016
762033165
3449010358
1442335563
2785549020
1219652409
1081249266
3340437335
2565107576
2866077477
1215199470
2166513187
1908744148
1837005777
205780394
2970131375
2678589424
3577441597
748240934
2535902203
232440780
4247035753
62542946
2881534727
3340152680
1196146261
1662316126
2790323411
2623334084
2112304641
3396635162
865387871
731006432
1363030637
3573441430
3864541355
1641769148
2656346009
1475180242
2936150711
1438165848
2857838981
1863221198
3856660355
350366132
1053244465
1929116298
3023182607
3252928464
1382482845
2501518086
1744277851
494471596
2867162057
2639459650
4269418087
1470718792
2739544245
93465918
4053427763
3299076260
52530785
1862354682
333159615
3512432064
2456346829
755203702
120575499
1407362716
3594126329
1643237298
2592333335
327669560
574071781
3918984878
436945123
615588756
3938004113
225144682
1582058095
1954047920
62310909
3197203942
636225211
2684829580
947218473
3515942434
104481223
4088596264
1743958805
2010373150
4269639571
769186436
303109825
4074861530
2046764063
1635358112
25411373
1029376342
1289167723
345363580
2121963609
632789138
4151857527
1984557848
906907205
381672846
1023162947
1219104116
3261877489
2311738442
3626969551
3663593360
2143469661
3736549574
3680250907
738026860
434934921
363628290
114887975
489397000
4275926389
2794584830
575822067
1030995044
2714619681
1917653178
618093439
2632230272
992398733
2310865974
3081117899
3094147676
1898863801
1182191986
1605858519
1576468216
359868581
4047582318
1510663075
608495444
3807944017
4065372458
4138907951
3532425072
3911378621
1195600806
4271899003
3553852236
258142441
3135076322
1882097799
2450202344
3718408149
444893662
2658196051
1424789060
1970255745
1702632858
2134655711
9741664
1743391725
2984341270
3019165227
3487563836
3563933977
1130854994
2568570935
3867605720
4227740421
265485134
1754217731
1459204404
896933297
2906025482
984545423
4160487248
4000267549
1710100102
1913620187
637632812
619740489
3998996674
3725767655
1279890120
2245626421
4167272638
2687568819
3518713892
470732769
2695273082
2684738111
3313603904
1013283405
1904232950
437988235
1734802972
441415033
2009174834
2507525015
1743906488
826764645
2771202606
1273054819
2084596500
1862061585
2092147434
3506169839
2711906096
3393176445
3295617382
2214771771
754939660
2997696937
3110054306
408784711
2178873000
2233130133
15136670
1089137939
223871492
4039317569
1409582938
1242309023
3768808736
4180744365
2689701078
779172075
125430780
15518169
448601106
1923415799
1982841496
149346245
2147997966
3545825219
730928372
279228017
2130724810
2456913743
3799891728
1126988253
142517318
4006715803
1866816748
1555113481
18934402
317135527
2764262024
1962827509
2428950142
2247523955
1564124132
446992545
198042682
3961985279
49431808
1793386253
839733174
2706306635
3029387740
2455588409
1066538226
2055135831
3778580088
3799282213
186314734
3125700899
4167282388
1736818385
777280682
65525423
2306868976
2882363453
4090795814
3637786363
4014682828
320094825
2262276962
3985069575
1659801192
4212920661
2696619358
1621868499
316356036
2362128641
2956636442
2704195679
2573599968
3927500141
913013398
2399953835
4012087228
616104601
3581443538
584807863
3036957272
696794245
1293842126
2820244099
1915762868
2360868657
1625809290
1446434319
564346576
3803870877
1680407046
3563224155
730396844
300846793
3887840322
4095099239
2790834760
3373003701
3313230910
2925703475
2075244452
105845089
2239950330
804984767
3438720192
1533350861
3643020662
2147582219
3014284700
1511515897
2812827314
227719447
965408312
1438267109
3905580462
806505443
611234452
1699966865
1223874154
1714849135
4057949872
1384889597
1395903718
3755241915
511094412
3780643625
2634370338
2657868999
2499405352
2623931925
801182494
947081875
3778423172
306715073
736008922
191110943
2191283360
794915373
1643061334
1753632363
2057110396
546437977
1566154642
142388343
4072968728
3936510277
483841166
3515925827
2526485620
2725253105
1957509962
3166627023
4247551632
4057543517
3601665990
1703024411
1049384044
1432926089
4226567682
2422220839
2429155848
1052919925
2890052094
3023414259
2296417124
130961953
2676340666
1380046463
1531896960
1655046285
881105718
2834484171
947102044
2990489529
2042910834
225529815
2695437816
2010692517
3288050542
4159499939
1277261396
3240484945
3461287978
2393371695
42108528
1127930301
541901478
1002663035
2118249036
2386072553
900251362
2580226951
935394792
2243476181
2746794206
3271664979
3022576964
167361153
951075994
3479977439
3020317792
2110439149
3499918870
228522283
1571172156
2503455769
1545634130
1112056631
1060149720
2566211077
1425076814
4202612739
3297099828
177004721
2618316042
3167335311
2094628432
1430827037
2110449030
2767221211
1276080172
4158627913
1467129794
3062157031
1675030984
1390501173
450576318
4063188659
2693209892
132272865
2878751098
4189803839
2780484672
2506599757
3522093302
3470972555
3601640732
2610124921
1067850290
4175079063
106104248
4119855205
3798903086
480137571
2067528212
2478641425
2150173162
3556516591
2737399344
3264919165
1491040358
1331767099
2456610316
1249238185
1250029730
241510983
721671592
2480156565
2992778910
3138828307
2272481540
3164609345
141536858
4094106783
90453024
1242876845
4029918166
2434163691
201267964
3815386329
999105298
2935970295
1778934168
1094773445
455921678
2376305347
3887866868
1036939633
2026974922
219628111
1751793168
2982735069
927103814
1433242779
3084012524
2316519689
3557732738
4114888103
3745491336
1109996021
2802158974
2198849907
2657448676
2940933025
3144977210
2368181247
1677362176
3362396685
4280477366
1687265611
3793058012
3604230457
1124965362
244235607
440970616
1000342821
1239639790
1759933475
2105425364
3050897873
3762340778
1290998191
2073298416
3580580669
3131829798
1030595067
2662834636
114287977
2505106018
3942248711
243428712
1668834389
3514653790
2607975123
383091908
855325697
2363283482
1073003359
242598880
3372193901
4000616854
3316420267
3110586044
736716185
627016914
3982545079
51112280
2957332357
1430941134
3049196931
2885306292
1962197553
1823459466
610767119
1201585616
1813637533
2698236166
4189677403
2777999276
1556328905
192971586
2606652519
2193891656
156878517
2793511742
1100414003
507217572
1724421217
2699072762
860263103
231601088
2423080653
3386944630
2629774347
1852703900
3837905401
2377833906
1296929815
1279923512
1992870373
3222922414
1736791779
3735568788
3225006737
810958186
3494690927
4085409200
1080864765
3279037414
3903380667
2799836556
1946594857
2413138978
3729356743
1107084584
1365596437
919226910
2664766867
3725555844
902503617
2008531418
972364319
653988768
4014679341
3105830742
1042381163
1503670908
1333091929
56075922
1546454903
1509634328
1925346373
2835991438
1569804355
2097163124
2831143665
2574000714
964337615
1647771024
2835064413
406775494
3566469659
4179051372
2159073929
1468536066
3079881511
2384746760
1697848181
789539070
3364155123
2076793444
1461376289
3986316986
3537391999
3673498496
1110520717
4293407286
1781233355
1333153884
102507193
3916291954
1943481047
3424075000
2479509157
3402769006
1664809379
3933865300
194978641
1915320106
4106825519
850691440
2287914173
2968656294
4090681211
1856788812
47855337
1943012834
1460911751
3845315816
2052787669
3624466398
3221123155
417410116
1305460097
985688986
684210399
1723081568
1907847661
4260601110
1295328299
2691194428
4006483737
2134214738
438566455
2123774168
3581434117
2083187022
802837251
2257440564
2448401329
3771087882
1125150351
3220372816
1294869277
3141778566
3904724187
1444503340
3332031305
3521472194
413329895
18895048
3530895413
376370878
1922671027
3536776740
1761727969
4083279994
312266815
3274707776
4067811405
788101110
2140569995
418274332
1000553337
3756433714
15434135
2305828024
1063555941
2949390382
1724341347
2897447188
2965984273
1736077546
287858159
552232240
4060195197
2162937702
3249246779
2044089612
3825893289
989869986
2216215879
3622089896
3139011221
1794729374
3115221779
3272253444
3284737601
129422682
321787807
2774594336
3305406125
716292822
94867179
25184764
1790152665
45689362
101037303
1084031128
3844537797
4100835086
2539263427
3026399988
2839819377
3833468362
4159241551
680705296
4252065757
1738691142
4176836507
542849772
3208735753
1415084162
1296912551
2608334984
2380268789
4066395262
1519719539
4278993380
1161664161
3287757370
1498681087
2118042368
1979403533
2765389238
1338002507
513157084
1175917625
3135578866
860526679
873778296
3864500261
1959255534
1022000931
4044672212
2289583313
2450074282
1009405103
1709442288
2182432317
4045358374
1962085627
203428044
139954281
2670078306
1410894855
3117567080
2959128405
1700500318
111498707
2555106244
2692169473
3495624474
3219568223
2059502304
502418285
1830398102
976796075
2963797436
3823487129
3080883154
3197250487
802130008
1854825093
4153566414
3201341571
2990560948
662537521
106147722
3468971023
601242832
512056477
3139086342
2281460315
2073876140
3143947465
2023836226
2756867943
3706421320
2486409653
413356606
1530349363
2621527460
1418598241
823802874
3451784639
2212573888
1635875277
1866023798
224974603
1949152156
2788666617
2217305266
162819863
1002779704
3043187941
3750058926
1885626851
1130221716
728495505
865444970
1284438895
1767990448
4250510077
2135718630
4033431483
692685964
545345833
436329250
1976767175
3938165800
3069226005
4243554590
3785549971
342148996
2895781825
1181542618
3048346911
1050006176
1900075053
3001765462
2108204139
2711576956
992264537
2276568466
2726912631
2616053784
4268656453
727237262
2432555843
3957668468
89888241
1745291594
4267858639
4185750672
3576306013
325893574
3633442075
1268658796
3418684809
2558516226
745692711
87734280
2721050229
2667061246
255867379
103688548
3216201761
3431663034
1452985471
198664832
164128397
1541916982
2874155467
3983867740
2630157753
91448946
1122567639
3493944312
2571624869
1975818606
1274348707
4014904404
4066666065
1306517034
3642124847
1394771056
3901669309
1764978854
3603841659
2501036108
2638731753
3847441634
1476942215
2321595368
3951648981
661991134
1164393299
1930787652
1894891649
3685520026
995111903
144564832
1940923629
2850468886
582438699
2284227900
288389657
480677714
3500890423
2495076312
3783748613
4118863950
3097615875
2366758452
4221462193
3948421898
2105747855
2974317648
102733341
2388169606
3983951835
874466860
3240224329
3451137474
3027043559
338014152
882180917
1528737214
3513773235
1486011684
1869437153
3892940666
2594851647
232870464
2207257421
4171239158
3694537867
506202908
712973945
3364038706
1571314839
3779675064
1053107813
2101712686
3663488867
10950676
4129396497
2728908778
947951855
182936624
2289343613
2895390310
2330066235
3543909388
2943034025
4208623266
695754823
2021757864
720033173
2595003550
3971108371
2954751748
910041409
3252288602
1468076703
2962862624
2583703981
3217807830
1009039851
3623713020
3335058137
3762368786
666374135
3924664216
614011077
2076884494
2692522179
2173059572
2198206321
839318730
48674895
318192656
1445319389
161360198
2305385115
2564827628
742100745
4059971458
3405933479
3379324808
2283984885
3805739902
3162922867
1865355492
209459617
2505431354
11307519
1103036928
2744680461
2468484278
316340043
1511184092
270923577
387492338
2561831767
513600376
312159013
4224210158
3864693283
1126652884
258181073
3014496682
2173536175
946865136
3788192061
120495142
795113467
662994892
1202400105
341274722
3638765319
1423846248
299174485
3428174430
1380196563
2268996292
88031745
3937740314
3506745695
3460907488
418446957
576372630
2628838571
3303285948
2091789209
4232155858
1181714103
726607704
2489546117
2750831566
1934500739
1963091380
3562162225
2647889546
88934159
2789850064
704434077
587038470
791362907
2644559276
1574041545
2669547842
3203568231
2765021000
2576968885
2346780990
2873332275
3854771364
4288649825
2788156154
2942404799
523268544
4272008397
959306358
2180940299
3035194012
3464073209
4210289586
4073146903
4160508728
1099558885
3071070894
4205800675
1116692372
3605674129
3266382698
2331850351
1132225456
3109197309
4139962854
2803217083
2511141772
382202921
2877956642
352890311
2134278952
4245159701
4063279134
2967253907
1949701764
2796888769
134090714
781914143
3110900128
3846343469
3209913686
3608924011
1117425788
329262169
1516745874
2341584247
2828824344
3181812293
331594126
467035715
3544598900
3896727793
1350430794
3145078223
3003120528
2791607389
943101126
561764379
639705452
1722097801
785621762
2667411751
3859617544
632865141
1811732222
946308339
403634276
1905777441
2891427002
2374584191
3723862400
3916142989
3095617590
476105931
40873564
2788812985
1037364594
715579607
2636610296
3092346021
886247534
1645940643
1251943252
2775951697
3513926954
3952059695
1405911920
2479534781
3104884646
2494934395
3782555468
2374073577
4197618658
1286141063
390765288
155431893
33383902
54265427
2999306820
2740962177
2339682714
3070504671
2311299424
3014973421
1148570390
1042643499
81837116
744414489
2759038546
366916663
1905620696
3978460933
821221198
1154836739
3356618036
2006526385
734398986
471983247
1088027472
2954692893
1728670342
1662726875
3592502572
393546057
3135173826
971186151
2363952840
2839598645
1491756222
3199350707
567446564
1260706785
4186781306
1105446463
1976471872
2025211469
2665653750
2495731595
3596991004
2552693113
1769713458
3205576599
4259209912
598849893
3134918190
660435555
1729537812
2479217169
2712747754
4194620399
1361077040
3052638077
1272479078
1527015483
2392666892
3700934057
4195403170
2927885127
4242174632
323496085
2977682334
69343507
1051540996
1140794433
2799248218
1895828895
386822432
4178044077
528609494
3834504427
2138482684
665474521
1143289874
3289803511
1442463384
798434245
558085390
1493904323
1059410164
4212374129
3513508810
3725620047
395819792
3957736925
2369126470
3066645915
291576044
16888329
486540930
509839015
1495058056
1626450677
3899241086
1491315315
3738034148
889625761
2677047354
858850559
2658877696
2168566541
973843382
1575068235
2223736284
1694554681
3349688562
4005973591
3386968696
4033527333
1323617262
355898659
1672866516
2056964817
3039688874
3441214127
3812098800
613231677
1826222886
482468603
3773099724
4106931817
1692710754
693748231
3483765352
3084213589
1986789726
776924115
3551293892
2438153473
1273711898
592358495
4178378976
3925586285
2117588630
2635403179
3860616124
641896089
1664915922
888725943
3851077208
1371834501
3396752078
2201464451
3829429428
2876443441
2737798538
2013381135
3204004560
3196076701
1216108038
2672175195
4221613228
1946884809
4009154626
2604576103
3396222536
1233862581
1882898494
3787185459
3938513828
2549947745
1881246202
2284913599
3485184192
2546851789
2545840502
2860526859
547426716
2374464249
1645900466
3095799063
1894740536
1262256869
3065006510
3060168675
3426545300
4071914385
1302884970
999780719
1909678768
2757200125
2580883686
3165527483
3691801228
2262472489
3027134754
1810516167
4016923176
1403736597
2257448734
3162668691
3984811396
1411130817
745223898
1420823327
2273267872
2068856365
1314356310
4202363499
747749244
149391193
3950623634
3343259767
1879510552
3765087557
3528110222
2921001283
589518964
2172066801
3268466506
548786383
2126412432
1286274909
4137446342
1599193883
2023755884
2169586569
2323868162
3207894055
547059208
533566581
102600190
4093300723
2708195172
2630376993
4244657082
665043583
1095753856
286968973
2243622710
1834842059
2120637788
1383779257
43152498
3675306967
583637496
552011685
2013103982
1437407907
3966480980
1423109201
1826663466
3694452783
615678576
3121784253
277487270
3716749435
1137944140
59187177
577624802
3841298311
2079357416
59377365
3617692894
2843529555
3354532164
354010753
3122192538
1273244127
3659882592
1640336109
1033953814
1333765419
110553916
1884897305
2258410834
2579369783
86971864
675910149
2659241550
2222257155
663616564
903867569
303034634
3471613839
1588034128
2066119709
3042328966
4188806619
740240428
4187237449
157662146
1493514983
1533308360
1618520373
2144476094
3932193459
512645924
740843233
2548882810
3091808575
3942109248
32012621
2445360374
1496941195
832268572
3030049913
852506162
3576042135
3475997112
506088549
3633087790
4257906019
3489805844
3115719953
3566642666
95751919
3818218032
2860417661
3468219494
3792884539
2616893964
2609932457
2829257890
3275462215
1424970152
2754706325
526846622
2952651795
1589153028
487335745
649349722
262867103
3367972896
303798189
3117680598
2934116331
3890992892
3176642777
2657435410
2334180855
1958927768
908146373
1423485966
1896199875
3711983604
1097694577
850184906
962997839
645151248
4004690141
1651103558
823474331
2044594156
1838404873
1163775362
4151353767
982066568
1212972533
1930979710
3752654195
1038659300
4007468961
1386686266
2699132927
2222161920
1056368141
160514742
3772009803
2382378204
1957150009
1016313842
3850774871
635513208
2949009701
3726459630
2038341667
1119910356
4196273617
109731754
3470261679
1446773232
2052792125
2451655206
3976941051
675372492
1068921193
13500002
4118568199
438954344
3529617493
3550361694
1254471379
1838596292
1957906433
1677554714
1724163935
3943481312
3239208045
4038126998
3949279915
72385212
279114137
1553178834
976108727
1317168472
3601963909
3675408846
2660055427
4026172340
3705654833
2254922890
3605167375
1575270864
202356125
2610375942
2286752603
2241635244
772816329
3626737474
3912681575
1036623176
3557364405
900757310
2929731635
2604319396
1302765665
4277088506
137133759
2239950784
1560679117
4209707126
921557003
2807349404
325146105
698153394
183566359
2526974264
41620965
1315946670
1401520867
3496377748
2932522641
1148967274
241020015
3831914928
3999824893
3632496614
3778185403
3966228876
2696493609
2762911778
712500167
727728424
3940197653
705111582
3029617043
1884075140
3838781633
599023066
3622897183
2563641248
1667887405
3489108822
2546345323
1334111868
1257957977
2867315346
94794615
3794644248
2528821317
3605899150
4157307971
3413927796
16178929
788512330
3726740431
1287190928
4160582237
3198042822
1108586011
857407340
1271490185
462369026
1024962343
2766525704
3228460917
3713680638
4059699955
2453968484
1900339489
780466874
3572120959
635838336
2966814605
864980534
1313219275
1364790364
3515330233
3282828146
69637847
1361557752
50895525
2940468846
3601540515
3300147540
813444945
2418742058
1527126831
3050602864
2338756797
3751769510
1632142203
2888701260
794346217
3456442850
3505269383
2823969000
173824469
409064414
3895041107
2728028228
4129278337
3617130394
2851087583
3921878880
2917285357
90700054
113627179
2101942844
220177177
857842770
206137911
1065661656
3271337221
2922038606
662732547
2609253172
1718792113
238409738
1172527759
4205902160
2537287453
3913226374
1630079195
639179564
2541702985
692617922
3251852775
1872612552
2319219765
1070977726
75156915
1053174308
1115152865
858293370
2916793407
1566379840
1327934541
1094439926
3650956683
533534748
2950350713
2491465010
1340534167
1161601208
1580130149
1180302382
228821091
728352020
2549243921
2874674410
194071023
2990956848
2517988733
2771725158
3490528827
3948155148
475335593
1989235618
396308807
1891643560
229035669
1416511902
2688921363
4185092
4049939009
2976608602
3816948639
3047943968
356207277
4274134742
1260665579
22873596
3083934681
1593918994
752296183
910654616
1748453829
2257167118
2557231555
1272409844
2249408625
3318329802
3303532879
797751568
2391485405
4181306950
2823627675
3260479212
2716989449
3675755650
103398567
1571914888
1848856821
4074971262
14827635
2088730084
1778360993
513396282
4189977343
3819421440
213391629
1907546550
1270020171
1718674396
1864015929
3856350962
754058327
580733048
2158879781
426883566
3274877731
3494316244
3186446545
398640810
918501551
2172387568
322245181
3875840294
1346418939
3986279628
1483609193
1477657954
3981113351
610912360
2440692565
1408003934
1470661075
1157435332
3747564289
2733349658
1265017439
2487779040
3459585901
3922068630
933324203
260092348
1808749721
1481025490
101685175
1446380632
1395306117
1170882766
1968096387
2284884660
2560135473
3078310794
3522115599
1930180816
1118513309
2353923078
2587885147
731157164
3152109769
3401344578
1490740071
4007722056
1762846133
1279405630
3253760819
3878719908
1352409953
3264796666
3746822591
814100160
2118796749
3534987126
3611788043
956592028
2416392441
3246096562
2584206103
1493807160
2537924837
3997906862
2182647267
1057754260
992805265
388710506
3008358255
2335531184
3347410685
583915238
3299013563
3065989260
2489572649
3964335906
11632327
588193832
4069914645
1285315870
1225921683
3968992132
2295212993
1574536410
1750991135
3713584800
3448742957
3023284822
1593659499
2608078204
165301593
145869202
4138913399
4010822680
278319941
2444009102
2833778499
3159455348
2529337841
84583754
2746828495
217020560
3629901149
3938758
2042730779
1167191660
4128082313
1375139842
3366373927
1659646984
932919925
1639119870
3798296051
3667486052
520971297
2967839162
1163704447
2075680384
4171051661
838739254
1864027595
1799863132
1398837689
4045505138
1441296855
406968312
2394303909
1252423022
2501193891
3279474772
1752265297
2874243626
402871855
4147282032
935758781
2521877670
3488870011
176456780
1089889769
1828219106
3230844295
2356164584
1304079573
876481246
1866622803
851359556
1987169409
1408577178
2166890463
2828852832
3356160237
197857302
335018795
1492601148
850527769
436382546
494978359
278287320
3980113925
3488660558
3724020227
335157812
961639089
2419572490
822482319
83261520
878535197
1925443462
1234301915
3020884524
557216329
2324122050
609054951
3113429960
1452035893
150309310
3170965683
1920596260
3188942049
994061178
3533190975
3170782784
2423316301
491940598
3320633483
2432354076
3118901881
4270670898
3746810007
1342554040
331313765
1950577454
115905379
1766675476
1585095441
2515891178
3147400431
2905825328
2830657661
1062044262
3572738363
1823047692
2397417129
3554384546
1538182215
1078792104
2141725077
3230759070
2230942227
323169028
4043976001
3070138458
2625961631
3453267488
845610413
1582052822
1766942187
3150591228
1192656601
4126756114
1496939511
2324175768
4124662981
643209742
2134822083
2062188020
4177855345
4207057098
815113295
585185296
4218396381
3248850246
3429961371
3670795756
3457948425
1311595394
4203665319
2996167560
44442613
3620329342
1820560243
2324843748
3597542817
1936225594
3989206527
2887253504
444943373
3799019702
1316856651
4259156700
2220458809
863946226
1963581271
2954192760
2468443941
1893871854
2723329571
4232681428
4127757265
1490496938
3033691055
1425539056
521864509
3682859046
4133626875
552483788
1861334889
3669265506
3234173703
3731203944
622745173
1733731934
83315923
1239375556
22498817
2025177626
2167709023
3837804000
1097058925
3648461718
835293355
4155302076
1741141913
3327504082
1218245303
3970278232
4147102085
2057189326
3078377347
2632098228
245191729
2792043146
422048527
4000298960
2454887325
2325797638
2233395547
3716710828
1300136905
917056834
2586508903
3451149128
950581429
602924350
3417095731
3198312612
3504186977
723418874
3181868223
3234164160
731543757
2400728694
999108107
3316653724
863575033
2578843570
365606423
2821771064
966540261
105033390
4061370595
137206676
3353035921
901162858
3664650863
1447059376
1605263869
3904122342
385834683
722646924
2447015977
4215488034
2660702663
3329883944
2598193941
1582142494
704372627
1381192324
1880698561
1255844826
3052862495
1159695776
3921762093
1795932502
2128747
6245500
1971695705
1960300690
1248536951
2259610392
2113857093
1921488270
1903202883
3852633460
1926915313
3035728970
561840591
2942433168
499538013
729149638
3059450907
2684673388
2954734729
2646261506
300016935
1252954888
3042184565
52933374
1966911731
1785345124
3592546081
4095887546
687551359
851877248
410019213
4043947062
2145089739
3157420636
134575289
4210231666
2153139415
1746401016
4092575909
3122981998
1089158051
3636027220
749909329
777249066
3274477871
3637280624
4013063869
2761827238
3649788283
1322709836
1751124201
1866969058
1675845767
407508712
4255449045
2604024286
4006031955
1751057988
3322924929
2670548378
2173442783
112368992
3762267117
3234473750
655762987
2309060668
286288153
2873078354
2103713847
1751380696
3607546629
1943188302
1474008323
2162829620
3732682161
135636490
1079300239
1836578640
2190136605
3252995718
1659297499
3321952556
3334051145
2636255426
812878823
692357832
4117242421
1261519038
3287507891
2846476324
3472549857
540267130
3598823999
4191915328
4123464269
2516910582
3458761611
1965323804
46042489
3774204722
862757783
3750420152
1859913061
3527993902
2576981603
2041373460
1028580881
74373866
3318595567
3294388016
308763517
218224998
2697335867
268103436
591548841
813818274
1063937863
3012947624
708146325
3553669022
236537107
2277669380
1274753089
2808987482
3937663391
20540704
2577313965
1215450326
3110768875
120808444
2603082201
3545060370
3225933559
1636088472
252145605
2755629326
3581761475
1517915380
3393373809
1100447690
745496399
4033984272
1700794845
732781638
1300298139
3007108332
571620873
245310082
2225074855
691421832
900003573
2446102142
3532707443
1478564836
1680386209
3239255098
754643199
3452189952
2556329741
3419015094
2570341963
1145455068
3831785017
2508082418
1842199127
3192489592
388041253
1416538094
3336487203
3066570452
3530544849
969381034
4178685615
3232759536
3456956477
3751759654
2406452987
2990451404
3007404649
4172403554
535571975
941459048
3176048981
2111626590
45225939
1815981508
177950977
1432086810
3090061407
3430153440
1251900781
801387158
2313010091
2899644348
881597081
381728210
2983611831
30491224
4072723589
3918409422
353753731
504410292
1861097265
3275168138
1552723471
3222222544
721817245
110080518
4176073819
2339926188
317171401
2347889730
1562843495
3393436232
1925876661
750361662
2077559091
294662052
4268435809
2826970618
1395060671
641772736
2499193805
2685980022
331274507
1029164444
766967545
575442610
775524631
1947463224
427740901
106309038
1400546275
466299540
2228586385
270405226
867720559
898064048
3873658109
2587264230
2286406075
962733708
3374129961
1100449058
3022566599
94428712
330341909
3474639646
122792595
2442174852
3400544705
1521996506
1891366687
3223473312
3892251181
1686100054
724543083
1850112892
3187479385
1599723410
2966389879
2567539224
250804549
3917384846
23403843
930059380
3309185009
2931061578
124566735
605058704
4164733789
2957756358
2816569115
846449772
2851721097
1859814914
3368615975
1278013960
1771626613
834169342
1518337011
834077540
3330435617
1748692922
801484415
990960768
1078958221
3769717558
814228427
874060124
527849401
1361088626
862988247
816453112
1656050597
1841259374
2318223011
4101369428
2906650705
2301773866
209833007
1252163184
3786043837
2055699110
772719739
1764057676
3583355881
1156773602
1793063815
1004533224
1243304661
3175774430
381156691
863720772
351916673
692157594
1528567263
4093926496
645945069
2489662998
4028649771
4282885948
3627731993
1457043794
3690167095
921539032
2958941701
164670030
1160454147
3528865844
2247293105
3855584522
600804239
607483472
2982430749
1184996742
1562888667
1273948204
3087579209
3508066242
2521147111
2930895304
2530211125
1988687806
3377573555
3562379044
2771282657
1375959418
1771515199
66374720
2938717517
458463478
2723163787
3158975772
3127013497
2881114674
4231102103
3821796792
2676267109
3496632622
1974905187
1284010516
1685006609
1724137962
3660446447
3888209456
52579965
2119315558
3817111355
3309854220
158004393
4236519586
1926365767
3130707368
1028573077
4264289950
3953463315
1304283396
842543937
4072203866
2114909343
1071262752
2061657005
758408150
3949968363
3549991676
3825550553
1727879954
302133751
2872924568
3821109957
1883539470
1260905155
3666123764
701270385
172517066
1752504911
2285778448
4233921757
2807116614
3682395291
1000981484
3453247753
2355947906
1415384487
2979176840
925878773
2431337854
3809091955
3576425188
1127164833
2006565690
1734044671
950828032
3057889805
2646580918
3688298827
699068636
3208333625
2077873138
3342701911
1027188088
1017945381
873930478
3772173347
4022515156
2200115665
714341290
3011307951
3030646256
1342892861
1666623014
3412654587
2441812428
1432157545
571152994
3133065479
563176808
2315975765
125768798
14213843
2618817732
724259841
2833125402
2689897311
996391904
434450541
1554860438
4024297131
519651004
35421593
3112680658
4055607479
2243486040
1977476997
43656654
1041982851
4223319988
3918191153
2111766666
1276995855
3622483408
1019576733
1880787206
2778775387
627335084
1008519625
982956866
1372533863
3566147912
1199070901
3600765758
2187940915
3489267364
155495521
2864565498
1339189951
1358425024
3932085965
1974822006
266109963
2415623324
2931876345
3409909170
2471783447
2897415480
1726833125
1585814702
1447931619
1776597396
2719730321
375485802
1865324655
420109744
2367965181
2807356390
3363583163
3517814156
1781253673
793234466
4050014151
3498294568
2366632213
251920926
2433971603
2588536964
3365090497
4252039642
1219293727
1046547360
4165516589
277868374
2418725227
3576277628
322991705
943185554
3655327607
371206424
4084403269
1720812430
147171395
2713232244
3186486001
1649629770
92829647
1526396304
2545892957
4273839814
4266875419
3974019948
329380489
894848258
2640059175
1466388744
2221519733
1566908670
1110394611
545247844
539946273
2100270778
163326335
2224495488
2688207757
1895098934
824233675
3271280732
3383966393
1672091506
523633367
1643656440
185001637
3581270638
551244195
112098644
437861201
736931626
2751661871
1018461552
1060005053
2282541478
2105421691
1232064844
3096923881
1576680930
2240321159
3878802664
1662887381
175812574
2534721619
2215879748
2469385601
1647420314
3185053919
1620188000
3402435053
4137440534
521567275
2850674236
3090231065
2362294354
3912160823
1815294168
2839605509
32153934
1441180419
4164831028
1605745585
2573562890
2339784335
422507856
4060723997
1895462022
3897865435
903403308
623106889
2523635394
96715239
970672328
1791215669
4210863806
2098985395
3799868964
1890446817
1085218938
1004054591
3410627392
3969349709
490614774
4066630027
1449907228
282219385
3470448946
3919731095
1288248504
3585682277
3735541806
1262466147
3521118484
64711697
754297066
2830775791
123886896
2867413373
54429542
1294920251
2089929996
1902090153
2816634786
2783288647
1163635880
3908311701
2946702750
3449608979
1429542916
3552654913
148901210
110489503
2042030880
103945901
2089974486
2942363371
284803580
1370400729
554263058
4268264695
1471281304
2751960517
4200955662
2420010435
3943410420
1201818737
3302313418
2493961551
3662066960
4033148893
2760968774
644140955
1678947052
23233545
932622466
432416935
1001062536
927374581
1160117374
1307536499
4055022052
2743185057
117205562
1290266367
3704666880
2754929933
3360765366
3328549963
2651561948
1155411001
1452366578
827945047
484820088
868495397
2145097198
2688210723
2537112788
941776081
2604425898
2484348079
550763760
3574914621
3601464614
1515087099
2933098700
2235867241
3334496610
1094542343
2327921768
3142799189
1950174046
2943069651
3379448772
2466731777
3812374298
3920006751
563051232
3744981869
3492962454
332009899
1041853884
7921817
514507730
3092054967
1750892632
2961635973
901913806
3800887427
635489972
2926812465
1180886922
2547655695
637678800
4153472157
927031302
994290267
2605469356
4179487945
2996273730
673402727
3700848712
3870437813
2443250238
2406063923
3923758500
560607073
2715251706
1672078783
820718272
1540559309
2146302838
3756404491
2912627612
3868640505
76389554
4112205591
1108225080
1374156005
2127631278
2861349347
3799664788
1336806801
3095452778
1020318575
4039728304
2188458749
2148479718
2275188667
3824485516
2768660777
877925154
105900743
388144168
922436629
2382969118
2000765075
1551843204
2579642305
2735087834
3989433631
2950417056
1251897389
3745252950
3742497899
621336956
2773473625
1869735314
1973172855
3992111128
1535057733
1505786510
932328259
343782004
2364124657
1070481738
3419419343
1143043216
743289181
2261480902
1773225243
3209013868
487986569
1630409730
1067136551
1549643784
902202997
4130199550
3695874547
650420580
321351713
2734702010
1725867135
4284045952
1748106893
299139382
832928203
1490712412
918298041
2727321202
4087864791
3959575544
484735397
1632129390
3035978915
4284681300
2738781777
2256737834
967852591
2667740272
935221181
1026435238
2010749563
3753263180
1097134569
710771938
1675440519
171946984
2024536277
4073121502
534614867
1244132164
1890703489
3120417434
1505758175
1012652640
4247108845
1466919958
1677240107
2038957372
3774059033
3172910930
1427517751
4164210648
4054844421
3424688206
974009859
3802289716
2613345969
2463587082
659095951
1013216336
1935355421
2968472454
3027083227
1941882412
1040907849
1562011074
787340519
3133188040
2705562421
1217160638
2404533427
3290510628
1635348705
1547093882
4249232191
1071336000
3725699917
197445366
1852015755
864650012
906901113
3126288434
2881434775
176307128
1098497637
1828802350
3392454499
4189294612
1267969809
3338866666
3782373615
322919472
968635517
197582438
2378519867
634862604
2334145193
2728179362
2292529223
1138265000
1562733973
1479955614
1677764115
2385012484
1620457793
1508062298
877193887
2664409632
1804454317
2794230230
3040743915
2941710588
337906393
1903257874
897247223
1457690520
2144970949
2996991502
1421932739
2081339892
1405357937
3778950346
1627689039
3599447056
1903782621
2473386310
3728259739
477602284
3971786505
2149349250
2228962215
3078578056
1709797365
511488894
3275798387
2645919972
3038785953
3745190202
2376098303
2855336448
2452756493
3145649334
148918091
2439532252
2773290809
2510610930
1545685847
1296950136
744997669
2814119150
3037389347
2636895188
560832465
4223715754
1255628719
4114611184
2368393533
2845398054
3961507835
4195874764
1928872809
1456580706
1667759879
1672291176
2166858325
873955934
3194648787
3829439172
1915705857
1953914394
1143245151
1861695968
3398866541
4199774102
2778873003
4197817532
1604404121
3056192210
3045744311
2579242840
3535539589
4077261774
2993322883
2357386676
3987234865
2361577098
4022525711
2589307856
2338875293
3422828294
1775408475
3710926252
2045448137
1676953922
2418240103
3529103176
2155349173
3451830590
1389750835
1329700004
1994109537
4258077434
1051549887
3055184320
424887501
784503414
870046219
2251741852
87599097
1043866546
59646487
606423864
175015909
3610806958
3654883
1972098964
3180089489
1719419754
1285492335
2898549680
4140445181
2489682406
1974012603
1614312332
2846690345
3233569314
2732950983
3380443944
1098028821
3156897822
1775963027
3358625412
1849506497
3145156570
269674527
76712352
251667245
1082400086
3353683819
1306790012
2754296921
1963453586
872715639
276915992
1998008901
856387982
1036697155
2143207796
1647407345
3072665674
172223951
3481531280
3857196125
3094695110
2583375899
2577963372
4132845705
1650580226
1602638119
1259343624
2913950069
1813155582
3637632243
881160292
3479958305
1236067514
4146929535
2606209408
3358929293
860887094
3793102027
3853854300
2526085305
2110858610
1623570647
3200807672
3360558245
2167851118
4135282595
3465780052
2024784209
150306090
2106162479
1636596592
4216998589
166428582
3441493371
469282636
2684261609
438094818
3051211911
2500432616
3133557717
3861847518
1628593747
1975009860
3716144001
2695229850
3738437343
2002884960
3985272813
652116758
1858523691
1579299900
2189554969
1472974418
3483995191
3404885720
3114997509
3631386446
2711732483
2172806452
1780433329
1109737994
2806496399
2111173456
1706598685
1988108934
1903332059
4120950060
851321161
2502241474
3250845671
560072392
1783590453
3476561086
2952040371
1765868580
2811294689
345665146
1574936127
1369999680
3013074509
1458003446
3327078283
1134768668
1511397753
3727681330
4069003159
217537208
314986853
3950429742
2727725667
3020103444
1805120017
2766960362
878095343
4216871728
3751487357
132855142
1430765627
2971183884
2259475881
1555234210
3406877511
2786159272
3387080853
1743096734
1590718739
3902256644
146226241
1438800730
3072845215
2669963552
3673521325
455256278
2902932715
2662342652
1533373913
3358945298
1731805943
2563716760
2805447621
150695182
1219462083
2106444020
2117194353
3481476042
2106477391
1829483280
2946096605
3823417414
3002639771
1423479020
3219311113
3590209154
1167875751
353353352
4078453493
2364500606
4076733043
3375650788
2819273889
1884665914
3649363199
2429368576
2956675853
3880281014
1397160523
4089511388
277344825
2836687090
4153747031
3195142776
1452758565
465077230
3477531939
4053426900
1862591185
3156291754
2277939887
568851184
2823603261
1277471526
819804923
1666737868
1316480617
1111420770
3510540807
2622816872
193459541
3071129950
3721741267
3700353476
4171455745
3431761178
1607369823
328923360
201410925
1259376278
1432774571
1129171900
1335207577
4026847698
2574498231
165133912
209526917
2858814158
1572079235
530640052
3609797425
3237918090
64461327
619000528
676059805
2657291782
3779952731
3675270316
4001641161
3199012930
969901415
2782475848
1154078645
4210587710
2091791667
4028591012
966341985
782156282
2430393279
3498420416
1390376909
4063439222
3149759755
164530588
983993081
3896421042
1856830743
1123576376
3229686501
3619422638
122605539
320431764
464950161
2421402218
1318668655
1023105712
439296253
1415045350
1117877691
913826444
2820648745
1149280546
1999052999
3616823848
3698715157
157787934
417388179
3445480836
1979989441
3066326746
1602741023
746932384
1970132525
2758292566
4205073003
1069234044
1070767961
3103388562
3306745975
1842087448
1983595845
1651665038
3413068099
3548106868
1841640433
945295178
1893968079
3978457744
4102985565
62596038
1060182811
1812433004
3479329673
2834407938
2904386599
327052808
472132725
789792254
3888457715
969031524
2231137825
3778382778
1789368959
1217517696
4031014029
1164422966
4067610571
1502336348
422699961
1701751922
378508247
3393884664
1027841957
2772516718
2506977955
1681926740
3396142161
591651882
529446959
1951562352
3120709053
1581569702
760508539
3996589644
73676777
2637697762
730490759
2005889512
1500290773
1421038814
179513683
4140077380
161078913
2250905754
4245946847
27482208
3422233325
3572079126
4018208043
1203266364
3436992537
3436500306
149481271
3563851224
825371141
2531296846
1017203715
3302913076
4207281329
391063818
3144841103
3447943760
4179760157
833419654
3479401947
2877203500
859653193
2928407490
1850086119
1572824520
4125573429
4278178750
2399328947
3252474660
1928623841
3654948218
228923711
4038182976
2636779853
1856369910
2854673035
1991827740
2901015673
2858708530
1845291671
1143503288
2040456293
3389537582
