1790370775
2317984248
1811378085
4181905262
2296496803
3909630548
3472217169
823555114
3365931055
3222506096
254807485
1115186854
1599258747
2617323084
3926329321
1969005282
3334846343
3413279208
2756996821
3478709470
1283160403
3989872964
4086738561
1927325850
3485028831
1642621024
3286037229
3024169494
978537771
2957407036
1181952025
1616733522
3684151
3444776408
1968044549
1898583630
2981993475
3475932212
4147565745
736737546
1823197071
1934393936
280486941
1697155462
3087648219
2412819500
231216201
1719174082
380199655
1286239688
