386131151
279805584
1432761181
316018630
3382122267
2979877996
4081432457
237325826
860170279
342555144
334448757
1837871614
2599068659
1578208100
1632326177
4175345594
1371985535
1393550464
3715301517
518888246
1715981259
3016008028
995901369
4265433202
4254486487
2424970744
1279638437
4219775854
1608642211
831682132
1843585105
3790082090
2204955695
4001597040
2772949437
1224065702
2723703931
299035212
3533018089
3160522466
657466247
2749496808
694532821
3783377118
4231439699
3118062916
3656825473
2525578394
158416351
2756142176
