1921380671
3190603840
1127786829
2247339254
3362337419
120019228
3193312377
4134643250
116966039
2030203320
964721765
1124922670
2196778339
3339462164
2866236689
4234548714
2715664111
935744048
3768234621
2034713702
1005486907
3829568012
1624742057
3126885538
343557703
2671657384
1305717653
197360286
1968149523
536771844
993613633
1612692058
3099572383
3438026784
2684602285
566130646
1315618795
1106233084
1361766617
4114525970
2261480951
1854786968
823092933
2853248014
830695107
3888271348
4289113457
1421097674
3664174671
3382520336
4150716637
1320175430
826861723
1151203308
2733835529
2555592066
3901182375
2999981448
394702325
3626817918
374777203
3500580580
2149732257
4098529082
3838717951
1972924416
2776045069
20165302
481557835
3900450012
3734170937
44378098
3607681367
2879658360
2521596197
3121459950
1632915491
1555720660
1366244817
2127155114
548449711
73200112
3785838397
3693066790
4288085499
4051258828
825074025
1895525986
2993360135
4234729832
3543392341
1298835550
3737609939
3452743876
1158707201
3386434586
4052309855
2234101728
2351600749
2483772822
798812843
3678696124
2628133273
1843204306
1300819127
2621265240
3033516933
3652893134
2579163523
359429044
2571697713
2967393418
2241015055
3539839440
1576265117
1598921990
422626139
3377238956
664759753
1100025666
2650634343
3321924936
309543605
1614079806
2348406835
3303584420
689688673
2231542010
2244554431
2224545728
414597837
1711110262
4017981451
1992339612
226264569
1646160306
1814278167
3897655608
3828434405
198193326
1309618915
4249906580
2622221969
2099988842
3320208495
3698807216
3068439549
837939174
1550727355
646957452
3999296041
3813416994
51811271
2509189416
1927075093
2705561118
3343251859
1601348740
2539411649
637521370
4100306463
3101360032
2612142381
516031318
816698731
2473123452
4281211481
3869323922
3769705335
1943575832
2282287173
4010153870
3718851651
4225652596
3952086769
3521588810
1250048975
2210523536
3272712797
3385111238
329735707
3753570156
965252745
191144194
1703829287
755811592
2651363189
1028568318
637782771
1122141796
3337228577
151546554
1010232703
585830272
4055248781
2182151734
864408267
2243230812
2345852601
3734858610
2231977687
1590339832
267307685
3189010030
2480985507
4102959444
3828178769
4182410026
675203887
3889525104
3843213501
3095258534
4113838971
1195771212
154137321
1259508194
1966922375
2322680040
1234078165
4245570526
696994899
279992388
3135043969
3864295322
135582943
2143293280
2203741677
1872914710
2757591083
505219644
428004121
155915346
1594104375
85959896
4152022277
1337144654
2819501827
3336043316
2939936689
2576173066
536087183
3819563344
192945949
2882898054
594327771
732498732
2842591049
260960962
234489319
3887381704
