4031913131
3093560508
3795592089
3980864210
2521317047
2325774168
1821699461
206140366
857103235
1887255988
2745122865
126627466
3359424271
130421712
1079855005
1840486150
3757733211
2692128172
3468554185
2548672834
1473858151
1305884488
3020481717
89792830
1845086771
3679714468
1175097953
275675898
3709812927
19057088
2667586765
3117019766
2474359307
4103420572
2588116985
84247474
1346109975
809085752
632776677
590080686
869508323
263600020
3555930257
1727374186
252243567
2607070128
1529810429
3200575974
4240501435
2679034764
1827662889
811711010
2458609095
3962166056
309557013
2457194526
3018779539
1450372740
2044467905
2143856602
3564423199
3704285600
3759997741
1077640534
880084843
74606716
61217881
595938450
1688368503
1338361624
1271927365
2309935502
475438659
1746477428
2433241329
2504951882
782093775
1465144208
834471005
1132768454
704843803
3981375852
3758692489
1706507010
4011602215
753692424
1411398005
3104698110
1238744307
1559744612
3480933153
397296826
1501495167
415234432
482480525
2142730294
1402340555
2087945820
2021384377
1811842418
3981678807
1228722936
2390158501
3129616494
2012694435
2635987796
2012651857
483319082
2077449519
2592922480
1721707197
3450527654
1578689915
466554700
1747023081
153234402
1566813319
1310061288
1856449493
2178579934
4043718227
3495600708
2315172737
3495383450
1461053151
2985949536
4253503469
2549474070
3711349291
1829803068
2665272601
3718852178
807889975
3096891096
2839803653
3430281038
3188564227
3460089140
4057342385
3819872778
4152466575
2147898192
678265117
1257210502
4217006811
967251244
2438005065
3352988866
4181317607
3382601416
1671450165
2442362046
1457024947
2383635492
3095385057
4261138042
1678868031
1634789696
3070541389
3299786230
699338635
1656853020
1759574393
1404913458
2666917783
1976285880
1674522981
1915364910
1374792291
384663316
868143633
740677354
1317047279
3736648496
834668413
3305805158
3491733563
3511618316
867155369
723017122
175551303
1434307240
1084465301
686877598
346312979
1872369156
907418689
1356053338
3276391839
2619132192
164781229
1570375894
4250344683
1711177724
346050009
2238894098
3617006327
2496894616
2444270533
4200516878
2197513155
2393385204
1053340273
2490137546
3651677007
1234965264
3375283677
1639192646
381715867
3913216236
1934993929
2551422594
82984615
3819708040
524886773
615172734
2948719219
1248245732
2849608865
3575060538
1670823167
2465569024
1116220173
3597648822
2290539083
4215234012
741528121
100780274
2749564503
1705403000
310392357
1338762222
2357382435
1222951636
3758867153
381325482
2647685807
262691568
3243353149
1654917926
1972706043
65980108
3227174505
1342459746
2290383367
2720096872
623433045
4252571998
2575901651
4025567684
2262973697
4076725530
3754976351
854808800
968763757
3202870934
1737901995
586951612
2242938521
1151480274
4189166007
1950096984
3520462981
4180241102
2514478723
1427852468
2963276593
155719050
1272019471
1003852496
2025896605
630353414
4277493851
534154412
3604419273
1881305154
1627743591
4208301640
2212149173
3356743742
793908531
766626724
206050657
1858085370
2127477695
621676736
1410095053
3267004790
2732418315
1504504220
1127312121
2357988018
4208647447
2290928184
3343514341
422535598
2993336291
3200501396
362640273
508365418
1082337647
2501622448
3658744061
607600870
825841083
3077456524
3202518825
4054188322
2253193415
2478881320
2029439509
892536606
3128211091
3441442180
1159929281
1754648282
862569247
3460147360
2181740077
2845807702
2931044971
2546571132
3536682841
83317650
4114010231
2794481176
4134806853
1855309966
3782945091
2371235956
1075581937
1677815626
2227013839
2658325136
1541633885
4098524102
4139318043
3241011308
3432332169
2848391682
473123879
1322962440
1310002293
2442044926
1883834355
2478088036
143349281
1555491770
2625206911
1333409920
1079067789
1464799030
1802678219
1372206428
4003251129
2971405426
1654485975
239006200
1860992933
1410637678
241783459
3293219412
758375505
1151157290
3445135407
2530400880
13049277
1199847078
2781630587
2945285708
2684819433
1237152482
1922058119
1243337192
1489862357
3319706846
1915160915
1122431300
4187537025
593197210
81125855
2243672160
2541224685
3414227478
628153643
2015806268
2629253145
1882338642
3907438391
999321048
1279986181
3227772494
277687299
1662571572
2784814257
2253949194
2066503567
2033439312
1465316381
3952892294
13325787
1896154156
626009161
1589728194
87814887
3749430728
4206371125
1457206206
3446061747
2553230116
2271434465
4038817146
1666644287
167389248
471265613
569201910
2500246155
2002207004
791993465
4252094002
1508559511
3866941880
3056059493
1178311982
2873013603
1698237972
1066341649
1265319402
2601567983
4237146672
2049636989
3393907814
906890043
1879865868
2491965609
1376429218
2081312327
2767366568
2708272021
1698439838
2069896211
1292199172
3976404801
1427038810
1523892383
825067552
4005957549
2454462422
3733735403
936619772
1143845081
4027766546
3011608055
50083224
3759845061
341033998
2379607747
3257087988
1526887793
302867146
3856524879
2480443920
266023133
3913805638
3756814491
2468077548
1908919561
1758553474
2866764199
1819835784
3330536949
2914615678
1634413939
383878884
831526817
1015922490
975648767
206428160
3156041229
1884641974
2455340363
504630492
3317282105
3142406130
528671063
3238429048
163301669
4116994798
1403705379
1833914836
628032977
3027695530
3228284335
1846303216
1258264381
1783325222
79595003
1017853388
2368104809
3293419106
2441549063
1141195112
4019529813
2299220062
1356852947
2805700804
673333249
4017097754
4230373215
1750276064
3165969517
734070166
2898686635
177232572
3924879769
2925082834
4089902263
2358492504
2124616581
1344627150
2215997827
1446337460
2548876849
1759509642
999437583
1981878736
3929025949
2332902662
383535963
1261599660
45888969
1639397186
1541242983
1972434248
2922941109
3957952318
118906931
2878053028
1876007009
300796154
1202337471
3459598272
3039070925
1346838646
2519404555
1505794204
854281721
4100886962
2988816407
228321592
2523434469
659478702
2456664803
1749898644
2006169233
3246420330
338257007
1393473968
939848701
2772801510
4103979195
422162828
983642665
440813602
1639619527
2266208552
2684755221
1728855582
761692563
3444149380
1941315777
2755589594
1871363615
2196531104
4127484205
2241833814
585063787
3827091068
1858134617
2495961746
142027639
672597272
3030661189
429440910
3725308995
2333032308
1434179313
2895140426
3003728847
1741509008
185985629
783047366
3898271259
2097731436
3907870345
2738014466
653682471
981806344
1855315829
657153278
1495814899
2985127524
1793579297
43750074
1923085695
2272294784
1542223757
2407704118
2470140619
4263306332
3079251641
1922405234
3499314903
4227666168
1223561893
1639650926
2991021475
2717063508
2394761041
1950853930
755618607
3545553264
3321565373
3103362470
2825632635
3376934220
230210281
2377431522
1533600391
2380116200
3481260501
4110347230
196334675
4209983556
1484702081
3845889946
4223786207
2562291552
1333048813
1302860054
2476148779
2016997948
1935514393
1293368402
273818167
3846573272
3470662917
3597524302
1182316291
2356208436
1282385841
3202248714
1124274831
1889358160
1464624925
4058329222
1462255835
3428774700
4112205641
1191451330
3672772071
3138725064
2220618805
893315774
2992702899
1170670116
194173409
1616321658
1640526911
801072960
3308594253
3150441462
1011508619
2666065948
1414840185
3212989746
4186678679
2078931128
3456915301
3932754990
3187130467
637574420
2209044497
2391581930
1640825327
3600726320
966913405
2737259366
2196272699
3502631180
925696937
408480674
2907826503
941852840
1522681493
3903019422
2793924371
736932868
524034625
3827698010
2810952607
2172274464
1036370605
4053415638
296579819
983883260
1485247449
1091493394
3927431415
2480985240
3658531269
2892282638
672954819
1176127220
4119345265
1099581898
2722079055
1481707792
1939055581
2994193990
637819803
2633289452
3087396873
652946562
108557479
3070286984
743098613
2883860606
763394163
1121474020
4203911841
1021339194
2078520063
2128746240
3317600525
584511926
68694091
2414132188
3389823033
620025586
1808710743
1025679480
2458082341
3340292590
2151605027
3224756436
790513873
2450480810
3375558831
78403824
2545519165
563001638
2798907643
1935910092
2814250089
1945296226
1177923591
631578728
3733814101
3082389342
2023930323
469886916
3501081345
2461938458
967334495
3572422368
4122447725
2671123606
1877122475
1595967932
1056787609
2590785490
881348535
3282525272
2734433925
2168281294
2914450563
1674275508
2307230001
2522080138
1199501327
2796064976
3299582109
237247494
3618584155
311061164
2188204233
3701997122
4167146343
2919781448
1663196597
3772466750
2772871987
1155623332
2695306081
1777823738
3887182271
3969418944
4064853453
3530536822
493140747
3838855068
2574332153
2897025202
639406871
2942765112
3272810725
3179958190
2212283875
4233290900
701888913
3230652522
972791663
3309156528
2768365309
2985291494
4142803899
3034652812
271308073
440569634
3570677447
3055712296
3080810517
2550232350
3166981267
1190058884
898966465
2730761434
953661727
3939968672
1812601901
1144767062
1089898603
3647731068
125846873
1122984338
1315145335
3294209048
3059764037
4206343822
3255320387
1363431028
19372529
3741007178
1770061519
2741227664
1867799901
1655321030
2934493467
283100780
1695646089
3254423554
3211100711
3756755976
3852644981
3924038654
3027475955
2812427620
646994977
2036087226
2347921535
2963453568
2677254797
2555526454
2062550475
1902875484
54692281
543890034
3879021015
41365496
1283171749
1400737134
328296611
639084628
3432147537
466489898
1256656431
1074976880
3862627261
2450187430
368518779
1493064780
3778436585
1158152418
3354230151
156995560
46015701
2134581982
1840029523
3899887428
3601908865
2247607962
3956922335
3673372256
1434282221
2389387286
3618190123
1564942652
1389362713
3830989650
1449753911
2780277720
1627205637
2123617358
265306627
977596980
355363505
4248852234
4278570383
1447219280
1481497117
3452569478
2926652379
1001710124
816998985
4037206466
709109991
1282048968
814466869
2629738942
3049738419
2262487332
1963875553
3167667066
258338623
3267405376
3797899085
37651190
3480883339
3379994396
138453625
166648882
769163415
638785464
3682396773
3467807534
974965603
1229204500
806591249
1703545834
1387609327
1558951984
2686771325
3214908006
1722736955
3816511500
1268623017
3993186978
1312916551
4279265192
2627967381
589729950
1176220179
4233102084
4240516417
1847144538
1500427935
2097350176
651261357
3951316438
1186635243
1584532732
2175563481
3899057426
727331831
931230616
2945635525
848409102
30344387
177034740
1046084465
2464362698
3201129551
2265288720
609752797
759405894
2567456411
4140416492
1980764937
1113650050
3351089063
3007658888
2157812725
2401955710
3288449907
3192595684
887168417
1175391546
3637259775
3669120512
2406204429
1576306870
2378357579
1085369052
1764457273
3002621426
952538967
3388653432
3705073445
887703790
3258904099
832073684
756648913
528729514
1747332015
3280492528
3615456573
4167962662
198532091
2551714764
1075949417
3472106594
1452296967
922812264
571592277
4186160734
3234956499
1044657860
2961589761
1290295834
1213617503
1757844960
348537453
2303144854
1625999531
279754940
3033903001
2027636434
1811262135
158792536
1860254085
4235284430
3267659651
1843231156
3043642417
27511434
530033423
3177975760
942871453
517403398
4050526555
1709070764
2246736841
1358218562
3868309095
2486940488
3533189301
384367934
3118659123
3920836772
3469254241
3873249018
249900223
1882703296
997781709
3107212918
3901384203
3940284060
2797802489
625450930
113208855
1575888696
2101982181
1273087662
918016227
1792308116
1550072977
2340110186
1643764335
3685267376
1359665661
3124119014
3895105211
2056556428
1870821417
1637537314
2409222599
283989800
4022911765
940747806
411965331
705702532
3133155009
3559211994
1062253599
4127057312
337366829
1433655638
3103372139
1740055676
3440093273
2138400914
1996218743
1800946456
732454469
2180165006
1030801987
3488963956
1931435249
1799496778
1478801871
1094078352
3097415773
4458694
4200774683
1823651180
1895933065
1981699842
2508234023
789441288
3812328821
1236847358
841672947
1691552868
1803869985
821616826
2557537151
3138450816
994499981
3787314230
3532697803
2612413020
29846713
714908018
1451427031
296570616
2845128869
2572944494
3796333475
1085814612
380874065
2872080682
3606071599
3440170864
2441541309
1119370150
2658046331
1320209228
1249902825
3753330658
1746802823
2895474408
579368917
3566426590
1209100883
4218674756
2754529153
1972366746
2233324255
1013511520
3650231277
4257890070
2712100395
391204924
1796104473
2784315986
1798101047
1826966232
849888005
685099854
479448323
1553269044
809053617
2977840650
1597278351
438587216
2321239325
4014661254
3064338139
2936459564
135630153
3416107202
2739553255
2205934280
793221685
4250556606
2274991027
1265279012
4090879969
1981966970
472869439
3002983744
2744486477
1699813878
4271225739
3875556892
2063107449
1287086898
2798738327
3573036728
242842981
1662517806
3484276323
3204692756
1959255569
1080259306
499742703
2138355504
3719549821
2410934630
2439072827
2553071372
31082921
1124694434
249372487
3921233576
2534468757
2227554206
169573651
2922336772
3046254657
1659393882
545108383
331859232
3655936173
4027213014
766757099
2470132732
4020099545
1444604946
659066615
3722318488
2426464197
383428878
3404566467
4286342388
1702346353
1981290442
3951499087
267783952
1378388445
3383456838
3908579739
2426055916
3689297417
724744834
2662247079
1363516040
4085018357
3347949182
3572436595
2033841124
276537505
3357127738
14723327
264148224
1227159309
2444107702
3747186251
544872924
3541458489
3579307250
912945751
1468980856
414614053
2933243886
3383425315
2977365716
1331744465
3436457130
1296393903
2594199280
978415677
1592354598
3821192955
2596831948
2253476457
1162963810
1922491911
1746460264
3928105301
3194615134
3647754195
4261578180
4155132161
2381218074
3627044959
333075680
1239479661
1509182102
803140523
255125436
2071597721
3114683858
1242498487
1308793432
307383429
834750158
1933447811
1684768948
1268453169
449819018
1943823887
2859175632
1959167645
757451270
337185883
892225708
1026793161
782076994
3597521255
405475912
748290997
4262638654
4109058355
2315323300
708190561
4171152890
1833215935
1225983168
3233096653
1955915126
2812023051
1541645724
2329999097
3460179634
68045079
154224184
4111222501
1112882606
1526651875
2748449428
1061060497
2453841514
1008997743
2253371056
1814023421
773364966
2018705851
1514405516
2292521769
1615797538
1108044999
2272540200
2021398037
3074417438
4039369363
1722644868
859253185
2825022170
854961951
2489361568
507085357
692580438
988339819
2130596732
4016245593
3126292370
843070583
219341336
1149006149
524919950
4543811
4146228340
3680706545
3244624714
787772623
826592912
385172317
2004475846
2059970331
2155979884
1019070345
798891522
1497872423
401361416
2539673717
3064562174
2186163187
3649035108
1774543393
2574354362
1209755263
2528851072
1594232973
3687148342
1243438027
1828516188
3810021305
19540082
3464290263
429878776
2419772325
2740353902
3463020195
3788818004
2636181585
2456739882
2166719535
1782765168
4158581181
989958822
4057070715
2589932108
2039849961
3452079842
3959075719
1737182696
1591659221
1694994654
1256338771
602942788
4042836609
604247194
2005781983
2904208480
196267757
197482006
2710669611
2522316604
3961046041
32395602
4271649591
718203352
1944016389
1161019982
482564099
3814789172
3448762545
1268262154
328156047
2889993808
494190621
3328685446
533135835
374652972
2873405513
1207201730
4126957287
1346978248
2962189621
3339849662
3621250739
2205576996
3085525729
4233236858
941942079
4034339904
953662797
1426043126
2040358539
3884317980
3699140729
4158384690
343291543
2023314872
2533494885
395933998
782950755
2000636436
2177376529
2400770538
1930015471
775534128
575587965
2204387430
3003103035
3738842636
2313350313
2271985826
2669984327
3894289832
2047491989
2105605790
2726774803
831168772
2041523009
848526938
2897783967
902333472
2265766829
1865186262
1989735403
3372247804
3529194713
4197118738
2380458487
1995878808
2906323653
3376390158
863509187
350712820
2598470001
1529413322
3631010383
3810692624
755301597
4155460422
3319012507
1516739564
428366089
1365279106
994821543
2164390280
3035054581
3305921918
273176947
1671742180
3177325473
855661370
2753635327
235328512
585771533
771995318
2833002827
524208348
936198457
4229131250
347753815
3588160888
1981945125
2766026478
1182991395
802262484
3321106897
167809962
680567215
2046055920
4029637437
3305160230
3734778363
1802826188
2857170281
1191883362
1246331143
2834087272
1723757653
1986800734
1920146131
1262277828
3592047617
3318786074
2570472287
3324646368
3305613421
2168283542
2361335467
1253643964
3270145433
3436008658
2127847607
2169125208
3176095621
2435661262
1864605059
930453428
2081935921
1373083786
4098695439
1571229136
2858809757
2836439302
4021286747
1887057836
3628646857
3852620610
2012605543
701919560
2703742645
106457918
106925107
365614756
3807356001
255616250
2999984831
1730823104
2986170061
1955691638
177847307
669471900
1976228345
395357618
3456705559
2704303416
1515903461
283423918
2696013539
2538312084
40157841
1155927402
2021281903
3039999408
641777661
2107044838
1466395835
1139764620
2341715497
2254398498
2619934663
162993448
2176542997
2240354846
4117081491
3972450436
3472501953
2407240154
3284576799
3053413280
3127063853
800589654
1992558955
255951484
2659610201
1670739602
808490871
2575925528
819758149
1119656846
3129335875
3066788724
1777525489
1365504586
2649763791
1670335888
3126310493
944486086
3759837723
1011651436
4165331593
1585046786
3132805927
2324080904
839986037
2696296702
1423802099
4121471588
1364321569
583413434
1257365887
866218880
986792845
4134076982
2442528459
3577716828
3610587833
336834418
4280466135
172854520
812408485
3782013550
2281146787
4184692052
2413441873
1099515690
4186357551
129291632
1229118653
3941001638
3223414651
738830668
2658617065
2133448162
58936967
708652264
3888192981
2694301662
639565907
1374190660
3977170305
22297498
1932118239
487093088
467632621
677145878
2271720491
3394874940
99559193
1749243986
3233254967
3480520920
1419929861
1135458638
3227443971
3198754612
489862065
999164938
3423993487
4238036304
1100624669
3273690246
2580802779
1637789484
1245696841
3584505538
3529144807
2731712712
3831709749
1776666302
1451372979
519978532
4048086497
3210590330
323379263
1798071104
3525701709
1095387126
4036039051
3137842204
1556892537
2069655858
650580375
16151736
2769724261
1547104302
118746211
1643567380
2266260497
3249160426
41283055
1497019696
2650126717
179347302
2072650299
2810422540
330796969
724174754
2937607495
3929998504
1972343445
2102932894
3210679059
1986129924
2031627841
1293591898
2921310111
3540337440
1581026989
3639251670
3513392875
4022442492
1508155353
1150745106
254362871
4073410712
895552965
3116406542
3949897155
986612468
244794481
2987779530
897486159
4035644688
3840765917
659497542
3751544731
1144031980
1593211913
619333762
1301602471
846878856
4108195061
4154922110
638428275
1837863396
1804904097
4139975226
1921883903
3314225920
1287347469
2733985206
2588597323
754939868
3343918137
2536174322
2209753175
887823480
622438437
2265099758
3905359651
2628263124
3235075281
1191770794
2852641967
1367626992
689526333
2595493158
2892078331
4196229324
3692337257
1142946146
2376604679
3917257832
3353790293
2441765726
1004922323
368255940
2077642497
1687080730
996689503
1874186976
3057277805
1864530070
663439787
3006875068
3139885209
575691730
3125132215
2471352408
2681762437
2327131342
1718954115
3606816436
1994429745
381386634
1357503503
3340668112
152136861
43481094
875749979
130164396
2267669705
3858963010
2066351975
3107835976
1614916021
2679775806
2654983987
2098242980
687155041
2595621882
2408029631
3128787648
1062308301
690623350
3246614283
1055327132
2541796601
1899967666
347078423
367756344
3711266021
663759790
3083923939
893460628
3587638673
325416042
3338439535
1481749680
2943202045
414272230
895997883
664198284
2823708969
1137421090
1307747015
2276848680
998685717
317608222
3597891731
2891716484
3188273089
4184914138
2713953567
1255809696
412674093
3636731478
478884971
142651772
175493465
3945758098
550302327
12328984
550016837
1548456590
473066307
4277176948
1322165745
2336151882
1427630799
3356871824
3536202077
2998504902
3663232283
2417197676
3550088585
1924246530
1775889959
1994197000
3813539445
2011099134
1507379699
2840426852
1378510881
1022809530
1358191743
2177086080
4272453261
2712181046
1492824523
3296612188
236852665
3545839218
2557777367
3552029688
3123311013
3282004334
3203503267
2005001300
517961297
679456298
4027841071
2506282096
3048394685
3261612198
3109868155
4088404044
3911510505
1676483810
1589111175
3836414952
3979309269
4148428510
2311572307
1969015620
3362836609
2105565850
670155743
2083664480
974664941
3280962582
53075755
2740444476
3901852185
1223974738
1635707191
1255548888
82934789
2487464014
3076943363
3731697204
1327593137
4049597194
952678799
4214279248
650880541
1433756550
3570194395
2162466348
352777801
3837132226
3898905831
1796734920
4207088437
1440054718
3013115059
235015460
3488901345
793075578
1569971007
320709184
2675974989
2586894070
326155403
1367694108
736636537
1194915890
2378427543
1578079160
1756837477
2700109614
149485411
1865050132
3031213841
1209509866
2081302767
4034376752
2158537853
2509829734
2600504635
3794342924
3478663849
2655276706
4005032007
3759924136
3114329493
4098583710
279109139
1823817476
3821875521
578669658
3568476831
3682468384
2407023021
2638522838
3995552235
4152281340
3057255129
2774466834
1528537079
1096544152
1494425797
1482526222
2731618499
1630638580
4036560753
3940469962
2998683727
674204688
2850153181
3364550982
3863999131
1039497708
3694173961
365956994
2240412583
1437513608
3814778869
3479030654
3326013299
2263769316
1259547041
2204215610
472259071
642470400
4137193485
1619190966
1671792459
968632028
2979989305
379484658
861799255
1689467768
1436367653
3309511918
1618418211
3891964884
1878955985
4092420522
2175473583
290477040
353323325
1342401574
4245882875
918671308
1269316457
2895200354
3971135239
432569192
1033574997
2143591006
3854872787
1311077060
417223169
3660117530
1858486623
8229344
1299779181
2476969878
2957210795
951415996
2486123417
707748562
2892175031
1947039576
3924657541
2388208590
154317699
855487924
1811241009
3648743050
968005391
3604089808
3234389917
2847559430
2443300187
3943044524
2044135369
2680152386
2416583271
3059822408
2582084789
976738622
1821123123
2949805220
742828641
185316090
3010140351
856474048
2561785037
39758454
2086212107
2430775964
537042937
1263123378
2281888279
1466082104
2912681957
4132938414
1348205795
1840426900
3918874769
1841355626
3618293359
1605153712
933668349
1869062630
3260302011
4114238348
248841257
143913506
124272071
4050703144
3588099861
3480193054
1139622803
2506974852
811872961
1447157722
2095882271
1123082656
1759157037
2490119510
3695075179
1522262140
1664169049
3240461458
3021294967
850050840
1145088581
3690367374
3578459715
3213990260
3119933681
3740647498
74163663
1322797968
2420153437
1455645894
427976731
1809215852
4273614985
3695538946
379914535
3438241544
3675705717
2888017662
1094718707
3832432740
2622417697
1476623546
170055551
1898049920
3666585997
1300508726
1347116235
716766812
3084056761
2935668082
1249013975
1709034232
1567851685
3119374446
592945059
1276277588
2050013521
3075609898
348992815
55366512
1831781053
830838694
2374253947
3780282188
2308869353
3960234978
2912453767
2262100712
2670314453
3641456094
635213395
2118982212
3005141889
143165850
1172684511
3130519904
2522671085
1298045718
3302492715
290589756
3288329497
335636050
2431796279
2364786392
3033304837
2801117006
2983852291
850214196
2472294833
3708672522
161969295
2550287184
4245231901
3982899846
2159133403
1680248108
999954761
3844129986
3894063079
2568576712
598664757
4209063102
2669332403
1082252324
2213276641
3154708090
3339540031
3628785984
3504756301
3484644854
2453432203
2600405532
2043679097
3413212978
4184655767
2145694392
300140901
1439030830
3827958371
2396649236
982575633
2455834346
2412930031
3824202544
4201095037
2484948326
3244488763
2127201036
3972322729
1354405282
235113287
3115631272
1983789205
1381671838
1179822355
75795972
3922605121
582808410
3497106847
1060290848
1254093997
742047958
2094036203
3493328892
391865817
2357397522
565836535
1386778264
1213281221
353797390
161463235
2014355700
1894173297
1971565514
2491215
2047871760
2883737053
1264767046
2314198427
934701292
3241591305
2484196994
2469074599
3667859080
2960112373
3157295742
2698787443
2681024484
2346560673
1222398010
1357550847
541561088
1350681357
3601628086
3035378251
896849372
649718329
3933077746
3551649367
1429691000
934071845
3483343854
1569924387
29965012
58055377
2158872746
1601852079
2841137904
3826334781
1424933670
2159047419
291651276
688381545
4032726882
392778247
701520488
4158352725
2971324766
537885651
3822305732
3711063297
2527010074
3813686367
1753305312
3133391213
1589683862
3605503915
3408765884
2114166425
1416260050
86798775
327751256
3415120005
202973902
123485827
997967028
2337676081
169299338
1588023823
2093058768
25973405
242820614
3086792795
172360876
3763350217
2195236930
1721122151
289443400
2115588021
1171361854
558132531
2651866020
484715873
3493681658
3464139711
3235381440
3994939341
1882145142
3944398091
232415644
1062241017
363872946
3623990551
1435877944
4220424933
3980073390
441649123
815808148
1839172497
3287827050
1518666095
3141776048
4008417533
4055496934
2922163643
2631514764
4012353321
1152923938
2022299847
921154088
2160157205
722255646
3990032019
2549790084
1443575233
367986394
88185631
2386796704
3676851757
3534769238
1709017707
4126347132
3635976025
1433897874
2584324215
525688344
3410279749
834502798
2513404227
3903760500
3681168369
3163072330
1542152399
3889613456
583470941
2489924550
1301828379
3214237804
2846249865
188037634
1897669671
2092811784
1231791221
2911133182
3138609139
2534086500
1606381089
3823903674
645747327
4055642240
4269464717
1778108214
663226315
4159679836
72604601
385369202
3306965975
2965367288
1246304165
878204782
1697229475
1730085460
3519937617
1577090090
397570095
1098044016
2679551421
2822696614
3969362043
3840996940
2950967273
2273815266
2686787463
12241384
766514901
3052432606
2858246483
1555654980
3709392513
309112986
2097527263
3359223904
1621990125
902410774
2087859499
71842620
3359264793
963276114
4279344951
2244830680
2486411781
3955465806
1605993475
2875804724
434306225
1855439114
4004654991
3272591952
4099050525
4210233734
1300409819
4217666604
3992534089
1189579714
2172439271
483835336
2401679669
3372805054
3372815027
2793253668
1026518753
3584601466
4289909055
2863931456
2522384717
1372720374
485757579
2272573724
1988359289
2013660722
432120471
1450561976
3499908197
3937883438
1222053219
2969929236
1220619537
277247466
3988954863
598061616
993170045
1983751270
2662425403
1835528716
2617079977
2995575970
3170575943
1728684456
3680996245
126212766
275674131
768597252
3139123009
3185056346
1365022879
3995303968
3222513581
4123842518
761634795
1777149692
2907228377
1778585362
319051255
380710296
857425605
1609268238
3487188675
1869328372
3212873073
3255081674
3451633231
3593243152
451856605
534161222
2054932635
561207276
1040770313
263167362
645411239
2974512520
2349501941
773798270
1709540723
2821193444
1576284065
3073570618
3235581951
2743062528
2323052045
1970410166
1042210123
271156444
1453378873
2191099890
347191639
4135025016
4215824677
370676462
2417700899
3658729940
2872647121
1565142954
4084567471
161239536
3323932477
427170342
3879329275
2046733772
2754838889
2139606626
3184258311
160708968
648527957
2509047902
2596685523
3338539204
4174534657
166806554
1225144159
2546012128
773485677
1081720214
1266141867
1520554684
2829320601
285307090
1956760759
1640019288
1958456197
1945442766
284281219
3765818292
84074033
412038282
1875381519
2834106832
4217095581
2698247430
1464050523
1434579884
3935653321
4283264834
2932758631
3118198088
1020732085
847726398
1818802227
935989924
718123105
1514864890
2427850431
1407139776
1872110285
3801864310
3184027659
2781745308
627729913
1081264562
3031207959
8708408
4144834021
2084212910
3317043939
1846136212
2448805521
2248911210
4287315055
1528213936
87854077
262688742
2834372795
242559372
2034649641
1748533282
1364685767
1209700648
1815131413
2512778782
2217007507
2751726724
1593718977
2826448346
3938620959
483549088
2676097325
59794262
1768469867
3391503996
2601253465
405115538
2192180087
3065773336
3855929413
3449845646
230689859
1783084916
3811176177
2482474570
194452431
2198948240
3126428253
3685421766
647642651
2068860780
73299593
1870725378
692010791
1984439560
1582069621
3959493886
2001906419
2971919972
3430674721
1353763514
1443089791
4086460288
2591428493
1729060406
2393944779
472013916
597737145
2068958066
3094488791
2757626104
2963974821
2732510830
879211939
3097989460
1438072657
2357912362
2831395631
1070911856
2102044861
2526299558
2258047867
4002112844
2348143337
2791240162
3864902279
1113368808
3368184277
4260406238
3343526995
10598468
1985927553
187488154
2102506719
2501341024
3372895725
3973105942
3656933419
1815767612
624997145
690975826
1541208631
627246296
3542529285
3534591310
1896156931
950098740
313900977
368945162
2548624015
1817790800
1017642781
3994806406
3946813659
916351788
1545887561
2047496898
1686824423
3864009928
1831504949
810328766
3781385651
804616740
733934049
3961803898
3078900799
2052677440
534166605
2425136118
1670888843
115763228
1375983481
3170274610
2663546263
3519213752
3571511141
3485781038
3874494563
3316454676
255684625
847764714
1172232687
2677453104
1930003837
2885286758
3807104571
2650890508
218241961
867902370
2879308103
3625615528
421322389
2211254686
519454483
3633785860
2276735553
1674527066
125014943
3629137696
527653549
1778052822
2951138027
3030275580
2818714585
2917078546
3740971255
2104872088
1232165317
2833019662
2776682947
927121140
208031857
1080132042
3413997903
746916112
654785501
3051781702
1744024475
3945547500
2191984649
4171850882
4017179815
3384005768
2788253941
2502553726
3311063155
2415840740
4048990881
1046847034
469207807
2683571968
3564644621
2899552694
2940045387
3118085084
1901310009
1327566578
2791150679
947099768
3496997925
145525230
2819570467
1624922324
2538102993
4190279338
3986475183
572281072
3946390077
228159782
3769583867
1620516044
3979027561
3389855074
2413463559
2836666472
4194308949
2635808606
99160531
3886309316
2612943617
2753522458
1340617311
2117914336
3615303533
2832127126
3186881963
3608281532
1141925017
3488905170
2864916407
1320440920
359972485
904728782
3589493891
300671668
150708529
1961040778
487901199
1263831248
3728160925
3502953478
527863387
3166298796
3366351049
2233349698
414348135
2687716424
102823349
1884880446
4260954931
1828708772
2248356705
422881274
2854062527
3693248192
1293571533
3382996854
2757890827
1220394908
38815993
999379122
3456330519
1211105336
3491215589
324405166
42278371
368008340
2258112913
603656298
1992128367
790999216
2862186237
959620838
1654752187
973904012
3710971177
3809789730
1104219847
352940072
3358328853
2140876062
3068306579
2844349316
2067610561
2111657178
3715076383
3734838944
3857167405
2534177366
2531254379
3344264572
3660275033
2033162642
502685303
3906903064
3287343941
530542222
3978073923
878495348
20296177
3577902410
3278821071
277334160
2264397149
2626218438
1418209563
2399616620
1055037833
2032715778
4010695207
2844689416
1236879989
3617180670
637400563
582530404
310670369
240218554
1219905663
1722068608
3732750989
3032413494
902127051
2270235484
1169793465
1275548274
3564372439
817375224
3231202725
1971406190
1091682467
816586836
904692305
3002157610
2013324847
4000501872
904567741
1820695718
193101435
3995194444
1305703913
3096590562
809653639
1002080232
2690694357
554490590
748877651
1510344516
2935020673
1657339546
4140412895
288435808
4285726957
3799244822
2372569899
958961980
185800217
1397783378
1465144631
1538565080
2711996421
3417541710
2512165379
3394595380
2916385457
1128238858
3041633679
2212415568
101282333
920698758
166233051
97802796
3055256137
4001962434
1095041255
3850730440
3988414261
2695649726
2552866995
3437840676
2140828897
1870396282
2659305279
926588480
2640375629
4225972982
371681419
156505884
1011858041
172168242
946821271
3788246968
1320256101
1961771822
1853170531
3167790100
3188044561
1751466986
1210520815
1204006960
3521935485
2773635686
1041381691
9883660
1876082345
1145399970
2314099783
4243021736
1600008597
925911198
568986131
4107959044
2140749121
2225236058
2729873055
3988323872
2564754861
4173661654
3025401323
2689303804
931630809
3356957970
899484663
1995860888
3142806725
1609132558
982736067
3214265844
2274890609
1620732106
2842375247
1830389776
2862813
2106742086
39296667
2229351916
3205573385
3204393858
2652268455
332936072
786707445
1632675710
1866210163
1196530916
1980052897
1316242746
306185727
94653952
1585798157
3973136566
3091739467
579265244
2798818105
3221526002
951414615
187414392
3877865253
391971054
1433355811
2250041300
4154696657
3323395498
4260365231
3805827056
2204046653
2706950182
487633915
3039529932
871286633
1072585826
1033184007
4165990248
2716100181
935687774
293067987
902213316
4126563841
3576271386
2817928543
200576480
3874216557
130018198
3730579627
813576380
2152253337
21200594
1469088439
3395547992
3719942533
3254847438
107011971
3218993588
3342885937
2400387722
378372879
1408763856
3659443101
241019654
3231021403
804114860
2860749769
2219507010
1413647975
3024530248
167168181
1866904894
2247446067
766619812
1585755745
2096779002
3400598719
1235336640
3064629453
2504590966
1323810315
3869863580
100805625
1997264818
3557180951
479665976
3064876005
579698350
2160077027
407956372
2072401041
231110506
1880863343
661696432
251818493
3730374118
2336091835
262145932
1256689705
625806882
4193692103
2377404200
3300088597
1485595678
906784659
2559222404
3670556353
102661082
2370341919
3282296224
3730401069
4247032150
2655193963
3716193404
3323379801
3902120082
468629879
2780642072
2509829701
2545575310
3823444547
921556340
1703769329
4033436746
863146447
2151303056
3097651293
1191362758
2271351835
3938069868
2301803657
2553057026
1921611047
110158600
1001528693
3763241726
1997881587
3687416932
1641608993
2362316986
2928984959
988999040
4203771277
3272248374
3435530443
695974492
2594079929
4179155314
3374439639
1171146488
2853294245
473939054
992463779
3207376724
2725102929
1093906730
896147759
1028444016
4187393725
2584933286
727312763
3551806284
628955369
773947362
768798855
3704907496
3834318805
2403668446
2322055763
1491490372
3067010945
2302748058
2574101215
747040096
870822893
2259875606
1187558955
1527957564
2846980377
667779666
2708975671
415384280
800119557
1188397902
2111841539
1350924596
457131441
1717401098
4141506703
4188030800
2155275549
1161926278
1501392603
1493584172
736011593
342089922
3349879783
175561416
1087779381
2317881534
2640049075
1834555428
1757542369
3484394106
1688945215
3512196416
1056383565
64344566
3835892619
2126366236
1701289337
3488324402
2529702807
1989226168
1846416741
1244903982
2405838435
2255500052
2233071121
572435178
2761641967
204255024
2279304061
3527846246
1613014075
2234007308
4100940201
1412149666
132773703
3312467624
3727393941
2444197790
3377059091
1922681348
3536470081
2421264218
3542452639
509459744
1549189293
304815318
3937214699
485798908
2346250713
682304530
3337316087
4080208536
3099688901
4111622414
1058138051
4167359732
1628821105
2460962762
394587983
2280261392
3596362205
3873057862
4188506523
3734119660
591875593
3534811778
3798434471
2142802568
1445136117
43212414
327771763
3189795812
469743777
1465838650
1404338431
3297807616
1486786317
2775242678
155115083
976196060
656242233
1162091762
2075740759
1587533432
1868765733
2989062126
1211846947
970684116
4232767185
843539626
3564060335
1003507440
3197175869
1152655142
1281236731
1740372684
2826857065
1361814370
1996209671
3880244840
1314175317
3582700894
1836230611
2707750340
930767105
219134234
19933279
820530400
2355531117
3444376214
1555057579
1457938364
2370644633
351176146
722066871
3301937752
4253738117
2284912334
1379560067
3662414004
1875978033
3609127306
204619279
3000469200
521281181
3381428742
3936379995
2669527212
3224155849
1825817666
293513575
3860204104
2019072949
2672847934
3026032947
1776254884
3830593889
4120638970
2725281727
2354904256
3695623117
3045694838
1834576139
1871781276
1619005177
1659002546
1991581975
1840922168
3671121637
434173358
4033295331
1697544852
2696976273
3010322026
2611342703
871870128
1651991805
1864062182
3536214459
2133816972
4067046185
2665567522
700990663
2719690280
2445717013
2425985822
2980199059
1627910532
2912895425
2973475546
2857207583
3152452768
3101104685
2782439510
798111339
4238855036
2395874137
3596068754
747836535
3713522200
2328693061
2784058510
2719591747
1643832436
1076967409
1433158474
195185871
3257452176
2136529757
1259902918
1864892187
2120817772
323936137
1015830018
1672515623
2102346248
1681322101
1981757950
446204915
3428209508
3933829665
1009172410
933183103
1618816128
514828429
32645942
62043083
4070730076
1380935609
4068892786
1182513111
3550504440
2635555749
119157614
3534345891
1411989076
3409643601
2807175210
2432654383
476237424
4165894589
2403093158
2518504571
2403512908
1123204073
1997326050
2400160647
363480552
3309396693
3097053406
2425916755
3980567876
3187204737
4002761882
356361695
3608718432
2523424493
1234046486
3054690603
3254318908
823909401
380012882
3930524471
1284235736
2907172357
3021175374
3647975427
3140585524
2331379889
4015480074
211098511
3181233744
3689961501
2302569862
2315147739
540293164
3983394889
1536862146
2814195431
1160001992
2524841269
1556072382
2700754611
21292836
389380833
2092910970
3120610623
951131200
882464077
409233654
2131410571
1461941532
4249583737
2112889394
1775046295
2148683192
1660332133
3214225710
4190320995
311149076
2491037969
3484684778
188451567
3704729136
3302383229
2731999334
4179824443
464891404
3403154601
3547199650
3583087175
565517736
3313817493
55228062
3306528787
1104484612
2974237505
4141659738
1220576415
1514044448
2581230509
640496598
49433579
446292732
3572913369
1067133714
1122353655
3794512280
1908118213
3629602830
1660711619
3517967348
3370097009
1184904906
3318393423
1828095504
3650655453
1639842630
4259542171
3896447980
3746132233
2747185538
1818533287
4250202504
1273879029
3908179326
1648537971
3832232676
323369889
3374682938
2421488639
3434662912
4072915469
1184919222
1377929547
4040442076
573856057
1323279346
526984535
584054136
2569973029
1225912046
812866595
1813382612
3577620945
2924727210
555383215
486821360
3436116797
1739290150
513247739
1749576140
2061110633
1841621602
3960363271
1710994792
793840725
3865961566
3386471123
444550340
2420794369
3151093786
194388831
3709340640
4159520877
1769347478
3908073131
977964732
2602405273
2062912722
3576641719
771174744
2766665605
4168938958
1769993603
1362497460
850258481
3171340426
2919430415
1475544528
3708916125
1918327046
1301761883
4199133100
966908361
2931329858
6734951
631335240
2168876725
1886790462
959570995
294211236
1198242913
4078542074
3780901567
2488548288
3991858893
2590389366
2948011019
3547647132
1103753721
1863640498
1712323607
731471160
1820291557
1766878382
24788707
3968338324
642177681
2230404458
2841389167
1153084848
3573045245
1534700518
3912942779
2025514380
62445097
3218185250
2168840135
1111362856
1600520469
2546127390
3651405203
4076945540
599934145
4013214170
3833496095
3076873120
2774584621
19447638
4207763819
348846716
1683064409
2994056850
4293095287
2142140696
3549240389
3125040014
3619305539
2776888180
3240164081
1951083082
4227729359
3327346064
186338909
415919814
3151620635
974392172
221708937
3595050242
1921231655
4257849608
4081566581
151777534
3230127859
3831439972
3697671457
2354800314
2480257407
3343084416
2061163405
3782588982
2324389579
3536132188
2630634169
2823808882
4236350167
3392046328
3383293605
2786110062
3080184227
3751923028
3763620689
1431076650
985700143
2075446640
1645376701
3154223526
4224499579
281878860
3593756393
55840226
66594439
3594265832
1921234389
218726366
4013250643
119206980
4100908417
46494618
439984351
15100768
1458903533
2600805654
2336820267
1574643260
3511828249
2413531218
3787613751
3876683992
1248526597
2204987726
1483422467
4200175412
754502577
1311589386
2793133711
3218556240
1215679261
1926710406
1265321179
1264461612
717810505
875392706
2440778215
2240649416
514971701
2289270462
1392806323
2024584740
3136617953
3869962362
1317156927
1564891968
2923923533
2844721142
2505992587
2189763612
872113017
2219878706
1635641751
3998182584
1567308645
1158850606
1569473635
1361269012
472284177
3777329386
738706927
2847059248
3101512061
2265143142
3104668219
3024035084
588031913
839663522
2732928327
28703912
1164585621
4227984798
3310185235
1384933380
1259357761
675536218
3012001695
2438675232
2171217581
2764786390
2904782571
2302349820
1121957849
2095526418
1502354679
870336664
373401029
2042121998
1448279491
997653236
4009057393
3966574026
1681679695
205456656
971048925
1581111878
3205193627
2447901420
588747785
2720563330
3960322215
2091733128
1078242549
2221722750
191364211
2855406052
2346237601
331889210
2015459071
236784384
1559557389
1081214390
1123038283
913633244
3356965945
1289169650
3552903255
1203508344
2491826213
1276536302
3189204771
214734036
2994564305
2856071850
2482091183
1987333360
3726175805
2050936102
1136456955
2798704844
3674321001
96088418
1288500231
1684771944
1960402773
3664517982
3601612243
2434112452
812017409
1366296346
1999117919
8637152
1501557613
1278947478
857514411
3400187324
3652841625
2740491218
100701111
4124758104
64031365
2196040910
4231102595
345775796
1071033649
2966075274
2885661711
860521680
1142752413
2025730054
2574924379
829529772
1189280969
3120124482
3506102119
1659422792
1421885877
1387780670
3295817523
347020708
3083943777
3849536506
930313663
1367833280
463675853
3017722742
3321937675
39091100
3655324921
195259570
1377228567
1177844792
2612659429
2161894318
1677281763
2656934036
1008278929
4065373290
1228825455
1236905136
2525317885
326370022
2124099515
3963769996
2933094697
4162708258
2960095943
1578953768
1569805333
3725068574
1578225811
1047957380
1831946177
805957850
3957030175
2787121824
3556147245
2132072022
2952039531
367667580
1990256985
3975132562
1172294263
2093029400
2681810757
1152600718
885441347
4052288116
408731121
3171291466
3028665039
2092549264
2347352413
538461638
494392603
230357612
2800428425
3579831298
1325581863
2013265928
417633909
152348670
417538547
333705572
1738440737
3983281594
1933063295
1598401152
1058147981
3516223798
290458059
3118712668
2853514681
2322951794
2603838935
427336696
1606846885
1763909998
2582768803
1368808532
297373265
3139626538
3803042351
1262668912
1726113725
2422405286
208153211
1213435980
255984105
1123505378
1015857543
243925992
475138261
4237670110
1446912851
2523874116
2318461057
902929050
1482791903
2582653536
2777533677
3944234006
1986737963
515462460
3126108697
57448274
938066231
3629326296
924455941
618883150
2865939971
4261258804
826773169
4074711818
1955500431
4031562832
4127669789
1913396102
1304702939
3397654060
334499401
236729794
887450855
3149068232
158444341
2101556670
1668994227
3281028388
2214625505
2104661882
3526341439
790075968
3691101005
659920630
3617461387
4041397020
964118137
1393373234
769311895
2974321592
2372652645
1252794158
1791053667
842457108
1277083409
3329417194
3070230767
1657777200
2481996925
4006325862
1340335419
1053068300
755845801
3758524066
535087175
1433590696
2379971989
3956614302
2045851155
2495592196
3492104513
2491876442
3279583903
3014916640
1124456877
4261765590
2571149803
1490567420
93657817
1351563538
3135141879
3629180824
3595811013
1228228110
3373631683
632949236
56041329
4095083722
2732204111
1438876688
657816285
1280946502
3978250907
3415011820
514963209
1039026050
291689383
3988893576
1663533045
1157858174
3204007795
4285847780
3048685985
2806440250
3139039743
2025671168
3341953037
48209078
2343231307
4212235996
1220943673
2938810866
1221385047
3177460600
2439631653
725015790
2703716899
201270228
3288903633
2516621738
3707039663
941640688
577691965
3966641190
1808687099
324356044
4176827241
2299230306
1228377863
3533140840
1324200533
562451038
1139476691
4113033924
1204709889
1038757402
4091943263
2334886368
3776882285
3852224406
3946106027
4161203388
2032292761
4262959826
1836969655
209350488
1246109061
2540233678
3125742467
343813556
3343609905
577412746
3056103183
886965200
2218031005
1287718662
2118722907
882216364
401612745
4271249730
859503207
2381064008
583406773
3054866750
102660659
1666247844
1703068257
1017703162
1421275327
3019291072
2506314957
1911775862
1614178827
3962579612
1489090553
2827875250
3939086871
2911607608
2558564325
3498269358
3353629923
1789863828
305619089
1804342122
726441583
854895536
3609083389
118118886
1122474683
3385181068
599399465
3083217442
1732580807
3854027560
3158877973
3546890270
4008418195
862445188
3119270593
3820689370
1885632543
2014763424
1956131629
2409426262
4278695787
4026882172
4122758233
4123376786
2928158071
3297752856
531710533
3040756110
1765756483
906629492
1977909489
2677864522
3845750223
3579593616
834942045
3506576582
1140965403
3915245932
275466377
2849221378
2838356263
3690094344
84765045
3862519550
3551161587
1256505444
3156411169
3478697146
2244390783
411298176
2606055821
1112598582
1208005835
2550036060
2854883513
150402418
3532736727
2977874680
2406489253
3226572910
699922339
2584144724
2406142289
1221938474
952569135
2064436080
918444733
2086686630
2012190075
634781516
505128169
2784402402
3905772679
2928927464
4071381973
4148030942
1974660691
2336199236
2940136321
4156146074
2142607071
2453006688
2989653997
2848412438
662266411
4103308348
472057113
3780746834
2629639223
273727192
2740266757
141909838
2158383363
3055400244
3353498033
1298993674
650988687
1056850768
346337565
4141675142
1091115739
2376467756
3638767945
1499921602
1107003367
3616822984
2260565557
2871979198
2187141043
3522188324
2723677153
2971025018
4111019583
2653215040
3989302861
28847606
4123639691
2453439004
1035938169
1512421170
2128846743
3103632056
586703205
1080137262
3512883811
2781245204
1415774737
4019996394
1545878511
4163414832
2249144189
1244661094
1839616059
2873490188
416935337
1297927586
4237321031
216775336
3470315669
1120164766
2466316563
4168025604
1887849537
2879794010
681145759
2974333216
246254765
2715515094
2001325291
2037477372
1293319641
714293266
383570679
3212674712
3790719941
3066969358
1799623619
2155419892
906289777
3449482186
832822095
964952848
3516263901
2618394694
941569435
2234376428
35117577
3876589186
2355359399
1083313800
3835056885
2595633790
754356851
3560155108
3236021409
4087449658
155086079
4237920512
1635474189
4259918774
3696331339
782912988
3561030201
3856283890
780187223
1942508152
3218695717
1450398702
2309192995
1504555732
970978001
3785425066
2888051375
1376275184
3385906237
775519014
1187760891
2648028876
78968425
1740160866
2437818887
2692698728
3985507669
733776222
3247821779
917912004
109210881
4047525146
835720287
1829718240
3200866669
2778291862
3241736107
2992577468
2841032345
4214399442
3148302775
1641418328
2823237765
2785598158
1406703235
1088175284
4178326321
2179368330
2088577551
1286439632
3445090973
1583341062
2885947483
4088757420
3704177353
3968786498
3609662823
2527823432
458745781
177162302
2922825011
3983457188
2155890017
1757057530
3911609279
2879518912
2335147981
1151596918
777524491
2164775324
4000291577
3050601138
3760753943
1369356856
2463312613
3360084398
3711655907
1098692244
3634471825
1621326442
4287027567
4033587888
3334680829
2788995302
3860858299
21312140
2456600361
1858760994
1439084743
3373181480
2878077461
3890640670
1009870483
3251973508
972246465
2051555034
572093215
491362464
3074811437
2730558550
2550588011
2468120444
295939929
1022870418
3923542135
1192908312
2199213381
2078619790
623106371
1661411444
163070961
2349850442
1041840335
3225076368
749381469
2609378246
3749161755
3170687084
2042063753
3282268674
822410279
429964808
3888266357
276436478
2698885107
2036436836
166954529
2720095162
2072062591
3808307328
3215225997
2745728822
3734855627
1561666908
3440047033
2480176242
1385898967
2185290232
2292559781
463212398
384434851
2834528852
2305299537
1852027946
3977005103
4212312688
27676093
4026115750
3999465595
2572447308
851527657
2622612194
3099195271
2790900200
630370005
1828857054
4254316883
3582714180
2476273281
3095259290
1077252575
3652692064
2900570861
1192389142
1316195627
3479810876
649947161
2577573202
3225188151
2131385816
3206298117
2653115982
2313542659
314164276
550048945
3453417738
1832388495
2615919184
3561890845
1900661126
3577349595
2227434540
2845987913
2249049026
1757258471
3375478216
3331674421
2184618942
1605069491
2479629092
1174111969
4053132666
1729014079
2590906432
328868173
2830550262
2682350219
1452421404
1892879481
161103410
77101719
4117678520
1309733989
2519928110
1097819491
2614230548
1693664529
3433147882
3413407471
1505602096
3208260221
154164326
3260332859
3921897996
376606889
3926856866
3907518023
404789672
945955733
1892651678
3229404179
1838830852
1546866497
3718337114
2464444575
2048489504
341917613
5083094
4148099051
3674644220
1231282393
2062763794
495398391
3647350168
1763434181
847459342
3974012611
1001662452
3070141809
3908817610
3231290959
2810216976
1761763549
3177537350
1342906523
2932527084
4249484553
227399042
219220391
1696492936
4103153141
4119130494
90168691
409892580
3713550241
1758998330
311355391
2310129664
1540394509
2710489782
3840161099
3242130652
2592597305
1625669618
887132503
1525182840
1339357477
1036765934
663455779
3856155092
1141061073
4246562730
2977916335
3022801392
71223101
2946552358
2226468347
911353292
775985513
297928290
3574646023
3189977448
2159695957
1762574430
4289502931
1170245828
2625794049
3681713178
3773173599
2519664608
578817133
4231165334
1697194667
3920841404
2589399449
178890962
2692523191
3857558872
1305756549
516215246
2026774915
2310425524
85521969
1061055626
2935874831
1790509520
1334271389
496678150
3534420827
1590782892
3312346569
4091782978
1824469095
1831265608
1853209269
3223650110
1824198707
2735245988
952748129
3651680506
2764170943
680081344
755481293
2616234102
3764764683
2967177372
3404299769
2742485426
3795019799
577624376
3132210661
3626387630
1409182435
314983828
3210208913
1100407146
1978471535
1914612144
2507416573
1628112870
407138491
2193662348
720069161
2368387106
737430471
4162947368
1532710165
2340400670
4125307283
3653139588
491147457
1672570330
2969202207
2243450784
3422525741
679549782
720506219
4012881532
4200010329
847628946
2816269175
4099994904
4194658373
145239950
410281027
1753231220
64489201
4066297418
1864692687
760562064
2895977053
4020882118
2681837083
2023212908
315592329
2463054082
2525501223
554376456
4043509621
4158049534
813499123
2405064292
2165311777
3586523834
73901439
2931058560
3690964877
1704728118
2233862859
4180137052
1119344313
2601386866
3411082967
2076115192
2070364837
3942811246
294129059
1851525460
800151377
2613975850
2944238383
3142895984
4154081469
1529806246
532835195
2463030604
2100488937
2517182946
1548915335
3856376040
3842310613
3454163934
2648736851
1700016196
1732178305
3894284186
1239518431
1618306912
3315590637
855212310
2606348331
2671501884
170117913
2621942866
1382535735
343932120
3127856389
1441615182
1989240579
64082740
1811666865
3827097610
4157522575
4145365328
1694734109
1364369542
3126259931
2682118956
3056432969
68192962
1496038887
2156598472
4177077301
1918524094
2875569587
4179882532
2666203617
2935065722
3628082239
334714688
2105037901
2354142198
2246382987
769908764
45281145
3513435442
1861834135
1453058232
1052084069
3156247598
1793618019
72977684
2916059153
3447919850
3035673071
2005838128
1869684093
2613883750
4260308539
3929856268
1440166825
639458210
2498468167
1729198248
4202133141
3858155934
2992936723
3829507076
3274461761
2591586650
2992335775
4263917344
2216751789
2304485078
3374326507
1838665212
712852441
2981056018
2128447735
369804440
2614227397
743713550
4259654083
1198208756
3057936497
3057170890
4290466127
2411266320
494588893
542455366
3840084891
946061036
1078468617
560438402
1131029671
1265028232
3273128181
3312429182
4164233331
3156559332
991611553
1995101754
2265670399
268830464
3862020365
1573937590
1432543307
2731518940
3415918649
2420983538
200043607
1657049208
1901890597
1363165678
719295267
2692665556
309491921
1484115626
2634457263
1317816560
28883517
3768854822
3582632187
3435828428
2778217577
4146548066
3296681991
461574248
947039061
1232926558
2922342867
306632644
969831169
1820369690
2972191327
4136290016
1011007341
1499958422
2265271723
2382592444
2082700441
2625417170
3422420919
2294369368
1793939077
1906100430
3643780227
3742128820
460437809
3396490122
4255817743
2130739408
985845917
4201745414
2721965659
1709791916
31426761
2224320066
2751679335
22955080
1277136309
1188476478
4054539059
1948146084
3193916257
4285652986
931750335
447510208
2867588557
3889768310
643787531
1806383004
506421497
3782576306
2699707159
267974712
1075597541
1881259950
3693966819
3465270420
4133104017
2120632426
1048530799
2819467440
1932596989
2809487078
2304039867
1043861644
490079529
2196176674
2580408007
1659922472
4223049749
775218462
3422616723
1797507972
2481279937
267816154
3439814943
2707625632
3804580909
2430415446
1741240427
4097762684
3755373913
1181733266
2559129207
3160642584
3028384581
3414632078
4080070467
913653364
2487470577
1116319050
677162703
212582544
3785067869
1030201798
891781403
204387948
196325769
2270625794
2310484519
3794893832
1355801205
206537726
847793651
2093952356
1366854689
3662064058
3497664639
1806083712
543611533
4163611958
3952784843
1547076444
993049017
2393082482
3971144151
2381914104
2545210789
2659515758
3381794979
3661666388
2990971473
1091863082
807058991
2882717808
1218065341
771773606
3155023483
38095948
762351081
52195554
2207722887
1561952232
1627608277
2313065182
110710611
714637124
1513157761
4137301658
1287227359
376383072
745052397
3715930134
3190547243
1409945916
4132843033
1497936722
54471991
3232865240
3310247941
2681422926
