167909219
2687567892
1975699217
116869098
3878242543
1335383088
4111518845
463640166
3745361211
3557012492
3543290537
3642224290
3711373383
3276833704
3675063701
3683191966
4236508691
971235076
2196459841
1472556122
3004547743
3309740576
4268253613
204884438
1982622187
176253180
1495016153
597336338
635617271
70815640
3322364101
1166224910
1266307267
1955082740
264185713
3498994890
4133972047
3869256720
3579445981
4200896838
3290239643
1545607660
1752841
1366536066
1587092391
2184402824
2648508405
3698027390
2108690291
174915812
205605281
3547941178
924400127
2204365312
546877453
2940503222
691709771
3440297692
3096520505
162142706
3434423127
81779576
3751893797
2352530670
4172298787
2241940436
1966389201
3899457962
1709586351
1460728816
4288112957
2511146022
3161466875
691826636
396516201
3506757730
2018629383
3080526696
2569484885
446839390
2965754067
804524740
2216456705
756061722
2387173727
4175835616
982068845
708128662
4217935019
4099413180
2268158873
2047541970
3695851191
428480344
2567021957
2535377870
3640382339
49567156
3745216561
3301639818
2256385807
3420629968
1918959517
1798565638
2056187227
1506850220
1977690057
2500034882
2520334951
3984969544
2659425461
3404036414
2468168243
2549159076
3381971553
1220760314
2675849407
4005913024
1355930829
1220561526
2500735499
483742364
2266284025
3757398962
377092631
707740472
2311069669
2834121390
2679446755
402214804
1391159441
937458538
1426450031
739070896
3092170237
347161062
483484347
2287266700
3270452265
3064435234
1344757191
3924128552
2341089045
3186436126
235824019
735839876
2277659329
1724481498
4254056479
3925442976
4094343981
4070430038
176389995
1593737340
3327349849
2191598738
1763470711
1523015448
1433717317
2690394510
3962836547
3962059124
2707196145
1877303370
2052507087
445180816
3891838045
1205667014
764381211
3410039148
4075049097
724112130
1777608999
2931033864
1238561141
1618036478
4143002867
3509381220
901581601
593173690
3881170815
729452928
1087097229
730189878
3693116619
1330355804
2667911353
2235981170
3993604311
189426424
2880939173
4163076206
1238417315
2734232404
1738987857
4145132842
1263031599
4132270960
2750866109
3597612966
2736872827
3037538124
1171827945
3284141026
3547833479
2045348584
3472221141
3140081118
253605459
1767619140
379384705
1991256474
1202249439
2957021536
3752658925
321927958
4131203627
4264864828
3074559257
3877439058
3944309815
3618662104
1210101509
3338356558
803412227
1541659956
249715121
3013442058
3367146639
3662867280
450967837
2921323142
3755926235
1412508972
1206139209
765748418
2827603943
3313368776
478873141
1926157502
65791923
3521149988
964299745
3036718714
3042997823
826507584
88503885
3847558646
2972813195
4164004380
19018105
2203918130
3525568407
2549174968
4064799077
3214638638
29565539
845190932
3425110545
3888164586
2674754543
2643546928
122666877
3634818406
2988447803
858071820
3508467113
4061017506
822258503
1198088872
1076517013
3357033374
1857276179
3828559364
2037142593
2391053146
1934933407
595288352
1915753645
4188823766
3512046827
1169856508
3132982745
289318930
1090591479
1610952344
2110084037
817636622
248044483
1038565620
2693589617
833835978
676406095
3540036368
2950329821
2075947078
1413283227
1482754284
94429705
1983215234
3770300071
4054038152
1399577333
2545820286
3570227827
1976291300
2106313889
259256378
1885189375
3084923136
1929503501
3287161782
2265010763
1799845340
1848379961
603562226
25755223
2145647224
3392204325
85277678
2454471971
2448415444
1496054481
2343397546
1748333231
3382244080
3877198909
3642254118
1821217531
1180491468
1434582633
4216465250
1468559879
4062509672
2078772565
1517842782
2811272147
1478648260
3102766337
2684796186
1196645471
3681153248
3763593581
3553773206
1854717867
1766867900
4052074137
717621714
160666039
2206578264
3273832581
3277767374
3013959299
1039295668
2400992049
1273425290
267547151
2354195152
195326621
1316144646
225040475
4220560556
2094680777
2661042242
1631935847
3001364040
3946147765
620703806
1146457395
1487856548
1790070113
74775034
1057862591
923836608
515772365
3574653302
2421153035
3159163292
1726128889
1893458610
2063127831
853697080
1613935333
2387655086
2251040739
1298587284
2809506705
613933674
2086674799
3794031280
135510269
1434687718
3039415739
4067711628
2210514729
1498143010
4123588807
3655094824
3740107285
2819251998
4101254803
1089033604
2649314753
1559668442
1248115487
801915040
517500461
2405559382
1621273195
1555410812
1012578137
494087058
2744174711
2448555544
2767772997
614670478
154706243
3351595124
3545254897
603473738
3059122383
1309108880
1392455517
2214779846
1311077147
562036844
3192943497
10017282
954942503
1224893960
2695349365
810679806
3980689395
3595155300
699239969
633586618
137392767
3868512384
1564146829
3866978102
3218941899
3204599132
738589625
868476018
4248005591
3769403896
2701997989
3775788910
673368739
2961547860
264510545
3024100394
1923977263
250835568
4009678269
2343079590
783599739
4213937740
3432927209
1169902306
2055487367
508520936
2247898837
2794327262
1344176467
3662154052
2971072129
924078234
3276331487
945967200
3799890669
3659223574
4200027435
3551189820
1006399513
2466647378
767082295
2601125336
1879556613
3125362254
3124929539
119532596
636034225
2611437834
306007951
534800976
1789570077
976007558
422563291
1844386860
2596494409
3052088258
913042151
3015400904
4035107125
2406910910
710554291
173820708
2738720481
3307228538
