241691411
400877572
328123969
1034968410
2232024991
3019619104
3062933165
784321238
2576217835
2040762876
2603497433
3219370514
3680410871
714131608
1882727877
3258765070
1343061443
3102702324
3507739761
251239882
2690573647
1493140752
1386711005
928143942
1880481691
1047560940
3372618761
2521104514
746600615
3783118984
4057672949
1133694
1573026931
1741326820
1872182945
192199226
1189345023
2365426432
3243996429
2963703222
1620751435
656240604
2745547833
3121851122
4208427095
581735544
96256037
1121641966
286385955
2458195156
2145119441
1057534634
492057775
796183792
4129254973
3381873958
1980200187
1670994124
3559927913
3021386082
2189390855
3179025512
229629781
2488310622
3527851475
1726880708
3479496449
1264355098
3811221087
4221848288
2368107373
3266293910
570892715
3683859900
3632820377
1523913682
1918047159
3574288472
742886021
1206480078
1215037571
3264519860
2557816113
3621205898
581055503
2022376656
4217603229
1582477318
3976510043
511319724
860978377
1117114946
2616024935
3493414984
1960231349
1792825918
156020531
583507364
2987376481
27247610
3770021311
3907517120
3196690893
1351830390
640368395
1400699804
2616087801
761261234
2745784087
1235549240
460358885
874537902
1232325091
2492864660
3220675985
3416075370
1294001007
993668272
2366360317
2940764902
2472914875
696964236
780269865
2063229730
2963405511
4289555496
2766656533
1953270046
2351714451
2765033348
1655687105
2390126810
1918762271
4190149280
2250047533
1644779094
559877227
3344083324
2616158553
2565617042
481446519
3295778840
382709573
104319630
1400980291
1342276212
1736130033
1754435914
3853009615
981091472
1638941021
2452407750
2474792219
3141761644
1507435913
1920754690
611665447
1842380808
662378101
1035544574
3493700083
4068241764
4166844449
2920844730
1996141695
2401643136
2692255373
449433910
872057291
3951839068
3533942201
3769757298
2537942487
3312002040
1845299621
1491575150
2448190627
944692308
3424128593
1492084266
3775943215
4114828400
3152603069
4172773542
2209524347
2249986124
2507178473
441701602
2269069703
2023392232
2452130005
4017764062
920167251
222806852
1445947521
2025724570
2036603871
3322980960
1446268141
3129785366
3931485995
4037137724
2250449433
602478418
4181475639
142843864
2089849861
1659365454
470631939
2364941876
4142272177
2733353738
3761312143
2794275920
1783479837
4037057414
1716432859
3096221228
224300617
1069069762
2497178855
3120789448
2257070901
1315419582
223696051
4071163172
725549281
1654593402
2960274239
2004359744
2078817101
2634684150
1019778187
2198557468
1216726649
1573498930
1416447127
2243496888
2854375013
4142964526
4114337635
2305777684
3170713361
2831114218
803373295
1162882096
3346449533
2745183846
2846778683
4245490700
968608425
2346911394
890718279
134437800
2989620629
3141117086
2366354963
2618832644
4070820161
1005814874
4277992095
945060384
1915509165
972677590
2410357227
3410018556
4158888665
1703655698
3870357495
1895917464
1783249093
2209990158
214960323
1697810932
3212156785
681739466
3371999311
2223244304
3120298717
1466839366
673827483
2048225772
3735041801
2215298946
2077578151
1955737480
3468558325
849871742
3679700851
4279064804
4084580769
821256506
4091310591
1503513088
630761485
622075062
3008716619
1840914140
3193216825
3999740402
434068311
978629496
1017140005
335240430
1042412067
1404543956
1801924561
1020074410
1347907503
3542141936
3027591485
1841472550
672718843
3525167052
203674473
2305292386
2833911559
1302852456
2713989717
1298846302
159746259
218131140
1087171073
3386289690
3387464031
3897297376
247801453
235980694
3827256491
2330946748
300995481
2274630354
2211475127
2376789848
2898042245
1315791822
1351191427
2222370228
4192858161
1534533258
382398223
1545503696
3044734877
1683326726
1540597083
597560748
509517769
3643971906
674069095
490514248
4242314421
1077547326
351861299
3010030756
3116450401
3939855098
1744400575
2908174784
843699405
3232227958
3395349003
3210259100
3033544697
2622124978
3864801815
1392253752
1379342309
1976031918
4150187235
585607060
1880481937
1457034090
422518383
108342192
1201978877
3571374566
3786545851
151929740
3177749545
2359470626
2440533447
2840087336
3181324053
3687694366
3875937171
3686817412
157993665
3559364570
1625749535
766990752
549368621
613510486
2054305643
594401404
3037383769
1942109330
794469751
2923443992
3500655173
1757593998
3522809411
1451397492
2667774193
1562998858
6028751
1964819344
2173351005
1964416198
1141653531
2565237100
3713648777
2565876482
2829082919
4089634568
3450071413
2363350782
1426386163
1803370596
2799797025
570766522
4085854079
2858707328
4139499917
1032153142
1957377227
1269233244
1824035001
825455986
2023999703
4285481720
3618020517
2719357038
1806858147
1119841108
600396113
4171353386
556371247
118311792
96787133
380948390
2033849723
1704886092
3192530153
3478330338
1568660615
983851752
579001301
1545760222
541945427
1142428228
3577572225
3433447834
179836639
542533984
1557725165
725340950
2774786603
1216087100
2180089113
3554025042
135240759
3800121048
583771909
947511118
1004589315
118895924
1736495537
259625482
2087701647
3611214672
48967965
2809229958
3818101467
2108589356
3964776777
3707993282
3421374439
4158969544
3184786997
3998444734
4130840499
1124652068
2744550369
675462778
1028369983
1216698688
2276355661
694988278
1693728651
2791637532
3872237945
920794930
1333141399
795749048
2041504101
3735426606
2782714467
3204378388
2671870481
3823683306
3204889583
3165203248
865449853
822379878
1366347835
1804499724
1065905577
1262046626
1002627911
3783015080
2905559189
2217270174
1880850707
1103595012
3976514625
3843205978
3457938847
2548644128
936643757
2412771542
2008304875
1842999292
3647274457
294633490
3970913015
4197320344
2951236549
3813850382
4177433539
2180094196
3424871025
338127818
1103518543
1246003984
3730599389
3643148358
4247369115
901144812
3691403785
2133626498
550923943
3915550344
170709749
4200249982
324080243
365701092
1486898337
256772154
2885741823
1064962304
3118586637
3525161910
234621515
592629212
3822027321
4145461490
2844997207
2461586040
2769282597
825742318
1889402147
1667642068
3141432017
2590867626
159820463
3473459952
3587658813
3784178470
2367048443
1587427020
836990569
3121954658
453028359
1032835688
4200891733
3382774110
1362121683
2425272772
1501621505
254596378
1909625951
741329120
3866089837
2148392598
3290658731
3343358908
3693426329
1454318034
2079967671
2231799384
1153282181
1326275278
873666179
1926544564
95073073
3438478730
3340741135
1441661648
2023647901
2817809926
328110171
3837656236
4248289993
422273090
4128871783
1207699016
2943248309
112445502
2266055987
2139569060
784254305
2833715706
1718152127
117602496
571869133
1163426166
2726466827
3593492892
3833469689
2073098930
2243628311
2567911992
2257169125
1602965934
1454759907
3149215380
276833169
1576008298
3614005615
2783718064
2974396669
2786144486
250250683
1116582540
1176190761
2510745890
2851680455
2929666600
1726118421
1649080094
4266387091
2888674692
3815886273
4239703770
2090595103
887756960
1567385133
3920987222
493970027
1216677756
1794256729
2364818322
347013239
3536508440
1846269253
560576654
3621673283
1165992052
215401457
1536974666
1127987407
1106985616
4134610781
1906078662
1770138395
1854232684
1621486473
79688194
1517780007
1399930376
1784200309
689870334
3963107315
3690598244
1320289825
2261638074
1396943487
3604916352
353039501
1356660534
357031883
2461902172
697922489
2383477874
2729288663
1915838968
182202277
4016082798
2732884643
330037844
4156986449
808465450
3211708463
1762871920
1252838845
3159238310
2041413755
3676106316
3975137257
397304546
1466726279
1416249832
258551509
1139188958
1915631955
3496239428
328691329
527067290
892867039
3386386528
1367978733
2055662102
3596487979
2773627708
646703129
1579099474
3582916407
4080721368
2022881797
3223836238
2401262595
632439860
2590479537
2716039434
2900002703
371999312
1016374301
1407076742
29656539
1993110572
3608204361
1537885122
481305319
193082824
3081490741
928719806
2642799283
1189389092
2704934625
4207043962
424749375
2798557248
2810224973
2188068086
420211339
3971658012
3017903225
3092692530
2133523095
232737208
3737613413
645369134
1609164131
1997176340
2312226065
3538824682
408352495
4074032
3871386237
570743910
807353147
2886461964
1461784745
971740322
1377467975
246487464
3501761429
607392414
1737968659
4176663812
850513729
2836255322
2724655263
3266967584
931643309
2688683990
27883499
1366236924
1873961177
871352082
2639900151
3054937496
1897029317
1359459342
3298369219
4281116660
656221553
1099453130
3132888655
2587951632
4022919389
746184518
2668994715
1632849900
4047011081
4155135362
3414395303
804187528
3559368181
3341382014
3048889715
2617702116
3474376609
377794362
525428735
781338624
2922843661
667110070
546223435
937917660
1142318393
1143095282
1509101911
467202424
1863022885
177228526
1485178915
2979054036
2673980881
3353995178
4175553967
321702384
2319796029
2499105318
1426044411
4179273164
1970215273
3055453794
2294498567
2100539752
1200674901
2029207646
1497833171
3784902852
1233186817
2338257946
2330496863
3075442656
1143377005
2292643222
1913889451
2157693628
1730517401
942024914
181347511
2870881624
608879493
3116978638
2735251843
2108607412
3954669105
2622155914
3818939663
1442415056
1959648669
2570007814
3291839323
1373236140
4292666825
1921001282
3048321127
1081566536
3163306677
776568638
261460019
1998654116
1091061857
2882844922
2349098687
3857299392
3186506445
1319440502
1586511883
2281965724
1526201849
993231282
835053591
199121208
3899145701
1634388142
393800419
1325319572
3510003345
1357078890
936350831
161425840
4193952765
2464122854
3406753979
3322487180
4170834473
101136418
2854669255
4289857832
3501313301
2011442718
2180886931
102169732
549769409
2015225306
1971121695
4284012448
1814436141
561355606
3126627691
647509628
3987051097
1417824914
2091866999
571569432
519825477
2687283086
355394627
217624436
3774252785
3555411530
1581741007
2434122128
4033059421
4156443334
3018069531
740312940
331222665
636205314
3925514023
2094767368
765038453
2189118718
1171751667
871554660
533629217
1282572986
1177167231
76867456
728115085
3302004278
3318778571
2966443100
960911033
1732936562
3311632087
229605624
933085861
2965833326
3884092835
2601814356
2014304081
1872403242
1809842991
190138736
3131097277
1501789606
890039163
3600244044
1365338857
1667607010
621089415
3052151016
2296086997
382131166
3699049555
2720837700
1094545793
3775565722
2833517791
2996168544
1682335213
409862422
759445547
4146356796
2750565145
851717202
297423415
716209368
2917518597
1777454414
3318474499
3637138228
3214563249
3391709194
561070735
1398128976
1196037917
1709645958
1893822683
2481349420
4254857033
732760770
924728807
3839595720
2752488501
2575227582
3007329715
3996938788
1412008417
1243483258
4102202431
2186532672
190764109
403037174
