2019999395
2872116820
3629133905
2807373866
2388050991
4114814576
1617045949
355193510
460799099
3477305932
1521279977
3211841250
3746820999
2459143656
399117013
3296317662
3912201555
895249732
888670849
2340050074
370085343
2032858208
570822381
2575275542
1233570091
357285692
4026532889
2553057618
2907009847
3102157272
2493158917
3392537166
56662019
2161987636
2388603057
3919471882
3613426575
1029836368
2509766685
733083014
437010907
2740518956
3321622601
3871518658
1945476839
1165066696
1830464821
363089854
1522869939
4043484964
1770562273
3035124090
3041273151
3399967808
3335191885
3050959094
2587010699
1184513308
33794169
54143538
1975482007
3637614008
593317989
3552295214
2716344675
4175137300
2553766161
1178540522
1031467759
3581539888
2048001661
63866982
3454334779
3556668940
2923048105
1666842786
4156422727
3076941224
171278229
1261649566
1511294995
188145924
1760455489
3427384922
1484385439
773375008
1553996717
858176470
1607349227
406104828
3917642969
178860818
4056689143
3108958616
1966488261
1283579918
2203409091
2325984244
3606102385
3144629962
4185789007
2961362448
879246557
590973766
1364810907
3349928940
394238217
4201562498
3196388775
980040072
3904012789
2715721086
1282775411
3111191268
3124847521
1037474618
3464651775
880219136
270363149
3843946166
2863755595
1855129820
278167865
2712775666
3410201943
173489528
1237144869
2134931182
3271574563
2846739924
4154675665
2741425066
4030849455
2104792560
1999807293
732626470
717320699
1624846796
1373910377
1295577698
1210237191
1551170920
237614165
4066274398
2202032851
757667012
2962852865
3519473690
2453113695
716854240
2581260397
3145179542
4147404459
2855098044
760329625
2542507218
3623723191
3085072728
1821024133
1387232718
1749081475
3312572340
1936134705
3026049162
2996723983
2806468048
2164865437
3671777542
1282750299
4261312428
4185915849
3639644994
1081027687
3883839816
2352158389
2976557886
1003277363
2480346788
1796138081
2891097338
3396428479
433750976
1047566029
3253451894
766442507
2809894044
1104288249
2540629426
433218583
3924337976
3040221669
1233581230
1718560483
1231540628
2404647569
9194858
2104201327
1425208752
478412797
176239590
348957883
2039721356
4134207017
4140672034
2135050183
3783218472
2154211605
4022032926
2675109267
385026180
3568921793
1303499226
1242032671
3335496608
3463869741
540165974
2725857643
3203777148
2620239449
680769170
3197753207
73515288
123192389
2189351822
2632130627
2634529652
1552032497
4129960522
964784079
1768918416
2688218717
2958423750
1310708251
705745772
2092771977
3691521282
141824807
2356078856
341601141
1510504702
3280649971
3690261092
2763072801
2451336890
2412978559
2995893120
2793702285
436421174
367740619
3306414172
3598480057
2922508146
539753175
2806369528
1384619685
3092197998
3606366627
600413524
3087627089
1601144618
2075655983
2209682800
4005960893
3725666726
784770939
3790465356
210667241
2581075426
199003783
1715825896
2108448213
956958686
2842443859
72662084
1577979265
2982837146
3333097695
437826400
2939339245
253144342
3025990699
172879420
3604375321
1736546386
3294678583
2928462040
2455611653
1102051662
3422298883
1025859380
1258419121
1653885962
2229747343
4273704272
1992127261
3245001862
1494822107
4020432684
1912017737
494237378
3847469543
687530184
4260266037
1903691454
1047490995
2911534628
1340614113
1089730682
3311902783
4133266240
1561931853
2065991670
371609995
1528556572
3478358905
1874506034
1561350551
841921720
3463570277
291057710
525413475
1150490900
2323883025
2177925354
1105669615
4051367216
850983293
2753224550
3681509947
497542412
3306082217
806897570
481400135
3397862568
3803894421
2215277982
1542214419
4044238852
2505535041
802219354
249620383
4233462560
2966408877
4125414102
1067409131
4294302204
1040965593
3189062162
3356656887
2250477720
442256837
3053639438
1615586755
2441790196
3081143409
2606507466
1267715407
787172624
2840637405
3956892230
807487387
2993998572
1777187849
1995999362
1708007591
2095224968
2242467061
2373538942
3342525555
3830960612
359917217
3399041594
3522092799
2633716480
921607437
856657334
2703236171
3176380380
3977733177
633942770
255813719
979590264
2511661093
1516563950
172248867
2005163220
3749876945
3916380842
3870891183
1174705392
3978073661
442389798
1032248571
1887543500
279697513
1934506338
2692832263
2919554152
1280444245
1182573406
833824211
2564776900
2203422465
3112505114
3916007007
88478432
135109485
39630998
385911211
3551364540
4069398681
1443797970
1752103863
451287128
1813230213
3308745934
2224187523
1173874356
3677345073
37863306
70982671
2176765136
2629086365
3445733382
1442325083
2521196204
3043042505
2186369602
3634579303
132517960
2823612853
63726142
950867763
471655844
1578395489
13388794
3693665727
506315456
3368339917
1334072182
3919095563
4286268316
2961702137
3659363506
897138455
799261752
3574639845
1496476590
579744227
1214079124
1338394001
3624645738
1089325935
3910268080
3803247357
3197864678
936187835
3728415884
2686820649
3711560482
1175184071
1887319080
389151765
3055587614
1702934675
2005424004
4039667649
10942682
3708085535
2359976608
2846631981
574512726
3443553387
2033512828
3575451993
422428050
70660727
3163840536
339990341
353227406
596618051
3324824180
2925389297
3104119114
3853069007
1056312464
1974036829
3284389318
224247067
2128069228
1695632777
2571103234
1284714023
163923976
580468341
3929092094
763759091
2962864484
1384753185
1967986106
3402996863
2981360256
1734063757
2655181110
3796890059
4115828572
1516590521
1450669682
2390611415
1102048248
2034577829
2474748270
3001996451
48112724
873379409
1332080170
3880073775
40047728
2553679805
3465707686
1828852347
714365004
3829148137
2811976930
2081499527
833833960
1612361941
3367386846
4061465427
3368618820
1718620289
1995874970
812843999
2856481376
1248556269
55165974
3038715691
2756451644
2256063001
2972884818
3123194167
2062444504
1605155845
189132878
3892555267
1038708276
3924866737
2707829514
3868850575
1850805328
418309661
3971982214
1494357979
266919468
1237202505
3582213570
2422068455
2185248712
1900958517
375897534
8764595
3180219684
3683887329
2044436346
1152719679
1330504256
661873485
2903187190
1040579723
848927516
3949948537
613890098
2567777431
1615319992
789739109
1326622510
3324393315
2999363604
2770069265
289269738
813656303
2042098736
1382804605
1208170086
1072024891
3645723660
229601961
3425865378
1901146183
3513000872
63710613
872262814
2452626963
2288090884
755790145
1312033882
3933463199
902709792
1594589613
322890198
3780938219
3367176444
1734427353
2279424274
1761927159
632565656
1527668933
3449802254
1018065091
2565722612
111691633
1562709194
3184363599
3616525328
725951197
638925126
4225053339
2906241516
4096253705
283004802
851655591
823588744
3509331957
506465150
3429642099
515547364
2717018529
540535098
2961660415
2931528192
3721121805
3382518966
1870317387
185624284
610682681
2386344434
2481406807
992705400
1664645925
2443535598
653548067
601287636
2074990545
2673058218
861689775
4140864496
370313533
3903695910
3543681019
774246348
222264169
79659106
344717063
4015045480
2667993685
1840699998
3230789843
1913762500
1297977857
2015311386
3519512927
3339571680
474762861
2145243030
616084651
438940860
2559998873
3337462482
2945210039
1285928792
3542664581
1104899022
1280308099
2197419444
1027905585
1308731018
3791902479
41044944
292298653
226791174
2020019547
2055886252
3037611977
3842908482
2189648487
2517200712
1056095413
1464473918
1811505715
1876866212
241560161
975303418
890001599
1203569088
522517709
28895862
2842579467
2457268892
2248794105
2636643250
2110528023
1109058360
1115111397
553247406
1612266723
3788435348
1350862993
996612970
3332114031
3782013872
2817123837
777118182
163152571
752782220
2477540393
3405918754
344030663
3946386216
2391363349
2879506462
3086648211
26846852
2418242241
2792890330
1831723039
3049333152
1995299629
921072982
301178731
2356158588
4208489561
1478739090
3967716727
1065549592
1421601349
230214030
27801155
1741543796
2256906481
2512126026
2315052495
918064016
4028882013
13477062
294103067
1536864620
2637262985
2882777858
2388543783
4040664840
2002915701
3614828286
2045596915
213551204
1236151073
1499053242
3104053119
1376924032
1077864845
589197366
3735067851
2626502236
1360672953
454622578
360427735
2765490936
3113141413
2194677870
3159678883
946778964
2086664529
3879228714
2164159791
1632441200
2360476349
1454364582
2250866043
2570504012
297127145
1488626658
3757163655
3839699688
4011131861
3816715742
1932121683
1924749892
2115900289
1258211738
57081567
430453088
598747117
3860388630
4224535083
3544599612
786902297
3846153810
1050379319
235669208
747097861
2532829006
125253891
1932098868
2603317681
370416138
2893591695
2082638672
2888587549
498104966
3388408539
4096445740
2102483273
2129593538
622063591
1094819528
4147783221
1953723582
1359480755
286137380
1015753697
3483321978
3811481151
3313180992
1440323149
3146626550
3251742603
3172157980
2253869433
2446311218
3652585367
1394406072
1967065445
4243070510
1181172323
863385364
402663953
1686589162
3108217839
1580266288
153804669
1602719078
2873636923
4142842636
3088848297
2812859810
2778516295
3153920680
2640935061
3406619550
2900355347
3241201156
1611494465
2540909402
2603802015
3397583136
2538812589
4214554838
4110791915
1651259388
2508367321
3623962642
2225289975
2281754264
1733063621
56149262
3363634115
2429346036
4092988017
1892283338
3621711
2591050512
3930428893
1106055238
1685396891
2818222316
3861774857
941627010
3580122791
1191663240
4214946549
3288515198
201947763
1486450660
2411523233
2930937914
441177343
1505218816
884278029
415677366
3317789259
1204360668
3867224633
1259094258
154869335
4239366776
3796373029
2499927022
3373294883
2661645012
4230290129
890505386
2251002543
2144899824
571767869
110691110
2614473467
2311487180
2006916713
1905051490
1413648903
274242152
910601557
3624735070
3755785171
2831155652
1051825409
2106940698
4216421471
1611763936
110559597
2751129238
3495747499
1839326140
1332403865
1512614354
1565897143
1025594968
3519666309
949707470
1870233219
1819804852
3383057201
127765898
4227371535
425839312
254775965
188966406
1673656411
2596947116
679963337
1898375234
3993992551
2179518024
2149879733
467914814
2243013939
2132575140
2885905761
3360922106
2233193407
2257076416
1905340365
1216971126
489684235
1349427612
4065837817
1351516850
2731210007
290325048
761909989
282941870
3473950691
96239252
3247360913
2594079338
3195421039
772010672
2620315901
3382982886
982642107
1434319500
16705321
807827746
2594379975
1102049832
376218133
1077870366
1189105299
2770793860
3804919233
2938455770
2860702495
840163488
1715179053
3458894934
546490987
3903278972
1029691225
1433783186
661842039
2100141592
4173331781
3699359886
3878469955
1911220340
351890417
4233029450
3598491855
1085737616
1068126045
3614669766
178098971
2958663788
1428001673
2210626050
2111136807
832964104
1119282293
2446761470
1489018867
3763820388
3122572833
2923586490
173970047
2209116288
1630411917
412485430
3135064011
2864967004
3936033721
1813415026
1696959447
3233294840
1130649509
4131034990
2737236643
3027976788
3237821521
2531703850
4175671343
2423460464
4231656893
3865652902
708634747
500512332
3304812521
490072802
3883818887
1875053032
1520129749
4183993566
3702169939
4062554436
3575125633
2648895642
4018600415
1481240672
1795218157
662958614
946304299
2268887868
2199577
1940434258
29024055
1474667992
686744069
1422253646
3663119363
3437595700
2394045617
815661322
2256760719
405801552
1618332701
3292352902
1539829211
2355674156
1018199113
2310392770
1400244967
1442774472
3216111925
4221250494
3757462195
2550786852
2731454177
2990468474
1356075327
1222926400
407619917
380390646
1367954059
3934845212
3490395257
660882994
3473597079
4205711800
3505888357
2329515310
1343507811
3064055316
321940753
3953964522
2352209647
2397434416
2264257149
1520952422
3449201467
1720463884
4099193001
846929058
1771333191
2052186536
3750939541
3107461790
1543222291
2340166916
1582987073
2072926810
3508394143
2859712544
2309416877
499587030
714792939
3173082876
4168091865
511790866
3404568055
2634640792
1863747269
3341663246
3015149251
1764225012
2945437041
1179310794
3268214351
1737280016
374474973
2942363462
436275355
2461505516
1879057673
1555946882
4256264615
2931013000
869649909
4008802686
907199859
2180267748
248737697
3859363642
3208400895
2381320192
1806317069
2425115318
1408507211
1669186780
1667763513
3426207730
523958615
1861204344
1122214181
3564786414
2694344739
3622832596
2431147473
447770538
2401684911
3508310512
1092775741
3827325478
1197415931
1935863244
2143994217
699797090
262483207
18643304
1108541525
4118759518
1066632915
753553604
2270271489
971473946
369588063
3226554336
4142773357
3736337814
3387755179
3189117628
1191920025
2143269074
566955191
3696817496
2549541765
427252174
2651785603
4067562420
2958171697
2668983434
35212559
3062712784
3321824669
916339974
3356025691
3875943340
1070370249
2526785346
3410466919
3146001736
2615304885
3248064318
903215155
970347172
1726804065
459358458
2086096575
3398401984
4027146957
2482378870
4108167179
694309020
628205049
1683032498
1417007127
2369593656
3320341989
2564608174
527651555
2753957268
3538226833
1706158442
3632036975
3201757616
4018129917
9605094
2052479163
1209624972
404589097
2091302946
2289087431
1675809064
3738957077
3824694814
3258063251
1378894980
415070401
2326687194
1157879327
4053966752
2811576621
1477092182
2837312875
2111471228
3434297945
2166608530
1695761271
1704213784
810553413
4049778574
2216512579
3565418356
2310614769
1555942986
2066242511
1290897808
2487009885
3082113734
2829024795
1830063980
3168122505
2433696002
3405283111
3157288200
3029841781
2303939838
2046814963
460334692
3554357537
3825666746
1860504959
914534272
4197011341
4004093494
654701259
267820124
1458044601
3111127922
763061975
2237024504
1187375781
1572933230
392492451
1728303444
837189457
3463521066
4277463855
2144670064
382593213
3988686246
154948475
2825889100
772608745
1695363554
1119287943
3261393128
3534596565
2053301214
3734465619
923662404
2606635393
3752007578
2765288671
1445441376
1348308461
931858710
451780651
2955848252
707261209
3429741650
3011918391
1216038104
2229400837
3031422286
279072515
991796020
4102356913
1627645962
616180367
846825808
1707818781
1348872326
3196377307
3366103852
3084623689
1708692162
3414435303
2960678088
4206218293
467591870
1565564339
1115798052
1046360545
2444924026
1034259519
3381239616
2664037453
778494966
2636971403
2868553756
4169865081
1431620914
688635287
1190867128
1916546917
1759972398
2469222499
743003412
3333206033
380509418
1498421743
4225167664
4224501117
2841918310
1456541243
405119244
4065942441
3702088610
1832386887
4234330280
4199030421
1853837726
1334017811
3611520004
1475574337
1787134298
1010095007
3315629856
1711708845
3941936854
840698603
3369244156
3223940057
3411891730
3957584119
1422789784
2725026245
2300490510
2925400515
301924084
1769312369
1302839754
3046029647
786778384
3748297693
3731930694
3430478747
1567655660
3248375817
4005012610
1537903783
1478235272
2868682997
251408510
4203221107
2328563172
1328935585
909893178
1331219199
996429568
2997577997
2699946422
3390228555
1311667164
3407540281
2176798450
2246497367
2179717240
3037410341
3222194670
1569487651
3216414932
1777836241
3223901866
4266526895
3667693808
2738643517
4047745318
2245298427
3673906380
1438803049
2637911394
4138977287
2979813480
4067119957
906854238
2411090387
4002455492
1463655169
487959322
3521737311
3620540128
491808621
2684949654
3244897707
4219879868
2943853721
2813507538
2901174199
441226328
1437597317
1416581326
2282787971
82322100
558555441
2221497226
2758150159
3388262608
1708816541
4287960070
1429982811
1329472172
719171785
3312219714
3391861607
853249096
3257677237
3094036030
744899379
2416714148
1864528737
2739595258
3401501119
64143040
3398276557
1409199990
3765916427
223477660
1331136761
1215271090
1120709399
2783461432
1005779173
687359918
21126627
2903219348
3028767121
211898474
3299784559
2212884656
3520904957
1125967590
2030486459
4105230476
151530793
545457954
2380943047
1104261160
399984661
114126110
3656377491
4172649348
1643936705
2836632794
3971010847
3832372896
1794831405
1149680214
1536499819
1007267196
3637681497
1261296018
