1790370775
2317984248
1811378085
4181905262
2296496803
3909630548
3472217169
823555114
3365931055
3222506096
254807485
1115186854
1599258747
2617323084
3926329321
1969005282
3334846343
3413279208
2756996821
3478709470
1283160403
3989872964
4086738561
1927325850
3485028831
1642621024
3286037229
3024169494
978537771
2957407036
1181952025
1616733522
3684151
3444776408
1968044549
1898583630
2981993475
3475932212
4147565745
736737546
1823197071
1934393936
280486941
1697155462
3087648219
2412819500
231216201
1719174082
380199655
1286239688
1345786165
2985124798
1551051443
3228623652
4007216865
2673386874
2456971583
1291769920
2440290637
2403697910
4120980107
3620663580
4117286009
800390706
1551121047
3122104760
1193456741
244960558
254223715
78036500
1010894097
1981050346
3737663215
1937664560
2592336509
1315904614
117734203
758131212
2541244585
2178536610
649313863
704207272
1021567893
501633694
1529121811
3734967556
3186691905
784601690
1244147871
2265593888
1763377069
272388054
2799613931
748904188
2732171481
2960000786
2101538295
1148118424
353214149
4846606
