1024298467
1534921876
3001680273
2042904682
2870273903
2654363824
613576445
175560422
3728208827
1632651404
62971177
2718168866
4044783303
2519736360
4047697941
694508830
2504463507
3913483140
3821743041
3400697050
1700987167
3029978784
2715591725
706521686
835866731
776281468
3296152921
279628178
2488782455
2926660632
1854133061
3300236942
3596420931
2839705204
2768216561
203662666
4127082191
3094378640
4092126557
2489653702
1440127259
3500338796
3421145481
1009776642
1670105639
2123183112
3301456501
2063334398
1092249075
3351930212
2961859617
3795755450
1021425791
192503424
728380045
1952916790
2758790603
4271422300
343773625
1301971570
1041068503
2686638072
455290277
3660543342
1963602083
3236548692
1294889553
2531949098
80238127
2066972784
1372818365
385469606
2928209531
3054863436
3176359401
3417401570
1173865863
2425436136
2842143957
3389459166
544696147
1349498692
2121190529
2311990938
3006078943
819846752
2572677357
1521750038
3956079403
751323452
978257433
184265554
2418394423
2700563416
3894982661
4227447886
2959936003
1642797620
881750705
2689646346
