3382973771
2990365916
2444412217
3813875698
3366875479
3281834360
3745372453
794766062
2219272227
1453498836
9049553
758564778
2668185007
2473372144
1623435069
866136614
1491932667
543720908
1537440105
2768725602
1406575879
3849294184
1306212437
3438944350
987791059
3533891780
1447120897
929291290
409464671
117925856
1941761133
1032443286
3872981675
1927391932
1811020185
1153894610
2822407351
3520204120
2796364677
3943182798
276431235
2561715124
3926906417
487050378
2390213903
858350032
2742828445
3528070406
1070783323
2904017836
692143561
3940091714
460656743
2745386312
554080949
1790992190
1591668787
437971620
4143491169
256481530
171165375
2391906240
297048781
4193775734
4144341003
1782179996
787766777
3980681650
3588311063
2843883832
351968741
1461299374
513428195
1475388820
2227095185
621822314
3210146927
1002375600
416875517
510289894
375148731
3442934156
2100183593
1070602274
2191141831
1439557928
727461141
1422593566
2532774291
3540049028
2548379841
3405956570
3160165919
4176525216
2082240813
2067299158
3464621419
1891505788
2832331353
3825412754
4286233463
782587160
2378057797
306941838
234898499
2077921140
1638852337
864560714
2592003023
270901648
2540829277
2377722566
652310043
1463691116
193097353
1495570690
220067623
3186064648
376696693
3084004606
2021712627
2731327076
1881073953
3334955706
767133055
1193068416
2408351629
2231596598
2913331915
3672519772
4087527097
205218674
4276018903
2167628024
2156929701
1465247342
704900515
3890637140
3724031825
2460449578
885482287
3478464880
2178883773
2985188774
666520443
2644852044
3562392297
3356396002
1792569991
3655860456
2548425173
1552792542
2228511827
720801860
2193478017
3134156698
153316575
906872672
3030173165
4145078550
1086953515
2032812604
1971235609
623184978
3655709239
4247018712
1762143493
4243631438
2851948291
2072785716
582137777
3903209482
1325965967
1413849424
3333977885
952238214
993972443
1860453164
599807817
4190497474
2007080423
3821499592
1900676149
2813704894
692688307
150360612
2665081313
3142773882
2775712831
1052489536
3756340301
3440950262
2688873867
2550284316
3766341497
3388482866
3261543831
980437176
3468584805
1976820782
2974044259
306441492
620128273
935097578
1444581871
904857904
3767926141
3958117222
4022797883
359872780
2446988201
931314594
995195207
1367201960
1882740373
2583832990
3208148755
3594781700
1602957889
948558170
92097439
2518587168
2449330861
517146326
1349518059
4293275132
850928601
1911336466
372992247
219096216
1162531269
3501689614
1328613827
2206570228
2782611569
3726776778
1658138959
3343474960
3591353309
2971964998
1068166043
1472863980
45809673
2793208962
3921675431
3573755016
1850267893
3492481150
2348353651
676832740
736733857
4272698938
3625796351
758015744
3615400205
536330678
1101185099
4115532764
3058018361
1882892018
1597656151
2230907000
1816488997
3092488686
2132505379
2731094228
846813393
2517577386
974160047
390899952
968727101
2317584678
2437054715
2019620044
2793086057
1206693218
3804577799
1548709992
1360235349
2196264798
3236121043
2427008964
923620097
905052954
2016012895
2967676640
1224712045
540994710
3493146027
951179708
20864153
4095348690
1396432823
3995446360
4014356101
1935681742
677088387
1065794228
602446129
1975235466
1285849103
4042318032
708292765
2493574150
3068511835
900709036
4180830409
4178169410
2990091111
291152968
170945973
2264012350
2068790067
2628827556
2148412257
1653817338
3967500735
2318718656
186174925
2338359158
3296676619
109680540
4122624249
146991282
3558351639
3498924088
2246389989
3834978222
508122595
624309396
2671839633
4016023658
3077123951
3677227184
1377171197
173326054
4008491963
3392041100
3271091497
1930190626
267634375
1511835688
2536996885
1291863326
3298090131
3588631428
3523490753
1690823898
3890825503
3726341792
3462540333
3910439510
1389959275
390940028
3251721561
2506961298
4020704887
4029150232
4089076549
2326431374
540856131
458202740
2509941233
3509783882
1127648975
419176592
3891293533
1089929670
3819921691
3964999276
400986505
1261199362
3754758695
3633175560
29409909
3788170238
2450271731
3250687332
3288820769
2026375610
3377201279
2374960768
3480468109
3709013302
463115723
2675237724
3751516601
1565583986
3753949655
1290633208
140359077
2153274734
3649960099
3846895700
3289217617
1164829226
1692704303
2840799344
2925466557
2856301734
2877666939
3466308684
1477668329
4070691042
832376199
1789255656
1600402645
3993629406
3305975635
3787120452
3106919553
919312026
2608555999
898074208
3605362925
655620118
723239723
1333293372
355536409
4289074002
171773239
584448984
2674343941
2086052942
3784626691
1117798964
3014752945
3527943946
1028349327
1194008656
4093241885
3555121030
3368532955
528101932
798456393
3064246722
1094432999
710726600
3518617397
3061150142
720363699
3007979812
3767889121
2466943866
357531455
788330048
961505101
2731496182
4189364363
1406136092
1957278329
4154764338
15995031
3923339192
2691627621
3512556334
3148438371
4006050836
3114183441
1509546986
2571291887
1769736240
2472079485
1738828390
701329723
157853708
2525673129
3228369570
1988170823
1839904680
2254023061
465920158
2097955347
2951172868
894448961
3720151130
2577417887
2397525536
3611919789
1207770582
1807560171
1425235196
1545438937
2625942802
2176697335
1441776536
4279035077
1847886350
3609433283
2704844276
4142730097
448463050
4053986383
1128128528
4078184157
724593990
686741147
853478892
3506774793
355648386
1699028903
3330771848
3067849717
2595340158
1622823795
1292530916
2121805217
3273317690
927317503
641639936
493605901
710236342
3515706187
2002434780
1973717817
561917426
1987192663
1460735864
3134783269
3714324718
2405137955
225165268
1488231377
2932053418
1799601071
3278415856
96701757
4382758
2357455867
3193267148
1864286057
2519594082
3445611271
48975720
2832719445
1274187358
1733432531
4230710980
1327846913
1264331290
2836915551
2180703712
72241773
2039481238
3883751595
1534986428
3075915673
2512983762
4108925623
422923096
3748350341
1171529678
732501891
3805858228
2551012401
206281354
3606919951
2499043280
1241457565
3834888966
2263134555
1245948332
1290767305
9868610
2594784871
751698760
2917548213
3829386558
237733427
717392036
107982433
3669550842
1441709247
3943962048
277414093
2170887798
3588552203
500516508
1665934329
3835522994
1056636439
72644408
2220606437
1781307054
3747897571
3438789524
974081169
2240483178
2980538991
517539760
3395217917
4057667046
3060344507
4045528972
2458880041
3986990626
3841548743
2317854504
597611285
3025239070
3198068627
1111980676
3480172225
828969946
1352811551
1719809440
1387519789
2844567894
823935851
1457026172
127711321
3576903826
3263132023
3160838936
3443682885
2837806478
3387251267
1933618548
2412932337
3367629898
605702607
2215550864
494592093
1573968070
627657755
1231553900
3021386889
3532662530
4029164839
2632989448
1939445109
2833226494
3456334067
2821872740
2705059617
1805955258
1477081983
3040691584
1734798733
1975428150
4185604299
452956764
2120252601
180515186
424580311
560176888
3921103013
4252423278
4135846819
2032895828
3060710737
3759163690
53336367
2743936880
1709901501
2049772454
1245520251
1703811916
1906118889
9508834
739092615
589283048
326010837
1252141534
2108815955
3187355204
1055774593
27508122
3607061215
1413301600
2000301037
2243104534
2606362155
4207059004
3987697945
75700818
155215927
1329830616
357716741
4258831182
1553489155
2117095732
2533113265
835063306
3485079695
407674704
1380408605
3030888070
121415387
3557564716
3610942793
2766108866
880923623
380515016
2226498101
3192989886
4211223475
3776573476
933031905
3349035642
3831036479
2088383808
918919757
2502027766
4010822539
43621916
3349255545
497890098
2217536407
2650703544
2544602469
3707949614
3749340771
499583764
3868388881
2148745962
3063351279
960825136
489153405
2532884838
2864700475
2673481484
1023891881
3367192994
3512512327
2912130728
1426521237
3299121054
1598819603
1795596804
3865131073
3989579610
1122976159
585897248
3869325485
2076390614
955668715
3137113084
3394169305
2373499922
2817269495
2710332056
3294296005
1772976398
1317150659
4016551156
642436721
3912230858
2426185551
426663696
2367986141
3336062022
4011770267
1307573484
1192969737
1363446402
4134943399
1506273928
502955765
3126097534
2951192179
2973320164
1918021793
6652986
1637497087
4169852160
1399129869
760147894
694425163
677603804
4291784249
1730000114
3193307735
702885496
4210594341
244355054
1694992675
2257211092
2738609873
3881041066
3802330799
2277549808
4107632701
100546342
4205926139
3796226764
3851313769
4291509090
3282466311
3376623208
2234003797
2551760222
3727482835
86627780
3465107713
3886174490
1529995359
1783538912
3584623981
3111983766
3702621099
3410376636
3191546521
2580815314
1027773879
1124133464
2803653765
3529774798
3395461763
1923537076
1987977009
1354203530
3716281871
255057616
852661917
841128454
1607441499
3671300268
1417195209
1904172098
2227528039
3858588232
1009259445
4071195710
3346256179
3025164196
3122475361
3887762938
4136515519
2704233664
1376072653
1275442550
3677790475
2686252444
2812937977
4040423090
3330922775
886543928
1079924453
1474301358
300641251
1060459156
2234093457
1469216362
1578214767
4139779760
2981354749
1157459174
483496379
839995020
468855593
530115874
2980773063
3589178920
9578005
4206801694
890532499
136628612
3223730625
2699442906
2793881375
2183460000
957452845
748732502
424373867
526361468
2855541593
324353938
671337591
2204185112
1247183173
3720115342
3136939331
1940765812
2153132017
2317146954
3978953935
1096621712
1745965917
1413918662
2618242843
1584854124
269670281
1599073794
3996076071
4212038152
2617141365
2098221566
3697722355
1176447844
935096865
257775546
2314532479
2921825408
2271617165
3204856630
4148685771
1032208732
4294008761
2224027762
1535668183
4002790904
1419565989
1051806574
820383395
2475169364
3843817553
3532566570
3215135791
2919442032
3632462269
2444649126
3017837691
1383893580
1358083049
1641832162
170541959
4082474472
3825523413
3797311710
1589822803
2948037956
1140316801
2337793178
1806654943
2184119392
3315261165
2196645398
1099176235
1795739452
788124697
2747015506
2263860023
1919760856
4207502853
4051079758
3406292995
507273268
4237492401
1998583050
3059012495
3081379408
295751709
1258587526
2795344347
2090471468
1252638793
880164802
24375015
2562429384
3124591925
793305022
1233155763
2187706148
3555750625
3373130106
3264116031
389248064
138923341
336625910
811071115
2489273628
157644921
2886842930
4229023383
1189062072
3832815717
147081518
3434574179
2403506708
3688050961
436775402
1578582767
2504656432
2919421565
3924367462
580798267
3343353356
3041918121
3226833058
4226042439
20477352
205541269
77581982
368564243
4154585348
2730376001
3635891802
2976529567
1110234144
4026854317
707087318
1746633707
570538748
2907458777
3033056018
952531447
3756327320
3308587717
861040654
1699523267
1578288116
1676972401
3112226506
4022493775
970645008
3561032925
4095482694
1111141531
2566712300
2499635465
3400683906
1297307047
2126793096
3550826997
2668834174
696314227
1155797732
930689953
646720314
119190527
2484282368
2842311181
2565113526
4180066635
4167571676
2227589433
2971220978
3873824087
3983887736
1554261285
3151562478
2954859555
4263828948
1108287953
2948621226
1345204655
1414833648
921924413
190156326
2345320955
3560063436
969540969
4106519138
1972965639
2673282408
369394773
3613064286
3581127379
2611225796
3845741569
2059696154
1048042335
1507746784
3977230445
1342583190
1607577259
2013947580
1173063065
1882924242
3695702199
1535674712
1985572741
2299530702
3028823427
3740329908
4013613617
3003082890
271757583
1336892880
347212189
3981275398
4054222683
3613362092
1070453193
3150193474
546143335
753451336
3841320629
573520702
1462246451
693773988
3407262817
4187501818
2119807679
2626065344
4287456973
1531071606
2222214155
2103485596
4073974265
2640739762
449098775
1377219896
3924617701
498042030
1709078243
1810817428
2962215569
3581271402
1822941295
1390609840
940888061
1941685222
3525704891
2096938380
2401291817
2028549154
638097351
762406184
1578203413
2420632094
3623239059
394139780
3559472321
591356378
2576890399
553890720
2977645869
3796948822
3144063339
1625477756
3650584153
3218294418
3493078903
890753304
2599851077
2557438862
2742710339
211209076
2535846641
2237383242
1315291087
1088920976
4155754077
2488829638
4154532379
461497196
1541077641
1634448642
2313315111
3806918920
2867805045
3462203646
1832259315
2340944484
3079206177
3555851962
252408191
1749926784
1601262477
686412342
3305150155
4144558172
2488156857
985235314
1450068695
2760105208
2030988965
3020407406
951327139
610313556
2148877137
2364086058
1245990703
3098879344
908520637
1625012646
2557474683
2238118220
638867177
2256774626
2079514247
3410459880
19344853
623286238
406818899
2800733252
4165852545
1139280794
160127199
2942092128
4060582381
2395290902
3449439275
2420833852
152057625
1297164370
860560951
2085804248
2144106757
3341846862
3705893635
314863412
343262129
307616778
2702937743
356752720
1644577565
117267590
1458207963
153354028
3118785353
3580430018
1477577191
2693066952
2723237941
2036111038
3328885171
2267909668
3851417057
123308154
1609560127
4012421952
3721789517
2409306102
1837867403
4179688476
1777687417
315769138
413311383
3564946616
3066606437
3298934830
861961315
859449620
3378476049
2547650794
1069776367
1837827376
1978255741
3497357158
1097380411
1899033868
795123625
391370658
2786583879
1486443688
3691356821
1270285726
1359979283
1169768452
2590457409
243168602
2500933535
3702100768
594845357
3273876182
2838277867
2047011324
890613721
2188691986
3830240503
16359576
832249285
991127310
3414373827
3711554292
3756676209
4222465482
3205766479
2491637008
4167663581
586936902
3527579547
67492588
3937111049
4051441794
433877159
628926600
131867893
3102598270
2105947251
4161462756
4260083361
2777600570
3620155135
3906429696
1333488909
3709214134
4040518731
3613968348
881407033
1869660914
2686564439
2445372536
266057765
1430093294
547594019
1681616084
1697539281
2013842090
1675979951
421831920
4229785149
2152260902
4023397627
2216341708
2614208617
3843672418
2469899271
1965485160
2339166037
2042180446
4247156179
2946134980
3275054849
1958911770
48879199
1084891872
2055367533
2905294998
551410091
1372231100
2120738969
2298358738
2180598711
1389111384
2099413637
3654812878
2585376899
397866676
843294001
2737000330
521104399
1181146320
530414749
2249476102
3966333531
803698348
1055847625
1332013634
503420775
4052754504
3629103541
3805344318
1833461555
2044720548
1767651169
2152848378
2639343039
3441021632
1226938829
521855862
2174613259
2778747804
1959382265
1515521202
3953889047
1276236856
2970057957
731577262
2336063971
1126461588
3963753873
1865761898
2372541295
591529136
2374091517
3994426086
2254858171
3252956300
471560489
1771404066
4061278919
2159035432
1813826581
3840745758
1464076435
1616078724
997736385
678725850
3654628639
857633440
3958437933
983363158
3345859691
190972284
3318145369
1252871570
1796244087
3247075352
4012025669
1228825230
862387011
771480180
71415281
712419658
4157438671
1924013200
4234295645
2382781894
3894349083
1888014956
3345948041
1222867970
1933671975
1149196296
3496742517
214286334
812734963
1751959908
1352759329
694330810
2538466431
3551527552
529041037
594110774
312820171
931635036
1802970553
2638153330
3120571863
858651640
2265711013
3447339374
3186500771
464860244
3076163153
2132770346
1393658415
3013813360
2933317565
1469911206
2817221243
3998050380
553777641
3733384418
828864903
2599771112
2597683413
2199047902
1512594259
2477005636
2347753601
2605986458
1620267999
3418784352
746603757
423121942
4020006699
1518939452
2884803097
1900162898
3193076023
1559525336
3562769413
4010180686
1110113795
1271430708
245663409
1936179978
1074678159
555293776
1937225245
1485976454
3357763547
1772744236
1424754249
4156018114
3898352871
503992264
1827742517
210521534
566299827
3748748580
2625337569
4068552570
1820158783
4099535424
3882890061
2009181942
1454066827
551463708
424754809
3253651506
2313125015
919987128
1051280997
2157655854
3279259491
4188911636
3744970513
1770485738
194754799
2986869808
2765929597
3130902118
3072269627
2367054860
3678749353
1034821282
2146926663
2746626984
4099339669
166345886
3230887443
1162645252
4250681665
4280392794
2648978079
3798094368
2968539565
3065870806
2888423915
3003128060
2443907801
1719456018
1518284791
4106895256
965554373
4042284558
824557763
1557979636
3391887217
532061386
2928793679
426236944
698217181
3279407430
1328972443
2131413484
2015735561
899800962
202476455
1039206280
3936286709
2011470718
1542946675
3131945188
4121573793
3983374650
2208279039
3872891392
1972936717
1776530614
3228571467
3043325660
1058543417
304368114
2584318807
113871736
1151290149
1253962990
1720953379
2832071636
1016702929
2955751850
3452479407
3325076464
1951619389
3570940966
3603011579
3791593420
1000688489
1087049826
3431089927
984796008
358689365
4013124190
88424659
822919876
2558353921
1167902234
1485295967
246538720
2919308909
1089232790
3486909611
1216791740
2544913305
1411199698
3730220727
416008024
3950482821
884734926
722944899
217646516
1872259121
2435004042
3122145039
3814349776
2207575965
1819746054
1596763
3563808172
2178684873
2623648066
757183079
603160392
1177914549
2760812862
3117724211
2514601124
3303914081
3957818106
57977023
585699776
1589759181
126843510
2192810507
148636316
1569435641
2543815602
3913181719
315159352
3316518885
4053955246
839421155
3033923476
1749047441
2496703338
1884837487
1474102192
3791304189
604795366
3918713531
4039613324
4074902569
1637728802
3318205895
3215663912
1521753877
1756256286
1660801939
3534009988
638796481
545632218
389951519
2826252704
410168109
2776958294
3982552939
249376892
2663531609
602100882
2828590455
414781208
1994046021
1613322638
448759363
3353143668
4155078897
3916271690
2573284815
3333462928
2786896989
2974823622
495515675
1301004652
2194620553
2243379970
1514969383
265402120
1014292853
2823452414
3591939315
3436025956
856029985
2142194874
3535562623
3763224960
4155226509
512032822
2419453131
4009905756
3043756217
471895410
910033111
2324962040
2929038501
4211650670
1888759715
1770373972
3136014673
422700330
2315961647
2395808624
1922224829
3858392998
2454900091
2100287308
1908120809
3655742434
3666351239
1381972712
3775910869
1813710302
3564971603
1708419652
786293633
27023770
549932767
3345760608
2768566253
2454154006
1468701227
3116588092
1201732889
2140091986
3624260663
72488664
678862597
3640162126
2866710787
3108539700
455035313
173386250
1127023759
3408567120
1979001117
2948795014
2856866523
2385239340
1270819145
191009986
1649557479
21737160
1243412021
1490551998
193157043
2066820132
682818529
4203009658
2553734719
382153024
1427531341
1015301622
2612459403
4221065756
1199120761
694636338
4291319703
1575682744
2887113061
2897260078
754356835
3533522708
1297873425
4279295722
1906308079
1388380976
1792782205
409083238
868321339
184013580
3908167081
2741265826
964893511
3532591784
2234796181
2939777950
344144147
3864780292
4221387841
446743386
2078485919
1129779488
3363308717
1962119382
554894571
3170453500
4077680089
3504396306
1264421623
2874597016
218842053
3303625998
1177832387
3439063284
1387911793
2509997002
1849398095
3095943952
2547934685
1167040582
1763077531
4195072236
1835782665
119776898
3555894951
3089196680
2884487925
1274499710
1960102515
2093776868
1320467617
1848123450
3131319551
2115232000
1270993677
2941078454
402047563
2187208156
3564304953
154390770
2224909911
1015917176
720297509
207252462
837793059
3151792852
4166052561
3358431402
1037558447
1266197232
3482668093
2030277414
4036952827
3722415820
1229254249
2010666850
3514360327
3757746792
3823205717
2815009118
2647657427
268112324
2500945153
1565715738
4015115359
3019219168
3079393645
2068412054
481963947
1279194044
3250892441
1100495314
2707423671
2642896472
4049119365
163312334
394317443
2931233972
3610848049
3976142218
2437734927
378133200
1889034909
276166150
3702736987
3035321516
949304009
314210370
4260220263
3021135432
1588027317
3613941822
3972857139
1834980260
231423329
2891524602
1623466943
2381598912
1886257101
2225082742
934628619
2534650268
3709440761
3309703858
3279766807
2520519224
1474339557
3754289582
171939811
2969800340
1418369937
3058176618
3312619887
3769893552
1702865149
2241775846
2880126395
4188473996
1131722537
3506571554
1361668295
3663856168
1507291669
2341179166
2871238291
1584530820
3287958977
2071123674
30616351
1896345760
1728077357
2466847830
3711965803
1532256124
2492049241
3145030546
952973431
715370008
1646185797
1295011982
159650115
3392796788
2707241969
843085642
3810586831
753867408
618864477
1849035718
1205789467
2726998124
3187368841
2280065538
4009997351
887100936
520729717
283848190
237760499
2829739876
2394324513
1188557754
1901519487
2116583552
400223373
2319226678
3987904459
226032988
2720852921
660477042
2066209751
2595633656
531310501
2897422190
10893987
4258419284
3133738065
3407891498
2670723119
976429680
2975516093
2079571622
128333947
571360844
1212235753
3902896866
659861383
3783596520
64366293
1346321630
926806355
226539844
286779009
3871375514
4196878815
2454585440
2341841645
1777500694
3043280171
2650377020
203120665
3895999826
811937591
1651226072
2887627269
4110839374
3338540035
1262787636
1776684209
1193251082
1517797263
58202704
2575211549
2089804166
2908306907
1722403884
3462286409
2154388418
1978948327
977866184
1775552821
3460283326
867279539
1248656164
3124133601
2405727610
2468110655
1181773888
1455987021
1306713334
3970867851
2035157276
611124345
3107706418
710750871
968630712
789474405
3101828398
535010659
2919814676
1137458449
3363194346
567291631
1068892720
4159087229
1505916006
1733292859
3671409164
2288683177
3094785186
2193274439
3575902632
3198000021
2879695518
4242474003
417803524
3307882305
3506170458
3742247071
4018655264
2584459181
1841670102
3085447147
2280552188
2302269657
832626450
1726473719
345996696
3692385989
654199822
3132020419
496435188
2845023601
3445385930
2920369743
1642387984
1932187869
423851846
3487717531
1695066092
4202558729
3590417794
562020775
2215495048
2076745205
2770733438
2015237491
778522340
957038497
2545862458
752132095
2659983360
32966157
491971254
2808704331
777180380
614063417
3298777074
266160471
588106104
4073353509
169009902
850903075
2372344276
3360959953
805961642
1678974383
2566693360
1038303037
3704285734
3983044091
1740373452
4105212265
4198604386
1377533191
1425967464
653119573
326883422
1992742611
1013276868
3908134913
736433178
2001192799
544563168
3340928109
3426913686
3079297707
1291002556
749015449
3245293778
2064997559
3506373976
3200629637
3369593294
257317251
3975226292
2569399857
649528458
1420664079
3488963024
380097949
3792751878
842675035
3244770220
2467978697
577716034
1080420455
2448309576
1369780917
3948812094
3056683059
4032389796
1945419873
833016058
1698668223
4265316288
2921738957
105687158
1352857611
1078419612
594769401
1397266866
711467031
3328913720
2543793637
1711628462
3286409955
665656724
3777027729
1134262634
1018743919
2915500464
1209048061
2194481126
2091886779
3431102860
1037261353
667045922
1144456135
3235176744
2575746325
3179595294
3753208211
4089140356
1160595649
2839281114
1234445855
2094444448
127537453
1932079958
1191921003
3771174524
3609004633
2170774162
3417150327
3880406296
3773751365
2152941454
2947849283
622004084
828178161
1961844298
2232200143
2506725776
2830471773
884466374
388025883
1602592620
2834531977
3211972866
3781611303
2745857288
2821359477
3064456446
2292923123
3959633508
2477981985
4007434938
589127039
2638135168
2954239885
3599773238
3675996875
2196483164
1639567033
787979122
951957207
1402231032
172800677
1383702126
505693603
3365593428
3874639697
82490154
1115765551
2782208368
2603530429
2307462566
3085280123
3437802828
3566396137
2058928610
3352119943
946272488
858290645
2675930078
845855827
2057898052
1654516097
3133187994
2628994271
476823392
271736301
272210198
3106598955
4146838076
694272793
457000018
2003864119
1732334808
2404435205
3006293326
1183424259
4055673652
720949169
2579855370
904821391
3120666960
236195613
788052102
2169907419
3810769708
214527817
3335267010
3544348135
3103943880
4229471285
3703796414
1246490035
1025821220
2164654561
555754618
221109311
1934995264
478596173
467497974
4187114891
2315237404
3761039225
3781975346
3114143127
3125362872
4153605989
355441710
1279043683
2079352084
4069031953
901229802
3425462767
1759969584
2080216445
4005481318
30039611
3970871564
3920571305
3974427554
194924871
2608124072
3499290261
1865146782
698797843
3438181380
2315471425
2452820314
2003116959
3606351648
1437297325
288603862
547969771
64988668
2217950169
4173129234
1562263799
547626136
3601557957
2268021518
1049977283
1051594484
4273561713
922309066
504564047
92100880
3951250397
2928889414
865747867
2952894188
1331435529
305869954
2763578535
2444633224
2318364917
4084252798
366174323
3212713444
3836592801
3660672570
2318473983
943742720
3359127821
603224502
516429899
2839774172
1603059769
3026640626
3955827799
2856970360
3425829925
3018283502
418106147
225290452
3701698769
1472358058
4034549935
2663162096
4013765181
1882079526
2099108091
1871998156
1843934313
939976034
4268365831
2310957160
243671893
2722762590
1076470227
2789978052
3290262273
559102746
2691285599
1144069856
214251373
2748818582
1346799019
983781820
139555993
1134708690
460765111
2738005080
2210320005
3792691406
3264734339
3081188020
3848188209
2924145546
3023722511
4288469200
2781038749
1363649542
2964135515
3923718828
3245048009
998245954
2760508263
2911214664
1328481717
1349504574
3321991987
248459684
661275489
3956307962
3236370879
1673449152
1206543821
4237639542
2105320203
4101443484
1620662521
2980520114
3456039703
2471907384
3035220197
4099987374
250719715
148024468
1040392593
2898976874
2250966895
2937454768
3115159293
2341959398
211817403
1499064460
301858089
3588134690
1324392135
1661190184
1237456917
1855585566
2964534419
2189468548
3651947457
434185434
2659262751
3152113312
708822061
3051702870
3670175851
2402729340
2524736857
3853347218
289009271
1051520024
592114501
1771191950
3176212291
3362264692
3618161137
561661258
790914767
4028635280
1637090653
1960163782
995014939
1954319980
1941416329
2623182850
3782601255
1278268424
131553909
159423486
4120282611
2262304100
1912308769
3887940026
2551175295
764477056
4032647821
1937753398
141553099
1062886236
605204921
2733449842
520065495
2771286008
2658815397
1549538670
2030981283
3118428244
1869058641
915479082
603878959
3249741936
1611574205
2126146726
1393626747
1841243212
1185973737
2885858
1811015047
1191499752
2668022997
3386616542
1979942739
2639091524
1399843969
3986476698
3094036447
1439006304
1658523885
4112298006
316480299
3042568508
3480495641
2292075346
1562895671
47379416
34592773
2205572174
3649120771
2628827700
2388103857
1917280010
2240886159
3737589840
62226973
922587014
3594458075
4086934060
922784329
1317726658
708612327
1836567496
820539189
4100139454
4283578547
1129879844
2904655073
532138874
3060487999
2373381696
3595632461
376703734
1919023243
497903388
2864237177
301524018
1569384599
3482476472
899912293
832115502
1644278627
743699476
2307965713
3067417578
548709615
3193176112
656443517
1196892774
3006318907
813965324
1019203241
2964273826
2217602119
360820648
3943973269
1775179934
1255840275
4067543812
2049461569
3460708442
4108852895
3919400480
727129517
3476936150
190219755
550294780
335060697
2520050962
3724581879
3211049880
751664325
1434204686
2179460291
541138420
2183865201
1114781898
1849738319
2471614480
820494045
1971266886
1144925851
3405153772
2617654025
735116162
228456359
3508175752
119686133
2799138686
4260670323
537980132
2174502305
2776634682
2193200639
993041920
3464850445
858919094
772981579
3811586780
3041633081
1217029618
3361800023
3259107192
3878000421
2044186862
2492192291
737163220
1698608081
2941701546
2467140527
1287167984
329459005
2737674278
1337934843
3848854476
3840661353
2703764578
2254746375
1849313128
3400169045
3291760222
2851630291
1034813124
1452633601
2912772634
448249183
254336480
3094604397
1913174934
2532225195
89096380
2227820441
942755538
847516343
69354328
1883496837
3311654862
3779424131
4275650996
3957552177
4089107082
1609765647
2508216272
1307229085
3457841926
135006555
508764588
4085818313
3454848322
3663339111
4141415240
2269436085
1990034750
3426606643
3099656356
1479263841
1255546618
599430335
2927496640
1840945357
3615086198
1849839115
2745351836
3297459193
1348577202
1581372951
3976032056
3753925605
4208479918
2607593699
1148468116
2603705489
1641432938
1372144239
3567321008
3931537917
268291558
192708283
2418890636
4025786409
1263984162
559299015
2968428328
2592697109
248198174
3458006931
4207014532
2977386177
1029852122
2962889759
505949600
4277237549
3409797462
1214618475
1453452412
44552281
1481863314
3111274871
550210328
1496516165
2028811662
3797529155
2755208564
3292562673
2816552010
2439520719
756193168
2138994781
2660208838
1684579355
3513744748
1313328265
2392743682
2670789927
510866184
1846553973
2037732094
82694387
1764283492
1502611233
2709121210
2150519679
522141056
145786253
3507182646
632330443
851774044
423072953
4080970098
3723324631
2139395832
204726437
979012718
3244579747
3248488276
2217268561
3490939178
4087853359
2110594928
804953789
3414672294
2301131131
4103181132
3466209513
3908784098
3284304007
4250842856
2003902421
1062461918
2986889811
1701684804
328068993
4015322522
4249828063
777731424
3012543469
2291910422
1920681515
3364100156
777160985
2690339410
2441822263
622891736
878373637
3587724110
803517699
1008781620
3288487345
1084573194
4183814287
1640535888
2858611997
77489798
1544814299
2282461484
2097395017
2275782850
719498215
1202268872
943997493
2233393342
46433203
1292396580
1854474209
4213928570
1054134847
2228497728
3022467661
2913378806
119382923
609687068
3020991865
3135335218
3324232599
1771536056
423634277
2115930670
288538211
2939388692
954533393
3150871274
3479756783
805109552
693074813
3549133158
730018875
2522189580
2979819945
1943372194
2624161607
860524200
1042388117
193875870
276456723
2037455364
3315159105
4113915738
127343007
394399008
1259262125
400813270
670019819
3468035068
1753874905
2047407122
2576283383
3772865176
242978757
31797518
883324867
2991598836
1676207729
1606885322
1318747983
4217526032
1935159773
3724999750
2983074203
2783409388
276585993
2462237314
204411559
842719880
580982517
794439294
3766613619
1075821540
1071040673
1772796986
3329102079
2539445504
1155440397
3138103222
2236182091
3424182748
1440122425
4043959538
1436867159
1526081144
1940204069
3420735470
1436016931
3639527124
2451961553
2798073002
4224503471
2465242864
3675592765
3855150886
357347067
3107539660
2310765161
2779083618
2584432135
4067567208
2337982805
3912924510
1681078227
4069281220
3495522561
1086556442
2519840863
1901894880
4197358957
2799030934
998431659
2633478076
3524147865
253515218
1883073975
3821920856
3025466501
3805531854
459209347
2995212468
3702798129
1728493962
131583503
2174736080
1058942621
3364442630
3898012763
1321406636
1500628681
1236636738
2446735719
1575508552
702983093
3454483518
2028349747
3727609764
909724001
3199714810
1035603903
3464056000
1335282637
117075318
3539204363
1036676508
2135498489
2675453618
2335224087
3277884984
1210248933
3916154286
424920035
3398552212
682338193
3535646314
1335065967
241696432
168523005
2147493094
692382139
1627178636
129450793
4163577122
1801966791
2593488424
3151805973
236481310
3891448467
1283408260
4237185473
2210362074
803149599
2477452448
3048155693
590444630
1073006187
654908284
1268724569
1230337938
1951835255
2108041752
2997295429
509881486
3469622595
2827367540
656689137
2015630154
1540873423
1010898576
846523229
568682438
1114541851
1717464172
1755574153
104736258
3398967335
175215112
181731445
1988495870
1722883059
2197136228
2054195745
2350026682
2339950207
1642691712
688896141
1597174582
3806151627
1294711132
1898477497
2414620786
629622743
3533092344
2205774757
1551172462
2804311715
3487338068
1429608529
1097984042
1635576879
3391299184
988975549
3757120166
170648699
1365246540
2622475241
2770769634
2134842247
1265931752
3966202581
1877481694
2524519763
3272209732
3539464833
803806362
459224543
2519530592
844134125
985062934
2282058027
548030268
1979509785
3530840402
3298466615
3190436312
1446116869
441862734
4189339651
3222067252
4227406001
1960783114
1096461199
856036944
840722461
131808646
3268733403
2423883820
248698953
3793516482
2234828519
932612552
1110185269
4277573566
77778611
1244935972
4114385633
595270010
1449807167
1231907904
3859375437
1366636790
1740983947
2382152988
741642361
1277555250
2741542551
2019073464
3530078309
1790968110
164612451
4103016980
814041361
3030639082
2286492399
2917269040
2995416701
56348774
448896827
237174284
2017793193
2790770850
72426055
3838799272
4189775765
3295250078
713437203
1374447876
2622903105
1996523098
1601311903
1352846368
3839001517
1529218006
645192683
4254806780
2984731865
339278610
1070158327
1964636568
2880807621
4234815502
114361027
3839572980
3555895665
4277667530
1864383055
766432784
3805586653
1479201606
743048347
819225580
3703472393
3071314306
1349266855
2769764744
212593141
4244170110
1836794227
262834916
1331514273
2528207674
89033727
1019550720
1531171341
729890486
3563854155
1409126620
1898801465
501576690
1133819223
1684424056
2712714533
437042926
202370083
74012116
2472098257
2920520618
3669494191
1633983984
1972570941
2818590246
2110134779
3674585548
2354519401
3044981346
3915245831
107349352
2157386837
2170336350
517604051
3035012292
1634300929
1254469658
3268916063
1523342304
32854125
2990467478
3993175723
4053524156
538877337
946035922
2225260727
842367320
2146568069
2858403278
551847299
3266404276
3889232433
2016321674
1541966095
3019593168
2841485725
2962499846
26074971
1798242220
589752777
517626690
2063488103
3534993736
1729396405
3326931774
2080011315
1863884452
4052929633
3077926138
3202714303
3014691776
494862029
4212589686
1536271371
3001949340
3235054073
250262962
80448535
109030712
504463845
807091374
950456035
2334874004
376564369
1870730602
797554799
1282080176
1221355517
1268677606
368661691
3150460300
2303059497
1281059874
3710218183
267935016
3720089877
3699483166
2922681747
1740148868
3941684417
1559796186
3427799583
208251808
2121850157
767659862
1903161707
4033628796
2707592793
682851986
4058447735
1161611544
1604791365
3388416910
850315331
3310306164
810814193
37943882
1047762895
229348752
2859949661
1859600070
2237692443
592010092
4073460361
1933176066
329988903
2879752
237359989
1890763006
3403704051
3292426852
77401377
394737338
1777289599
3857693568
2172316557
2381744694
4025872075
2123262044
1541757625
3908417394
2781684439
2388972792
877332133
850098798
3662967203
3566542164
311384913
4205596458
494806831
2528451952
2968945853
737571238
2249936763
1948938572
3755044585
2762857954
1315419783
558265576
770295253
3415756766
3545622611
2787263556
3249403265
525943706
3264950495
2101001056
253569517
2070803734
58432555
2915857980
3597881113
2397659218
2790651447
3186610392
2543128837
3236970830
3874474755
410314548
1715198897
2129990666
226584207
1115657552
3403799325
2964591750
3129070811
4242765612
476969801
3455008450
3912425959
759163080
2124408885
3521793726
3035437491
719062564
1899761121
145145978
2905327679
3410144064
2616694861
1910493174
1146681739
1251898396
1126462329
902199602
2774104471
3956653240
2434616165
1736276014
4225291363
3966148884
2691795985
290801898
4216673775
671284528
4073808253
1187522406
820775483
2280418572
3233396649
3090550690
1810152775
437275816
1306540693
73448862
1224604435
1810085892
777999937
3282546010
2893615007
2231339808
681719469
151263958
3068528363
2642174460
537970649
3569680914
2158996727
1812895896
880522693
3037404942
2825358787
2816625396
38300785
2416242122
2144466255
439833872
2942113757
1407887942
1672605595
1539134188
818717705
146428034
2320844967
430940296
4114791669
2142477438
1424002163
2125552100
3761229473
2626947642
4015720191
459889408
1102382349
4103263670
3413820491
1792950236
928009273
1058863858
1110478935
3465700472
2705870885
3562092014
1744041763
2657084628
2564324561
893125290
3754902703
2819923184
320667197
1507040550
959153403
986589388
482263145
1085538658
610042887
2585125992
3663687509
4238011230
2313997779
1958538180
969242369
1000593178
1353297503
3145210592
4291298157
71565462
1584345515
4080799164
2667249817
604398546
531899319
3747160152
52107909
2349317326
2715160707
525823668
1027194161
2536671114
203768847
479384784
3165197469
4131061766
61917787
1670835884
2158496969
3176866370
1171418983
1161500744
1859015093
3486427710
2239414067
1535012260
3124252513
2769228794
1463616959
1310968512
124989901
600808310
3088797451
4077767580
3106465017
247020722
2064803607
2790968376
2441876709
1055306670
2842024419
1983965332
2491690385
2820701290
2712400751
2125069488
3600374525
3805860582
2174336955
2425332876
2761984297
3085415202
646908615
18299944
807887893
3926317342
3504496787
1013833604
2896189377
957202650
904727839
2019846816
2303627309
1525524054
2362907755
2731243900
871496025
1718453650
3793967735
1737451544
2419277637
3953531534
3187364675
3935588980
265276913
3057508682
3912979151
2438075536
394645853
4117042630
3711853851
4163914348
482358665
1167176706
711611943
4020391944
2818745973
3623581694
3782980083
486752612
672501793
3017268666
3415327871
2603743872
1106386573
3444973878
4244281803
3068991324
158219705
1851473522
247397847
2733569016
1319672229
754839918
183401635
3217665108
3962871377
1807922730
3618333231
3548585072
3255203773
530040998
2901850747
1290854476
3374256617
1469129954
3778826631
1859408872
1811421397
3261368030
413053779
4273378116
263190657
765815450
2734894047
3548674656
2046156013
3133213718
2497562411
1609213244
2142614041
1169844050
3871166775
342978520
679748613
967194702
2811713027
895022644
852139697
3471244042
232006031
2150962256
2763214365
1864952710
4078616539
3175704108
3587513929
3139306946
115145959
413485000
497007413
1845102014
3282265267
3741308196
310874337
447637370
4078519103
4199803456
99732301
2129028854
1289266315
1245455132
685790841
3888316466
2079741079
3020872632
2237521509
3830902574
2538463075
2260348948
3098136337
1105375210
3633156335
2388655152
438588541
231767654
503477563
4088519692
3136969385
426792610
2200197191
3272420264
1787923861
997455006
467781139
3075933956
2880723265
1261098074
2662075039
2761443872
1182656941
2440966614
2302882283
2656669948
3808832217
732760338
205654007
3049207704
3637364933
2613581326
3379173571
3949287924
518664049
2196624586
816820303
2969293840
150047453
1095139654
134601371
379732460
1017562889
4156561282
1776968615
2147745672
207982581
663376766
1186060147
2100570340
575558049
3948065082
882082303
592026112
674379789
2252369078
443903819
12250844
3628019513
3299901938
24669015
2306507640
2724979493
1790029038
423887395
2530374612
3533946833
2889902506
3138551727
1459657712
3820155197
1799549990
4152160251
3365050316
1794270057
3074771042
4211547911
2642527080
3367223893
3405062750
1433114835
571423428
2305653249
2203975194
4020742495
2204096992
598128237
216340374
1019698347
2446867644
2124637081
1107651282
4050747063
3677929304
1842359685
4157322190
1312004995
3094969780
216956977
873623178
3364749071
2875610064
2835384221
159241990
2663363931
670752172
2717200329
2503469378
2723318375
2776528712
1897145525
1517052222
1164380723
2472557732
3223966305
4152670970
3066069183
2379418048
1030972621
4045681270
2559638027
3995695772
2555037689
249807794
2651144727
2465327928
3532826597
2244881070
462480611
2077390740
3538055313
3969639274
1442459247
2502228912
3815919101
3048155622
472263355
3478328204
2311531561
2865756706
4154762695
1576147752
3810440981
2796032030
4294716307
3130994308
1906006721
2281629658
481691679
3348834720
103826221
448118102
1110067051
774285436
860707929
1921223826
4111185271
3567126296
1951093317
4084273550
548658755
139813236
4120350961
68470858
204410319
3073676176
2845852765
630123718
4194848795
3574806892
377510025
3980753666
3201659175
3369381640
141261173
476065534
1518533875
2101612644
349836065
3506734266
1616920447
1907374464
2591379853
2370943030
3119203531
3863463516
2848137401
2417804658
274520279
3478264
43134117
3144444014
3908339619
2172271444
304472401
78978346
1074044207
1888295792
2653055677
718610342
784213371
3417526092
2285417705
768633826
3887918215
605958888
3599920085
3293363678
374570579
3167150660
3976067969
3402469786
1821845215
2299148640
2732232685
1756373782
3962303019
654627900
2713982233
1726443090
902868023
2981039832
956249861
4101517134
3953844483
112788788
2443534769
3568624138
4065516687
3693515600
4019241245
3006907014
480226011
3249231148
1795703113
430492866
2385713127
3922110152
1328254517
1126546622
3771051955
1453302820
153031649
3381792378
3627204159
3332450624
1408761421
3901292022
826560395
2094387740
224934265
3525019442
3611242391
3238263480
3744100709
1363961390
2351884899
3012149012
2838368785
3058439914
3488730095
3505978160
1484998525
3363100006
2449793083
1098074892
2533817769
973512098
4195349319
3485862568
2144264341
3651349406
1395757331
608589316
1146444865
2106194778
3859482015
2674723104
1852153005
1687439574
1301044459
4029857788
717721049
2297499666
2457887479
1110169240
3366706117
547425550
433628099
2674157812
1507324529
1202895818
834235215
3791409936
529661405
2420004934
3376792987
1367552236
810347017
4095860354
2670427815
3356778120
2182374133
1685916286
4075758195
4214421476
1169740961
4075640890
2230844671
1147525376
1052470029
1351222198
1901861451
93560284
2214203961
513804530
829179479
2233377400
3575346725
1294869486
3489664291
3720413908
1891304145
2199965866
478263983
1579719408
391439421
1280199462
1757043451
1951598284
2800879209
2301792098
492681735
11117160
2073302357
1550539102
827745235
2900199876
2153872641
2448696602
1339139167
2726533344
2643552621
1008873110
957056939
3178261436
4011312793
39875026
2849692087
366239320
4027662469
1571531470
3590137475
2115472564
2263827249
3201193354
1092794895
1349898960
2657352349
1516023302
2193268827
2824522924
3071169225
376483906
1082041703
3816674888
2649094069
3592820798
1807701299
113118116
862410081
517366266
2372926399
1656637632
4018116557
3541354870
2901583115
2487298460
2386078457
2137672370
497294615
3158641208
287652581
1959895470
1059581923
2346714772
25998225
2901625450
4235487599
2145122992
2673295613
874610918
2510198203
1746043532
1757007657
2501132578
6701255
378075688
648153621
2187675422
3951163027
3528228228
1776442817
3117158106
816513823
3926780064
622720557
3709457494
1097429611
2189285244
3480534873
3170210706
3667923063
2087233048
1005544773
1364723854
181954883
244478068
296440817
1539813194
1464781007
1867715216
2428942173
1867826118
2344499995
2851219564
269253513
3663020546
2162986023
2076380680
1600146549
2917197310
3858122739
3573604196
4209677857
3742182330
3629824639
1500149888
3137635469
1038700342
3603427275
4238243164
1826882489
3191491698
1520874455
2520199672
2147991461
1308024686
610701987
161925716
3026396241
897811498
109697071
1574115952
1967807933
3182327462
3144781947
3765550668
1293834217
2540417762
300517255
824447464
2646130389
1095824606
2087995731
3495113028
2308439681
1725020314
3478594015
2378954848
3117105901
4114299414
3110477099
4078633788
1822324761
1651537234
1133512503
2242424280
4177938949
1634084430
1663724547
2090144820
2999723185
6211850
1795004303
1179914832
3682219037
3974535558
3876623835
4194911276
201811017
1502581698
792015591
2426668488
1128489269
3245175742
3159620275
2176545572
2231539425
2236724602
209205567
539650112
3054121293
516396278
2711353995
3530260764
549198969
1691356722
1731463831
45423032
3464692837
509467950
2323379555
1658146324
2717799697
3734076906
2441217775
3754818096
3723377277
3870633062
1022577467
1630583308
2229248169
2314790050
2158464583
809167272
3180868501
1324245662
2666355731
2729551108
675438401
3401917018
848691359
1702742048
3495514029
4064698326
3015804907
2198335228
659878105
1553012498
3278552567
22312344
873852613
3012953102
1236479683
3017766900
3809588593
1314104010
854533711
2637746704
591294685
2966564678
1467068571
4234158060
1002376457
1843373442
3659045287
3789602184
2253338101
2794176894
160984435
3903702756
2054117281
593755962
2424862719
1857951744
3041959437
3278871222
2150548811
1768443100
1786836281
3169554418
2181833047
2977874296
1767311653
3955661550
1009260579
1663799764
2736670161
702363562
3021796783
2911672816
3724728125
1828037158
1021560315
772765132
12429673
645650018
996168967
3012395368
587229269
553488478
3450678995
86497476
1319206913
3613805594
556244831
149116896
2642943085
33244566
54244011
1711577788
542648729
3575085266
4176491703
2133589336
3118355333
765960654
3912413571
1613863860
3678144049
2808495242
635663631
4223750608
3436408221
1490519302
1604422491
3568745388
4025710025
2969925442
3495346279
4013503816
625199797
3002847038
2827198515
2778192548
1139857505
2332297466
2336978623
3169159104
1301793485
966877302
2772455435
3579107484
3404893689
3494695346
2851010583
307505464
2101595621
2079398062
3291151075
2523501972
1350760081
1495708010
1159373935
785316272
977810429
3459241958
2650996923
1255010700
1903718953
3870591010
4040416199
450615592
716266773
3980295710
1131659667
1937099908
3312804033
1047868890
567016991
3485247392
370649389
303688534
982818155
2412840572
946348633
3049495186
1122003831
1324303640
387938373
1968897934
745075779
3981148020
2483754737
760649290
2056946639
2846724496
4244187741
1119263430
1113597467
1724716908
962895497
2093025538
548382503
4167920904
3705741173
4236090622
869634803
339324516
172431649
1307693754
3816895871
1113634688
3550459789
1327294006
59808459
3924894812
2194728633
1756615538
2644283095
1425363192
4144583333
1419597422
1833213347
1213159764
49047377
1848503082
3678081839
2337610096
2004766909
1210305958
51444603
2066492748
1204812521
73595362
264381063
2246439144
4050325973
2842766302
4211151955
693862468
360579457
1907482522
2067995871
3519657824
4006082029
3496104214
2894874667
3022860860
272947993
2824174674
3220922935
2153663704
2560187653
4033879374
3189110531
2263687988
3326011313
3252989962
668226191
2931659088
2557454109
2351919238
40730843
1449341740
3906111305
3939654338
2581810663
4248659144
703018037
1490102974
105792947
1347633700
3056736737
3186449530
1072280639
4142901056
1546150989
2443324406
1306502539
989671452
2463891321
266376498
3688162711
1763850424
2204604261
3146470446
1110769763
2224872724
3541735441
716367082
3443409391
2866739504
3664063869
3633415014
3469588027
1122642188
3028566953
2034707362
3337300295
3563833512
1408075413
190159262
2937399059
580449284
2273010241
2732345690
877460383
3872032544
2623079085
2861856470
1810019051
1188634108
145642457
378347026
1325471991
3812168856
1259078085
3299277582
150583747
416712436
3935795313
114330058
3830505807
3534835984
1140253661
318899782
1653185435
121179884
2398957577
3573116034
3400643751
3177782408
1226180853
1572239486
984463475
899978724
4033993377
3971393082
121959167
2454869760
3153187085
1324429750
4142755915
473496540
3151222841
261297906
2740452439
4271562872
2401147941
3061518830
230433571
387064020
2580383953
276143786
837038255
892115184
1740425789
1027143974
603533563
3855082700
2824162409
4280360290
84865031
2787991656
4009278293
2292959070
3664771539
451815364
606962433
3283383066
329882207
2793346784
1401605997
3463470230
1264049579
2073348540
1113885849
707428306
2394001335
121609304
4214711941
3619657934
936656003
1321708212
970246449
1574577034
651177999
2638794960
1682890909
1961778182
3849614939
2634984108
2091161801
3572907586
31120231
3098580040
925736373
1626179134
2880695091
1609410980
566647649
2886578170
1616048575
2353579712
2277244365
2496264054
830077707
2707720092
2121822457
1904957618
4075148055
2233419832
1190027493
187469742
1520043491
2339316884
4022679953
1630935146
3756842863
2449340592
3829737213
4091162342
3847449531
1736794252
3556971817
263245602
2028828359
1525332008
525119509
1463006494
3083963539
2384141188
3025429441
2247777498
2685991199
1755801248
152919085
699794006
3719022699
1176515964
2653390169
3438125458
3721184887
1009902616
903580485
3480876686
895844163
2491453044
2897664497
3904994634
638729935
1447301264
506961245
263483846
3454931227
4221830764
3263742345
1149816834
1310638631
785632264
2968384117
2016826366
4095794675
720272740
1928305697
2377284026
835956863
479393408
340191885
820804918
4031071691
2654983004
462014905
4287191666
2302568919
745500664
2543248805
1063243118
1938729123
762570836
767666769
515133994
1847086639
3910342768
3569238973
976561318
3046925947
2346884172
2823658985
3837149410
2437332359
308531176
27878613
1823302366
1106894675
3084898116
3232760961
1533937306
542840799
1157854816
1909500141
1780836374
1973318443
1513840956
3166125593
2828436306
1527954743
2446322648
1203269637
295048270
2892857859
364982836
4227705521
2303104778
3637972367
90378320
1450252829
18106246
515271643
3334021676
829008457
1030824386
2117953767
529712072
857147189
2035343806
1857327283
2993099044
3433929953
3815048058
579284799
988866112
1985124173
2971190006
3859763339
2794118940
2479350393
1129126962
3844194455
3830142904
769141349
2564082478
1666845539
148925460
1820515089
179325930
858160367
573306928
2112364669
235526758
4153680187
3600783372
1442113193
2012312226
2094711879
2891491240
1926158741
2128138398
866710035
2482782980
2449499457
1976528986
2603611807
324224544
40154541
4252929494
636476907
732318972
4275287769
652551442
3846403063
3621368728
1032721605
3285447182
128730307
3192493556
2691251057
3777589450
4125006927
1919275024
2981844701
651025734
2592966299
1645084140
1510429449
2574201730
553045927
1252883336
4201176053
4194119550
909050739
3524748516
3619708321
3202698554
2569891327
2669843968
2191459341
1661913270
2241338187
235252444
2817702713
2258017778
1162860375
1551040376
1987194661
491489518
4105973283
3916738516
2227751889
2800354730
1171745711
3842545648
3833773373
756568102
3455753211
2340180940
3451449193
2200069218
711559943
3364437864
259853909
58064478
127845587
3727718084
822445569
3336477210
3612841311
1800852960
4019815021
293696406
3244296363
3995138236
2235363225
1905886930
455010999
2651798360
3827071365
3421736910
1910622083
970570164
3535375409
1378486922
4092128015
621563856
2497074077
513880838
3291701595
4049770924
2367798217
4064478530
2232088167
803468104
61042869
1341865278
626013747
633305252
4243054177
4059256570
3162926271
3236431296
3454808269
1418628726
27239947
3899668124
3637138425
3542474674
2827529751
78014264
2653221861
2458125998
2994016483
1525724052
257129617
891387754
2095782511
2573793200
3444447741
354452966
462411451
2922958732
3227105321
2148079138
1219695047
3333789480
880018197
809823262
4170930067
305949316
1719625409
5997530
1536291871
2764973472
774836013
2481854806
3668898667
2506843260
817031257
1920182418
1533354359
875594520
3357777477
3484741006
3587050051
4096892276
2343476465
4261962826
162920911
1695977360
612503645
1179535558
3731356699
1484191084
3682133129
2712442626
3107577127
251013896
193381749
2433420030
3604490483
153046116
1692671777
240066746
1934764927
3623957888
2902072717
1398281270
1290137803
160072284
1729014969
4072333682
3448521943
212176632
2444261541
2118009966
3880039331
2836690772
1692593489
3071719722
1864468783
1728911216
3171563197
65174438
2199114107
43322188
2660712681
2825226210
1182226567
3332222696
4268996565
4211448286
22981203
1809849924
3140355969
2483432858
1855918815
3615044960
1927633901
847544086
3298598443
3578105916
2717229337
3543370322
3302365239
2851965656
912491269
886573902
3727756547
420561204
2215144881
3330571786
772130959
977571664
1165921565
3147112070
3958068955
990581036
365743433
3245074626
2353234919
3886293704
2396183093
2464979134
2777078707
2549538852
4168425441
1706601082
1683008063
3694011712
881379917
3979041270
439024523
85233180
1400882553
1863689010
857381783
1680897720
4258577765
641352238
2649429603
3751803668
2654412305
4002001642
1933228015
901052208
4168553341
4145951078
1732676667
206636812
2570160553
4126652834
1383489351
2818672296
1245457557
427296670
3702045971
3873149444
2010212417
3013515098
390001055
3675784480
847014061
1527030998
2447968491
560954364
969218521
4254673938
909233911
3476443800
1000089541
555542798
4123709379
2486740212
881262193
1298028490
395859791
1817595664
2626406877
1547023430
2944233883
4242468076
3437065737
725678722
2364009127
2041436808
3393695477
3948930686
2887536243
2919642084
1616568481
166720570
4131514623
2234438912
962082573
1875402678
3694052939
785275356
1591582265
2448827634
401846871
3137805944
1330758181
2419589102
2703767843
3394453204
2484080337
1564109994
2683741871
2904594160
2220142653
2895357734
3941074683
254591692
2699596393
578792290
1534076423
178331240
3029164373
22820190
87658451
1055835588
2770962689
1357168922
473010271
1198167264
2712941933
992905878
357839787
2913544124
417419929
459574738
1312310711
865786456
2760739973
2051245774
1197167235
292014260
3588902705
4099273098
1026401807
2198589136
2389296797
3320842758
2883472475
3249703084
1365958345
2028719170
166138215
1154699848
3131392949
4028953662
3310911795
3876407204
89481569
3434413562
1340467135
1254311104
1344824269
3907986806
3316732171
2591548828
166213369
1696360114
2060945687
2162787896
3001517797
2180480430
2075925475
4109255316
3744317329
1156114026
3423950191
890238640
627248381
2718096614
4038607291
250101388
1719425833
2814205218
270838983
1312585256
2586269205
3899794206
3050381971
4024023428
200698305
496544474
70709023
1949361312
3041706541
3233951830
3785236075
1840419708
537545561
374714258
1806269559
652943896
4260868421
3859539086
3181548867
4234062964
1626497009
3710602058
3582309583
3324317328
1071154013
1451499462
600696603
1833297004
3023374217
70016514
302053415
2295630344
481007733
3069952510
2348512243
2664176484
270836257
1070057402
1476175487
1688958080
3451474061
643803958
3379731403
466694492
2506067897
2991089778
444997591
3851922936
357960613
2167978862
