726680155
2826962604
940459209
1071381058
1416456039
4192841800
71043509
363921982
3641259827
361399716
1449494369
262859770
4046912959
4037370560
3264735693
1039987574
3044591371
3332170652
3539803385
1691358386
206266135
4044317752
692571365
3065973678
2322747875
2477981844
3772736913
1494373482
302246767
2012320944
3721138941
1841048294
3157604283
876919948
1952629033
521440034
1508246215
2068960296
2511412245
3914674462
2532104339
784725892
1823051713
500537562
2351105311
2448556704
403654701
1543962198
1278252139
3089535356
3978441049
2083544466
3071824503
181403672
1862989637
669676174
2692991811
2203216500
3875997169
475773258
349129423
4104498320
1230276957
3526651334
1221975323
2159108716
3537792393
124423170
2155695655
359196680
2343067253
1723191294
4160891379
2376554852
2583349281
1221309882
2617490559
3519779456
307156621
1264286006
475009483
336867164
2952426937
969545330
2775578071
79399928
2728153509
2209237358
1290990755
2580792404
1548211793
1024233002
4235942447
3336746096
208744381
1683169446
1737110139
1077803084
865683945
3927309538
1477134727
640084968
2075775189
3062554334
1570843475
866560836
3245420673
2831499930
2880512991
3442086496
4193162477
1269982230
2989440811
182304060
1637739033
3168091986
3173665079
2596931544
529783813
12750926
2803355139
380571188
1236915889
3244086026
1776294287
698395728
4122609181
835732358
447363035
2707586604
3266008649
2488196546
2624058599
1199824840
125662005
2643221950
354540723
507243812
2451884257
2985967482
4060298047
1560642112
2743501645
3099836150
103160971
1224424220
2485423737
9033778
270486679
3304289208
1300862565
1910458158
2991216483
895240212
2222262033
193234922
2849343727
332895280
1606880381
1684264550
3498962235
1318515724
4163670697
2941071010
896225351
1333248936
3700114837
2087865502
1474051603
1189027588
2267910465
883076186
1372717727
374727200
1873715629
172460502
2089593323
4142180604
631661273
3693076754
3693543415
3073363864
2685763781
1169976846
1575129283
760443380
2911987569
3652955338
3040061519
947874832
825246429
1103485254
1670206107
1850956268
2553609993
3226005378
921525159
1341822856
3027978229
1341434750
1260932979
2735227108
3886254497
1559660858
1509259775
1242771968
1258221581
3556099254
3854231371
3104966364
1077634873
47143410
2333696855
3782679416
2530188069
2266105070
2235071011
839683028
841414609
1178223018
819099567
110113776
3700271421
732843046
436234235
2735714252
3000802153
679092322
3771078407
2533645160
1424325205
2966125150
6164691
607081156
3332289025
3006125594
1162191199
87388640
2920246893
3313921942
2114507947
2952484028
1509661593
63980242
2999875255
4022425432
3176129925
3700952014
4020507523
1929352628
1263384625
3342354058
1837758223
2835475408
1618427805
2681548550
2789158235
189003180
2755356617
622379330
2664268391
2928480072
2405555381
3551443262
1960149555
3083621540
53938785
461411066
4204427455
280273344
2641894605
2863762038
3989729803
2014876316
889126905
1247452082
354302487
3389424440
2871943141
2298905262
1350393059
463769492
4263356561
787331946
1748117103
114070448
1199900157
938639846
648127163
1097345932
342451241
3478966818
148610503
1552724776
1099460373
2304141342
2447811475
1196902020
1216647873
3592863706
214695967
4052271520
2849045293
1798247766
1231273835
702660732
3747451993
497443986
2682301815
2487131928
67308101
1796565390
1193039427
1400076660
464439537
2878513226
3382904271
3269995408
2823748701
2847818950
629131291
1542738284
4152266889
478040834
3804784935
2734376712
1425092981
1048217342
753497331
3091736676
228543265
2136497338
3132241791
3903443328
4021422477
179769398
287358155
1506729564
3006224569
2699795826
1827524823
2925636344
2003166373
4252811374
1591279523
1038373716
1092163921
3344889130
3870594351
1011659632
627909309
3337648038
2570165627
3982518092
2375216361
3719644130
476832903
3218131688
3207865301
4224914910
120976979
3960928836
2510238593
256731546
4012187359
4077900128
397625325
2835446550
828205611
408415292
1452035353
3546433106
3256722487
3026691800
3236884229
1458865998
252401923
4201585972
3614742961
1753922058
3225343119
2381458256
3984029981
2101418630
3826197211
69496108
1656650057
3225003202
3516796903
755318472
2179548725
1712854206
3458475955
3225140260
4019997665
3661489786
1090303551
3383935296
1449965133
2177258998
41011083
4059359772
3146543481
2420268850
289941399
2118685368
2822121829
708099630
3138085475
2760627988
333007377
3511545578
52020207
2396033840
3137732477
3597151590
3564132411
716727052
1327052201
1296266658
1245113159
2693833384
2863175829
3187770270
453773587
237923844
4138636353
2422330202
4077976991
3783958816
1819694253
3971850454
1219876075
4011710460
541574617
2395203602
4165294839
536637080
13865925
3321193742
2989562819
1404207348
4150209137
2682295242
136143695
3521112848
3568350685
4162695238
2762816923
1737771244
1991975433
3926570626
4195251879
208336520
1393171189
3762774654
1933941363
2875658212
1374555297
1039216698
4097438975
1804562688
2791842573
1570724790
880906827
2487924188
248924729
1646190834
1089289815
3917167224
2858364453
351173614
802456867
458955476
1327381201
3464145066
3558978223
2786603760
219126845
605659942
4213035771
1026563788
1237073513
3620169570
2164044295
2659990120
2695220565
1168224606
1210637267
1767743940
1953674497
1260649754
3746536543
1421422816
3705282925
1680049814
1647116203
3790832572
1565523609
2039171538
3776434615
1723659864
2423322757
2648179406
1531813507
184394932
3022945073
3008638346
402567695
376531664
3267015325
3088320006
3927578715
2852381868
2218035913
867272770
2866388327
3236720200
3306401717
46690366
4144876851
361374628
2639564129
2083666426
4213830591
1174397120
1952731085
2885820790
3658489099
1418740124
768402169
541139634
4204598551
1606001208
2862674661
2204760494
1207199715
772939412
2343037841
10822250
814506351
3924005552
3762944253
767875302
4026142139
679975564
775685929
4144044322
1870477511
428053032
4260086293
3363020574
3377229459
2036635012
3618346433
4048807642
983628575
2757460128
1570680365
4243795030
277015147
3835228028
3999594329
2105043858
3679783031
3630775832
4236713285
2220646542
4112572739
2349893748
111315953
3299182410
648200399
2741414544
3696586589
451156934
4145394459
2939371628
2615849865
4142799362
4072637479
2320082440
2496005237
3814407678
4097622003
1516566372
4203728417
650183610
1015853695
2428768384
354499725
984524598
3856492491
109415772
1496333241
2489918578
4246186967
281266680
2512091045
4217845614
1311443619
678486612
573987921
1770871850
2937704495
2180166256
3111458237
824823462
1438976123
2961102412
1834520553
3836775138
2222489479
825666024
3745150677
1010257118
2570502483
2047035716
2837001857
4105277594
1271208415
3895562336
2743335661
1693225494
2792854827
2865634108
1950789657
1145785682
96272183
2227258840
2446721541
3745676878
711648259
44772404
2809879729
3046416650
717852559
2155850320
104918045
1045295494
3462401499
451042348
2392693833
1300261826
2692754151
1749196232
1054939445
1472187326
3314709171
2511833892
1382010593
2405272954
1596076351
1134297152
2640243021
2539973878
178877067
1038784796
2445300857
1213654578
3340567191
3965301176
409910373
3265672494
1295543651
372729364
730434833
3404944874
2794061551
1443205680
3713069693
738755686
2403255099
1490407948
936499369
2593504418
4004415047
3311763880
559016853
1454160542
1923601427
1727642884
830183233
2264726106
427554975
4160446496
592054189
164607958
919273451
2824013564
1337272537
935587602
1057994231
998575512
1562224325
3561643022
1709942467
1519226868
259583345
669088458
3677560399
1971087888
3845990621
1148742
850995355
1355888620
3977069833
287866242
1121685927
446125448
2420213
4122351998
2244928883
2739003108
1300533153
3351762746
3383390207
373796864
3789379085
266662582
3140762955
1316971740
2554146105
2244634610
2540509527
2721798520
2675622181
3739677422
266113059
3274025428
2153872849
2794917802
765259183
232534512
1352503101
3693148710
3207020027
1699515852
2120737129
3530600034
2631879943
1976572264
1626480725
2375280734
3495929555
4228378820
2039658497
2583045146
1787139935
1803087840
296801389
425500054
2487036587
283620028
2708496793
2174898386
638397623
2356450648
723389317
1228143054
3529714051
1064809396
2002468401
2102137994
2929683727
169667024
3725206941
4260289798
2799764315
1958728620
133803465
3685109570
680638567
554159432
3578888885
318646078
263329843
516158116
1421742177
2713706746
2732945087
2156339136
2002551501
2985212022
708691979
1275326620
3982935545
1451469234
1825042455
2720579896
1470072293
367620270
550990563
3137056148
3112054417
1043892586
454204527
288788912
3625643005
3207802854
3359537339
3651340684
4057639465
100753442
1036702663
2721476904
4208661781
380425758
3978181011
3035489412
1243519169
3747417562
3315725855
2590654368
1668833581
2169717590
1368266091
3628867196
1245207129
195457682
427123575
3343899928
2291609669
3820967822
1519479875
489265012
3621932785
3616829002
3687742415
2250320272
359129693
2510680774
1838652955
1785605996
4028814985
112845058
1617076007
3142845704
2066143093
3310875902
4261153523
1677575780
2429309217
2936384186
3516083583
3122286464
2996596621
1262632502
1250300619
171457628
3523026617
2218961778
99452631
467790072
765266597
3983388270
3404273059
1232695636
798990161
2476196650
95095599
2278863216
4169730237
318711206
1296331643
2040087884
48902889
1862783458
1076959879
1784187112
197970389
3887563742
3282275411
3446380612
736049537
3371284378
1905333471
2626637664
3445665261
4017334550
3246243883
2990557756
3939308313
2140165202
940071479
4225164504
3259569413
162297166
2838916867
526596916
3922599857
410683402
1501579919
4048103760
1880514333
3841378438
2308765915
3583789868
1984479049
2887987906
3104720359
3913022664
1852107829
3800269502
2876030387
2393856548
3933164001
1096365178
4235439167
3133226816
2824674381
1772061686
3469548939
484198428
1187002233
2563206450
3785219479
4280733880
3459469157
2872290350
416381027
2053043476
4219850769
1752481002
1143355887
1500942640
4138198397
3578059622
2969120315
3371122956
3797318569
121897890
3536986439
2918604968
1887911573
3061051806
246390547
1094781956
1737792065
2289312090
1964176287
1235754784
3291069101
3514683094
4140575467
310654460
3824061401
1193276946
1619398903
4190743704
3841178053
3770372878
689058243
837066484
635351153
3787350474
3732199759
324331792
2463472605
3382795846
3182498715
436872940
724264969
2778875010
3243551911
1786754184
3955998965
4247678
851718259
2056826340
174527137
1786412602
2319903487
977006336
761170189
1522960822
701687883
3618640860
208670777
3721522930
1050211415
4223105144
2787267621
1425762798
3578829603
426522836
4126195921
1049589418
3980667055
769405168
3610739261
3284422950
370977019
191167692
2162132073
2289431906
3832408071
214956136
3318379349
4171374430
1224896979
3425583044
100580097
262425370
2531758687
963948256
2090043245
1429320854
3292091819
752345532
1448920217
2350208978
833521591
1357395032
3176603269
1319891150
82097283
7193268
3302228273
2501901194
3781961743
1946446032
3798309021
3781538822
2358505051
1534575276
1602932937
2365003330
3354776423
3202296904
4028323253
1951391294
1858233139
3279536548
1500746593
4230580218
2714560959
2957663936
3596662221
746016630
2388095755
1316200348
2748098809
1562521778
463391511
2169757752
3794409701
2961500078
2334555619
2992716948
3080745361
1470623850
3620001647
1824886960
1593302781
1547536102
1601102779
1153071244
2403683625
1818076962
600075975
3869593640
1750493205
3825339678
2908488851
3925029764
3487407041
272774362
1573843231
3283418784
3948811309
1750030934
3162849387
4110110076
584564057
942700946
172080759
1358068760
3627238213
4181610126
661518147
4139689588
3211661809
1415533898
2569418447
1528277136
2206618973
2315504070
956664091
2107973228
606534025
3152128002
3685857831
639263752
940812917
1416670206
4196881907
3306329444
5559329
2284212666
700819583
1420594816
4163084941
2893141302
4011507147
1424419676
1301676473
3765973618
930046423
3216771064
1862966693
1133520238
2232623267
2432565332
2572477009
3044944426
2590524975
1039315056
313064381
3698359462
800054907
951039052
2118637033
3971684578
4288001415
1530292200
1961565397
1850981086
914118483
3595560772
1307655297
4228767386
277417951
2690656
3309920493
3096887318
846195499
514750780
3927930393
4113652562
150975799
162038744
2185766917
1177709646
997063171
1083656756
3463242417
20737802
4234347919
3494815824
1526190621
3778781062
3318080475
609368620
1237312073
1277295042
3410518247
2683395016
1081392949
1986214334
800262323
2602772772
3888829665
1613814650
3371247423
522354240
2808565581
1752570614
4275882123
2127165212
176953977
4053005362
281720983
2796548024
4186169957
1407001390
3453387619
3238167572
3016626961
433202154
2347660527
2300809264
923457661
1109209702
3919550779
1795469324
2124881577
55462562
2795617351
1245921192
3360199061
1297557662
2669898259
2365872900
3371801921
80169050
3050696351
3331382816
2132110765
3016222166
951670251
498164988
217312985
752352530
212364279
1254771608
3361066181
1531464206
2879700163
3384258036
1787851633
1031227594
3252851791
2607376400
226103005
3301782854
4120182427
3007256044
1628801801
393743234
628737959
3961787272
1174311925
1877444478
707099507
560692452
3096810913
2517181754
3859768831
3345755648
3102456845
2923700406
811438923
534561500
2607739705
3660936690
3866152791
3857684344
3998607141
3878412526
808494627
237946836
3754689489
107208106
3273089967
4128780272
3504174397
1258530854
2952664059
528051148
2166564713
1775713378
128484103
1401673576
4281255509
4140586590
1645296851
3385888452
1236712961
472805914
343248223
2930535904
1300380269
2275593110
2720104619
633606332
2887067545
149184210
3019629239
2753024856
1998336389
507504590
2731687811
1038078388
3432563761
1792008842
1617224463
1143465936
4291627933
3531115270
1261623643
1311486380
3135763401
3080969538
956690023
2322762568
1165043893
2529006910
3292442163
4088107172
3681883745
4218367738
2816500927
3309936064
3245402317
2342250102
3059555851
1272925852
2164165625
2753345458
3072435735
3980066616
2051058661
3275513518
920750307
71486356
3054417041
3170064234
379785839
3968896944
2766197245
1961090534
1703628475
1506666380
914092073
2585128482
3513387463
3603967784
1985854229
2691908638
3120942995
141853316
2565381825
4093860826
3005738015
272350624
625985325
568815958
23620459
715553916
2822971481
1930854546
1572477303
1699814168
458970693
886654350
196510275
147830132
3980776689
2869312586
246018511
306849680
1454426205
1744675014
157250587
3638037868
1744247945
2254794498
346871079
3130835720
4220288373
10838782
2562629875
1839424612
2032752417
572717242
4112786303
1350225280
364303757
3460131894
2208000203
3599866460
4227523769
420067698
1100823767
3964806904
2315530405
1842257006
749284259
4009660244
2404787537
1061196074
491880751
2488053616
936701629
4252881830
2902935931
3720487756
259094761
3452592098
1923502215
4090513128
1251307477
1074524638
2713789011
2226140740
1062158209
4261807514
3635219167
50253152
3141407725
810931990
2840466987
3759712316
2721962265
355361362
681775159
2654347992
30620421
81027918
2433844483
1447516468
2237113777
3755628042
3279011983
227551056
4142220573
2736551558
853200603
4144245036
956499273
2642198722
2267970535
2086845128
3843068469
2204037310
40194995
2870147108
2054313953
1541702266
1956291135
1623178560
3397222989
65581558
1255699339
1404282396
220462457
3267132210
77829015
3539275448
3395319141
748853806
474451555
3659666196
2221037073
1326156522
769830895
3574370096
3464088445
3801188710
3912369211
789978892
1019462057
4273246626
438130503
2320244392
1486218389
2337693598
3556979987
977512964
2242551873
1811312474
2344937887
1588960544
2215452845
548273366
2895282411
3118109692
4207235545
1491862546
4084647671
512158360
927195077
3018932494
2644723651
302431476
227423857
2869702602
897339215
4256818960
2234155485
1637157958
2321869211
208667884
3201019401
3601453698
525001383
2407821960
1052600053
3031055998
468895347
2277133284
2282756257
3128151098
2365841663
2916642048
3028610829
2052962230
2127838795
386232796
1966724665
3941924082
1056221783
1357100664
2819979813
91772910
3497832739
2439861972
1844659921
1846822058
1595317935
1452289776
1838114877
3789487910
1019969275
2441730764
2939341417
3868492642
3062832647
973321832
1025448277
4161965406
3414951891
3840859588
1958396161
798267674
2469365855
3139448032
3028086125
548397718
3723865003
3953934268
3533277849
1745839570
1559575991
1979937368
2288862341
670031566
1546373763
3889029300
3198781233
1851509130
3683229199
1787258576
1715502749
1093100038
2461910107
1021026476
1242633929
3417089090
734136679
1942088264
89324469
3930541118
3223779635
2673434532
180525409
261150202
1696587711
2944720064
1754078157
1063026038
1380894987
877067676
3036442361
2608021170
4015030551
3588103736
1340292837
3188708782
3557331939
2694863508
3838375825
3726294634
2276281711
2157416112
3654665469
2032547046
2324937147
148723340
394171177
4280956194
4139492551
1656163880
1425083925
3154148126
3273366163
7459204
3577717185
4204823258
1974265631
1878949024
1095596589
505120854
3493303915
1766697852
175801177
743999378
3286135927
4100700696
2182048069
110115982
3077246275
1130153076
2439616497
1267278666
3965299919
2612569744
3202825053
2677241798
2393202459
1812397164
3952295817
3594860034
3142840359
1759191560
4119941237
972429822
2311187443
1303393124
726260257
3975913402
3819871871
2642742400
995494029
547685174
3087537099
2134395228
220972985
2650226802
3564574679
2443462136
2928264101
3693679470
1907046051
1400577620
1101228113
2698967082
1046920239
2061676144
2550981053
3861326502
1967830139
1490063948
3865517033
2184554210
1231219591
606479848
3167470293
3437242590
3044142419
3364652356
804864641
1054485658
2046625247
2500889696
3745433325
3333484054
3591913771
3867072316
1126710297
1334274386
1190292279
2843722200
1894403589
3046267470
1512116227
1349740596
1049520305
609500426
1588362127
2567808592
1943975965
2593738118
2161883611
1035081772
1947347017
271812546
2629867239
1854937544
2352506165
2037819326
3548618419
2927544100
3529890529
2759076218
2943360319
1872297024
1100985677
2885110006
1656757899
2342081820
2122834041
2084635186
1831366295
1945513400
1892223077
2776895790
3022297443
3049103892
2638387473
2015425002
3657624303
758222384
3975462525
648142950
1605398331
86216204
1286366377
1769396386
3712283207
1578171816
1366243221
3765540510
1565458451
956233988
3450315585
771855962
2799690911
35019808
51434413
2284852182
39300075
3607085820
3714233561
995887890
3304137207
1694468504
1639838405
1521891342
2936918723
4208053236
1054341489
2591889098
3913419343
709256720
703001821
267969350
740349083
362607596
1951256841
1396152706
1590164903
1151390088
101202421
1049163134
3089895795
2642746084
2832636833
1203401530
790911999
3716197376
1344938509
789794486
3308710219
2905219292
3385899321
2148566002
4163142999
747885944
56692005
534826734
1714732067
2468865492
3496380881
3852512170
1900140975
1061432816
3712834365
4166407718
1820649979
1368803788
990801257
1856883298
2703341831
2956432744
2946198613
1819591774
896717523
227093700
3070936065
3117858842
3272967007
1322249184
3783499885
2421750166
666228395
1854959292
4192857497
429288658
3701119159
3064664408
558520197
3686520270
3773912451
3996643252
3406187057
264482954
47864079
3609388496
1170207133
2641508614
322219867
394760108
1023818185
957442882
1344939111
1791838536
1606471349
3740074814
310068275
3062050468
391912545
2827910394
2307611327
1593580480
4222963405
3082359926
304903179
4155157660
1875268089
3005597106
1948998679
725433656
2467418597
285166766
312188643
2004478356
1942960785
723395946
3672344687
416976304
769046525
3640953830
2122851515
1105773964
1649227305
194673698
1136213959
2052713768
873488661
2796139038
2023581075
3253411972
3034752193
2484709850
1432216095
3539811232
1867984173
3437993814
3639787883
2700139132
2038294105
3556150930
3970879351
3997325592
1011842117
3731043214
3666581571
2523255668
3688454897
2783447626
3795150799
3882034576
3962154589
2697285318
2027375131
657582956
3741016713
461438210
2141653799
550863112
1445077877
1885524222
2100377331
1429799524
1186356513
1487947450
2774866303
734743424
2566994829
329816630
1012973259
1054537820
2972232377
3745564530
2684154583
2679268600
211506853
4271868526
68764067
2926816596
3762072401
1247371050
2913466159
3786714480
1666241725
107774374
947527547
2581266764
858308329
2046619106
868976263
3694658792
4220392917
2228248542
563001427
2447692868
1341080961
780817306
2759393503
2791197536
1632336365
3953657110
1758358571
568395324
4242448153
339505234
334349879
461725912
4287455493
3362541902
1184668419
521893684
705768369
1051337738
2115188367
1657218384
31730461
934421638
1606984923
3898345260
720194377
340152002
3154031079
1719236808
1709979701
3366608574
1393420723
2506528292
530931169
2850017402
695310399
1001274176
1020127309
3500269558
4136880523
377160732
2394407801
2384562482
4200155543
2041793720
482188133
780240942
1164813411
1138045204
779017233
85088490
1078928879
2173865264
3262886269
2119055206
4246395451
3710713100
3730900905
3012894626
2685963591
3046235304
3805579925
3165179294
3943090963
2033600516
3505432129
3135815002
3072778143
2696092448
740329133
1515072214
3926447851
1696657916
3838580697
1143476754
823622903
238299288
2009335237
3214356238
2414108099
1947785972
778943601
2076835274
2368980303
286188816
732915677
1073265222
2328412059
3200639724
2979787785
4246823042
2482051239
4219023496
3420392693
2105781374
2932956275
1389095396
1256791713
2916948538
2087769855
1181018880
3151713549
1013245366
3011875915
3528118236
3375602745
159910642
3254804567
1761604728
809017381
2791654894
2706949923
56521940
925224145
3708359338
2845381807
2687773936
1343704637
4268338470
4012528891
1335802060
1421217897
1914900834
2002801671
2787603560
2258878293
3287481182
1338351059
866089924
1084671745
720693018
1411874399
1505471200
76960621
1184764054
794952107
2658180540
1376145561
2373546962
3807114167
1443803224
1907583621
2846084302
3777159299
1092484788
565120305
3204945802
2253853711
2046452944
3461047453
1465454598
2090310235
3459219116
3284622537
1876046402
1446920039
1603577928
2226823605
3836656190
1799065395
690552228
826384225
912794618
3307394495
3283049152
2867429837
1689365366
2784370443
2248825756
3780916473
1530154162
4122097431
3713555512
1942775013
738902958
2728045027
2026862740
2468445585
335383658
3225797487
2774109360
3504581373
75424486
4050161595
4109382796
1189599529
795263778
1751308999
230214696
1136374805
3496929566
2324377747
1021341572
1741793217
812568794
37412127
691534496
3748454445
2656548438
3415862379
3247442300
625822041
3656422802
2284530295
1121253400
2048626501
743582350
622338883
4058702452
4237630961
706933066
2688361167
3846808720
242753885
3683853766
2012558619
4200127084
1915717001
3323511810
296101415
3532382216
1295971957
334202878
588022259
1950208356
4218347553
3577802170
3930559615
3947727488
1589145229
390607158
3232065995
91858780
401706425
1290161778
1412353495
108823544
3560499621
1160905070
2482195619
4024974420
2602692177
2880423466
454373935
3099765872
3382757309
3461208230
2794818171
2430693452
632709609
622867682
3789562247
201712616
920414421
3621557982
2518123347
3501794116
3476113537
1024883354
136379359
652741216
1902390509
255532054
292591403
2185180476
4284547609
3545069394
1066737975
3829858264
3720115205
2908899406
109323779
2990507572
2011164337
2665220874
3517313423
1522312272
3505757725
3932617606
2141294555
3875665452
2375315017
431297986
2498284775
1411307464
2720795445
3774485950
822359219
1338664228
2452676833
3693574010
2459898687
3036641856
3959954253
3790108406
3058922635
3831018268
1840490105
1750994994
1547052183
3559680952
4265487973
932904750
2149756771
1953021972
1743200017
1709162474
281501935
3257895984
2131666045
1503039078
1903248699
2805099532
568437417
1292854946
311961671
2161032104
1019600277
2415658142
757765651
3941177092
3213207873
2192303194
1822022303
713808416
792476077
117981654
329646571
1413357820
1090616025
3813677330
3890862071
170182552
2840991941
1385440782
4029081795
1843128820
206536561
3203589322
3511779407
2719179792
3129203421
1637126470
1448913563
4159361516
2796951305
1147611010
1858483111
2752352136
3225542645
3784991614
2950866803
2542713060
2655494561
1557905722
619270655
3632605696
664307725
307395766
4190125899
1986494172
2741141305
4149973490
1283996503
4129821560
1587295013
151370990
837341731
3524330452
3526430673
3293411754
3088863151
1767910384
4125966653
1679361062
1958461435
2074290124
740930409
1626626146
3914002183
198398824
4063760981
1854747230
3397675219
1194445508
1099876865
4075752986
4133845343
3420678624
1303709293
3011454870
2767858859
1800195260
183415705
867728082
535383735
1143885656
2846391685
27771854
213937027
3498053044
4070821937
3962011274
369086223
1124983760
803395485
3738953478
2129036635
1356033452
240418761
3756980546
3992869479
1108870984
2755687605
1804366142
2053626419
3880438948
2289246817
689818362
3353759935
3449723328
2787751117
3058057846
3182152203
3479571100
968759289
60740530
602214935
3694099256
571668453
2133998254
872789219
2493581204
1925169297
146338666
3889430127
370445232
4076641789
1804941798
2469722811
301179788
4115561513
3666807330
347633095
215198504
3019048725
2840600606
2833578899
1632747140
504146625
1067448282
742643743
1655617952
3247346477
39832918
1479350123
3140171900
1038658649
2923863186
1179878775
3793983256
1802740293
1616716174
1192275523
1173090676
597483761
1211750474
3597721039
2238456720
1439863901
3221028038
1006575643
3581659500
3576670345
1175227138
558973223
1845378824
182962549
2492481278
726912243
2596184164
2037605153
3534591162
1649807231
3423324544
3162218893
2609104950
4107670731
3272889948
1904636089
1458034034
2701961431
3053626104
895646885
534804590
3510196131
131648340
2723361105
887237930
917400879
4027362160
4210866877
2915774374
1872557435
769908556
3994027241
4087315426
60865671
2744107752
2662775765
906284510
3272363603
1963553348
3720301441
3665731994
1425340127
112052576
1065934829
2708091670
2147402283
4154025020
2058315033
4240080466
2045279287
4089749208
997689093
3564388174
1238872323
4192179508
1476047281
3035230730
157592719
1894654800
286462237
582472326
2422635227
698606892
3423048009
2424298690
3615418343
662714056
1895292469
845532350
493256627
3450483748
1510499297
2873826938
2599980607
3414997312
2135838285
1338707446
1375674251
3845284380
1266387321
2062980914
1119813527
1935772344
1162527077
818968110
339982947
930631444
2041274897
176760554
4218133487
3741879088
1387108221
679142758
1823715387
1395907340
1194216873
2783292834
3838034759
2949094056
2403545237
3396025246
3552207123
2115560964
3378949185
4115336026
2000213407
2409666848
1013181613
4267595990
791620843
2488750076
570613209
2295603218
2573742839
1221682840
645147589
2209160462
2144695235
3625646324
142426737
3556232138
1704672079
3444826896
107236829
3838601286
1054643611
2970337516
2208053769
2567499394
