3382973771
2990365916
2444412217
3813875698
3366875479
3281834360
3745372453
794766062
2219272227
1453498836
9049553
758564778
2668185007
2473372144
1623435069
866136614
1491932667
543720908
1537440105
2768725602
1406575879
3849294184
1306212437
3438944350
987791059
3533891780
1447120897
929291290
409464671
117925856
1941761133
1032443286
3872981675
1927391932
1811020185
1153894610
2822407351
3520204120
2796364677
3943182798
276431235
2561715124
3926906417
487050378
2390213903
858350032
2742828445
3528070406
1070783323
2904017836
692143561
3940091714
460656743
2745386312
554080949
1790992190
1591668787
437971620
4143491169
256481530
171165375
2391906240
297048781
4193775734
4144341003
1782179996
787766777
3980681650
3588311063
2843883832
351968741
1461299374
513428195
1475388820
2227095185
621822314
3210146927
1002375600
416875517
510289894
375148731
3442934156
2100183593
1070602274
2191141831
1439557928
727461141
1422593566
2532774291
3540049028
2548379841
3405956570
3160165919
4176525216
2082240813
2067299158
3464621419
1891505788
2832331353
3825412754
4286233463
782587160
2378057797
306941838
234898499
2077921140
1638852337
864560714
2592003023
270901648
2540829277
2377722566
652310043
1463691116
193097353
1495570690
220067623
3186064648
376696693
3084004606
2021712627
2731327076
1881073953
3334955706
767133055
1193068416
2408351629
2231596598
2913331915
3672519772
4087527097
205218674
4276018903
2167628024
2156929701
1465247342
704900515
3890637140
3724031825
2460449578
885482287
3478464880
2178883773
2985188774
666520443
2644852044
3562392297
3356396002
1792569991
3655860456
2548425173
1552792542
2228511827
720801860
2193478017
3134156698
153316575
906872672
3030173165
4145078550
1086953515
2032812604
1971235609
623184978
3655709239
4247018712
1762143493
4243631438
2851948291
2072785716
582137777
3903209482
1325965967
1413849424
3333977885
952238214
993972443
1860453164
599807817
4190497474
2007080423
3821499592
1900676149
2813704894
692688307
150360612
2665081313
3142773882
2775712831
1052489536
3756340301
3440950262
2688873867
2550284316
3766341497
3388482866
3261543831
980437176
3468584805
1976820782
2974044259
306441492
620128273
935097578
1444581871
904857904
3767926141
3958117222
4022797883
359872780
2446988201
931314594
995195207
1367201960
1882740373
2583832990
3208148755
3594781700
1602957889
948558170
92097439
2518587168
2449330861
517146326
1349518059
4293275132
850928601
1911336466
372992247
219096216
1162531269
3501689614
1328613827
2206570228
2782611569
3726776778
1658138959
3343474960
3591353309
2971964998
1068166043
1472863980
45809673
2793208962
3921675431
3573755016
1850267893
3492481150
2348353651
676832740
736733857
4272698938
3625796351
758015744
3615400205
536330678
1101185099
4115532764
3058018361
1882892018
1597656151
2230907000
1816488997
3092488686
2132505379
2731094228
846813393
2517577386
974160047
390899952
968727101
2317584678
2437054715
2019620044
2793086057
1206693218
3804577799
1548709992
1360235349
2196264798
3236121043
2427008964
923620097
905052954
2016012895
2967676640
1224712045
540994710
3493146027
951179708
20864153
4095348690
1396432823
3995446360
4014356101
1935681742
677088387
1065794228
602446129
1975235466
1285849103
4042318032
708292765
2493574150
3068511835
900709036
4180830409
4178169410
2990091111
291152968
170945973
2264012350
2068790067
2628827556
2148412257
1653817338
3967500735
2318718656
186174925
2338359158
3296676619
109680540
4122624249
146991282
3558351639
3498924088
2246389989
3834978222
508122595
624309396
2671839633
4016023658
3077123951
3677227184
1377171197
173326054
4008491963
3392041100
3271091497
1930190626
267634375
1511835688
2536996885
1291863326
3298090131
3588631428
3523490753
1690823898
3890825503
3726341792
3462540333
3910439510
1389959275
390940028
3251721561
2506961298
4020704887
4029150232
4089076549
2326431374
540856131
458202740
2509941233
3509783882
1127648975
419176592
3891293533
1089929670
3819921691
3964999276
400986505
1261199362
3754758695
3633175560
29409909
3788170238
2450271731
3250687332
3288820769
2026375610
3377201279
2374960768
3480468109
3709013302
463115723
2675237724
3751516601
1565583986
3753949655
1290633208
140359077
2153274734
3649960099
3846895700
3289217617
1164829226
1692704303
2840799344
2925466557
2856301734
2877666939
3466308684
1477668329
4070691042
832376199
1789255656
1600402645
3993629406
3305975635
3787120452
3106919553
919312026
2608555999
898074208
3605362925
655620118
723239723
1333293372
355536409
4289074002
171773239
584448984
2674343941
2086052942
3784626691
1117798964
3014752945
3527943946
1028349327
1194008656
4093241885
3555121030
3368532955
528101932
798456393
3064246722
1094432999
710726600
3518617397
3061150142
720363699
3007979812
3767889121
2466943866
357531455
788330048
961505101
2731496182
4189364363
1406136092
1957278329
4154764338
15995031
3923339192
2691627621
3512556334
3148438371
4006050836
3114183441
1509546986
2571291887
1769736240
2472079485
1738828390
701329723
157853708
2525673129
3228369570
1988170823
1839904680
2254023061
465920158
2097955347
2951172868
894448961
3720151130
2577417887
2397525536
3611919789
1207770582
1807560171
1425235196
1545438937
2625942802
2176697335
1441776536
4279035077
1847886350
3609433283
2704844276
4142730097
448463050
4053986383
1128128528
4078184157
724593990
686741147
853478892
3506774793
355648386
1699028903
3330771848
3067849717
2595340158
1622823795
1292530916
2121805217
3273317690
927317503
641639936
493605901
710236342
3515706187
2002434780
1973717817
561917426
1987192663
1460735864
3134783269
3714324718
2405137955
225165268
1488231377
2932053418
1799601071
3278415856
96701757
4382758
2357455867
3193267148
1864286057
2519594082
3445611271
48975720
2832719445
1274187358
1733432531
4230710980
1327846913
1264331290
2836915551
2180703712
72241773
2039481238
3883751595
1534986428
3075915673
2512983762
4108925623
422923096
3748350341
1171529678
732501891
3805858228
2551012401
206281354
3606919951
2499043280
1241457565
3834888966
2263134555
1245948332
1290767305
9868610
2594784871
751698760
2917548213
3829386558
237733427
717392036
107982433
3669550842
1441709247
3943962048
277414093
2170887798
3588552203
500516508
1665934329
3835522994
1056636439
72644408
2220606437
1781307054
3747897571
3438789524
974081169
2240483178
2980538991
517539760
3395217917
4057667046
3060344507
4045528972
2458880041
3986990626
3841548743
2317854504
597611285
3025239070
3198068627
1111980676
3480172225
828969946
1352811551
1719809440
1387519789
2844567894
823935851
1457026172
127711321
3576903826
3263132023
3160838936
3443682885
2837806478
3387251267
1933618548
2412932337
3367629898
605702607
2215550864
494592093
1573968070
627657755
1231553900
3021386889
3532662530
4029164839
2632989448
1939445109
2833226494
3456334067
2821872740
2705059617
1805955258
1477081983
3040691584
1734798733
1975428150
4185604299
452956764
2120252601
180515186
424580311
560176888
3921103013
4252423278
4135846819
2032895828
3060710737
3759163690
53336367
2743936880
1709901501
2049772454
1245520251
1703811916
1906118889
9508834
739092615
589283048
326010837
1252141534
2108815955
3187355204
1055774593
27508122
3607061215
1413301600
2000301037
2243104534
2606362155
4207059004
3987697945
75700818
155215927
1329830616
357716741
4258831182
1553489155
2117095732
2533113265
835063306
3485079695
407674704
1380408605
3030888070
121415387
3557564716
3610942793
2766108866
880923623
380515016
2226498101
3192989886
4211223475
3776573476
933031905
3349035642
3831036479
2088383808
918919757
2502027766
4010822539
43621916
3349255545
497890098
2217536407
2650703544
2544602469
3707949614
3749340771
499583764
3868388881
2148745962
3063351279
960825136
489153405
2532884838
2864700475
2673481484
1023891881
3367192994
3512512327
2912130728
1426521237
3299121054
1598819603
1795596804
3865131073
3989579610
1122976159
585897248
3869325485
2076390614
955668715
3137113084
3394169305
2373499922
2817269495
2710332056
3294296005
1772976398
1317150659
4016551156
642436721
3912230858
2426185551
426663696
2367986141
3336062022
4011770267
1307573484
1192969737
1363446402
4134943399
1506273928
502955765
3126097534
2951192179
2973320164
1918021793
6652986
1637497087
4169852160
1399129869
760147894
694425163
677603804
4291784249
1730000114
3193307735
702885496
4210594341
244355054
1694992675
2257211092
2738609873
3881041066
3802330799
2277549808
4107632701
100546342
4205926139
3796226764
3851313769
4291509090
3282466311
3376623208
2234003797
2551760222
3727482835
86627780
3465107713
3886174490
1529995359
1783538912
3584623981
3111983766
3702621099
3410376636
3191546521
2580815314
1027773879
1124133464
2803653765
3529774798
3395461763
1923537076
1987977009
1354203530
3716281871
255057616
852661917
841128454
1607441499
3671300268
1417195209
1904172098
2227528039
3858588232
1009259445
4071195710
3346256179
3025164196
3122475361
3887762938
4136515519
2704233664
1376072653
1275442550
3677790475
2686252444
2812937977
4040423090
3330922775
886543928
1079924453
1474301358
300641251
1060459156
2234093457
1469216362
1578214767
4139779760
2981354749
1157459174
483496379
839995020
468855593
530115874
2980773063
3589178920
9578005
4206801694
890532499
136628612
3223730625
2699442906
2793881375
2183460000
957452845
748732502
424373867
526361468
2855541593
324353938
671337591
2204185112
1247183173
3720115342
3136939331
1940765812
2153132017
2317146954
3978953935
1096621712
1745965917
1413918662
2618242843
1584854124
269670281
1599073794
3996076071
4212038152
2617141365
2098221566
3697722355
1176447844
935096865
257775546
2314532479
2921825408
2271617165
3204856630
4148685771
1032208732
4294008761
2224027762
1535668183
4002790904
1419565989
1051806574
820383395
2475169364
3843817553
3532566570
3215135791
2919442032
3632462269
2444649126
3017837691
1383893580
1358083049
1641832162
170541959
4082474472
3825523413
3797311710
1589822803
2948037956
1140316801
2337793178
1806654943
2184119392
3315261165
2196645398
1099176235
1795739452
788124697
2747015506
2263860023
1919760856
4207502853
4051079758
3406292995
507273268
4237492401
1998583050
3059012495
3081379408
295751709
1258587526
2795344347
2090471468
1252638793
880164802
24375015
2562429384
3124591925
793305022
1233155763
2187706148
3555750625
3373130106
3264116031
389248064
138923341
336625910
811071115
2489273628
157644921
2886842930
4229023383
1189062072
3832815717
147081518
3434574179
2403506708
3688050961
436775402
1578582767
2504656432
2919421565
3924367462
580798267
3343353356
3041918121
3226833058
4226042439
20477352
205541269
77581982
368564243
4154585348
2730376001
3635891802
2976529567
1110234144
4026854317
707087318
1746633707
570538748
2907458777
3033056018
952531447
3756327320
3308587717
861040654
