2993778099
4161554980
3150414305
3052643450
1626037311
3035967296
2124434509
3223909366
3865562507
567752732
4078856057
2427444530
84643223
2950217912
484212581
3270188078
1405233251
2394416404
3819569169
1298869482
88730095
2422636848
3396801917
3555347302
2046811707
3630575884
2130750377
2064151458
3899380039
853823656
1849454229
2043109790
680283923
2945842180
1233439297
1690734938
1843569567
3696496416
679799469
4013899478
2084494059
3145147900
3018111961
2646631954
2739650807
1374919832
2226448837
2796208910
2363154883
1765117684
2761613425
4234990026
2851113295
3770472720
3669806045
1031720518
3398419355
2876839660
829265929
102675586
742808743
1424336008
3768119541
3754705022
192471155
2850397668
2297381537
3397709370
2205063935
3781156608
1808906509
465566134
1226676299
1620771804
201211961
791305970
2360779863
4149831800
1660650533
623041006
233917219
800401620
2537877713
2868242090
790091951
230433008
3744903741
2295972134
2463324411
1523313868
4240028777
1906992482
2427951111
1487792232
2108662613
1348833118
2358190547
2020814788
2904484609
258390810
4234625631
1896914656
3776886637
2506302614
2841380267
3518681532
2441278617
1948633042
1998862263
3959563352
1665683077
2232115406
3193791619
2981016244
348139825
1866361738
93837327
3797702864
4135372957
3551732742
2770509403
2765533868
1560084681
2598602306
2711061351
1748311112
924353973
2689289790
3374781235
2830545316
3039544161
3080976378
3752106431
4099821248
2902713805
3353395062
1699881739
1263439772
646633721
2011865266
1147960087
3085291576
1026771173
2837206958
1903635939
3130666132
1109696913
3145621610
1246267247
3851780272
3408334589
1472394982
1070961595
3289475212
441417001
989992738
381558471
3916644392
174823445
1077247262
3399005331
3290964868
1814940609
2742330586
3758006559
2420174496
2149139501
988858966
2975330411
2244885884
4180536665
565242258
40332919
519859224
3025433413
269336206
3868632899
300914292
277496305
1575863626
3322013391
1516214416
2479719773
1791048134
222574875
1861488236
1221142921
3879606274
3556993575
2120242184
21027445
1021058046
2252080627
1346340196
1765606433
252756410
1548572799
632323712
2532758157
2454406454
767913419
3048332124
2206478777
883991154
3941405143
557709304
2554580389
3566703982
3373519011
2066149460
1024004689
2160368170
3986421295
1068671088
319302589
2120608934
600215163
3623265356
1216480745
282036450
3913246087
83122152
825248981
1056385758
3714647891
3463763780
259091585
2461027994
1600700383
1369767520
3124007149
2376609814
3874659115
2339465532
2342888985
1344392018
1674929463
4204950488
3298383877
2909920334
2957421059
3048749620
1354306225
2855984906
3790517647
1350998096
2540634653
543756166
95720411
2911971884
3314684489
82733506
2454327527
2535934920
3151097653
2336139710
2641868979
3158317348
2380465377
579554170
2687031103
1830186560
1047166797
146770678
1429698699
864347932
598362745
4013712434
4277692567
589422520
552407653
3981742894
528954211
2098951188
2696037137
3163067370
1876042991
64192560
4221175933
4202865254
2707835195
440115212
3088141993
3973233314
922446919
2331062184
3468542357
40540318
2143296019
2467908356
3752447297
249149530
2170920607
2365378080
70294957
4215887318
1558971883
1449415932
2846498521
1765305618
2049842167
1320434584
2698443973
2197273102
2251123907
2294849012
1309451121
4125472970
270419023
2358335504
2787196637
3530204486
1362341531
3295544812
1679276809
3451157378
1798010791
1917453192
2743845877
556988286
697969523
3363335396
3420308897
64197946
301405695
2186288640
2015292429
2029883574
1315455819
411546332
3351061305
4048414194
3209592663
1834059640
1139742501
4178792686
1066489379
2352461780
1172321233
4035595690
3886748591
3652722672
2308744509
2312706086
3681862651
3466615756
1505580905
2295049314
4004655879
455722856
2144597589
5228126
744352979
3453320900
3851873793
162587162
213204319
3657981408
2462935661
2979281814
3859034283
442958012
1945851801
2528431826
3828454071
2867970904
365781381
1985959886
2466967427
920699316
1095038001
2729333386
3343946511
2520766416
614742941
512097030
1921091931
3611992492
1964647369
3679472962
2909249127
2408086344
3039713461
1417217342
90398259
279478436
2347583073
2225708794
3631748287
3709701568
3637778637
4039464566
1276628491
2021277340
4034706425
1151674290
716133911
1871507256
772398053
3180580526
3018995939
876329876
3310544017
1586087786
736543343
689995696
2177892861
2854833638
3031563963
4175746956
3729137705
1585077794
3206789575
358489896
2704468757
1852224542
503480211
4201214596
3925397185
888523738
2283248671
2424810912
1523250989
2655576406
352000875
3409538172
3411628121
3260477586
10471799
1595607832
2956756549
761836942
3248435779
734045556
589432049
3528764490
1044750799
3042056080
934803549
1652232390
2891850779
3387358572
156847241
2273435394
1740539175
782414600
2910432629
986764030
3415429363
4035990628
4140926753
919431354
3664499583
3040787840
3041527181
1037491254
1090918603
656181852
3735622841
3003263346
4292537559
1502877432
3422380197
3231059054
3345603491
3236396884
2009748817
138871082
3544527151
432840560
1760829117
2570273702
3487431035
1556681548
3060508905
2812202978
386924679
2572039912
1335533525
1114595806
1332597331
1419060804
1972334465
40400282
978107103
3359292768
283722733
1864845078
1016120875
479959100
1350830361
2514408018
3996696631
2062553816
3169086213
231985998
3165271299
2468890932
2892223921
1721288202
1807577231
4052227920
3290199325
3154765446
25788123
1073944876
4053087561
3960025282
1760570343
1331210952
153993781
2851758270
3605660595
2213537828
4115302369
1811870330
3197260351
41135424
574665293
3992068598
3757253515
3090060828
2466393465
3324308274
3180413847
455540408
3398018405
1205471790
2226667107
1039860500
1980139025
2944531178
881221615
2474409776
2210986877
1421277542
2411246651
2114785036
317583785
1576599970
624363335
2260340392
1741362325
841600926
2069882131
3625490948
3508195393
2747850586
705993119
1491176736
703090861
2448387286
1870999787
2186118140
1681621465
2064413714
2344384247
3459308184
1216679877
1029746958
4008441795
1490529524
1439327857
20619210
108527439
312596240
1855042013
150109254
885234075
2640245996
3196968457
3802546818
1069322919
2976539272
84580085
934653566
1109882483
2793880548
806897825
905854010
3953889535
2088525056
4101512973
1322723254
2610884171
2138071516
3460826681
3352128754
2727500375
1678091896
2523834917
1495255022
3063767331
2000045780
2563208913
3589977258
1718242991
1039146736
3608057917
2591321894
386019067
2691746508
3834444393
994636642
3629698567
2103551592
2256816469
3008757086
479770579
1085525444
89846017
181864730
506411103
3661372640
3666353517
878793366
2157468587
806301628
658487961
2610943442
2011884983
3902628440
534672517
2714717902
2200205955
680448180
1477818161
66730378
2234863119
2690602704
2614603421
3874804230
3368842331
96112812
3238217417
85529666
988002663
3566721608
2647665589
969063486
3893078323
4095102884
268093793
1720403450
2289536959
2602093760
3232779213
1850076534
2798221579
2426531228
289054457
3250302642
2912825623
2750418488
1550610149
3123135918
3889775587
4166601364
2026710929
3178311274
1068563823
2162654896
663024893
3895174374
1215982011
3350480524
3691561769
3108939042
3744814279
3708091944
143015445
4222872350
1842891411
170312068
3675247041
3914527450
2640090911
2752146592
394832429
1144846422
42616427
429955964
2052109145
3780704146
293872759
435530264
3484457285
3772755086
1679015235
1846391924
2886060017
2425852746
515202255
3800077968
1890478941
3016812486
6557467
1557523564
162885513
2904663554
1764073511
4171305480
2420015221
3319892478
1666620403
3361547108
3182561825
2405830586
2075545215
2517171328
3685300365
436106038
4096967627
3213048156
2627336121
2108665970
2641676247
178664952
155382693
4038099822
1663821475
220466772
1859622993
1738893354
1461349423
2216861296
4192997821
2073860774
3336660091
3080159820
1780567017
298456802
2827787143
3311670760
177271509
17012958
1776196947
1882289476
3673780865
2969345178
3999053279
3456924768
2510943981
1866620438
1209725227
4072785724
4264455193
4126660946
2001214263
1912189400
2763750917
1615972942
1014611971
1427396660
173709489
2295508234
3384290191
3771045456
3520456733
2370223494
3729418715
1181812780
1768183881
4102027202
2571257575
491129288
1494586677
2983335870
248008371
1058780964
570297057
38705530
1814547775
1695345728
1512236365
3753949430
916115083
2681488668
1898319993
2238280242
4040564375
2280136120
1236416613
1115390254
861227363
3243676180
2477181201
2522309098
57055983
794918448
2466508413
1384599654
4109836091
4091182604
3214316713
1048266914
1662952007
373222824
1768187797
2030372510
3412832275
1855187204
1305989953
2475951706
401577119
805456928
3383493549
590447574
1678400491
791851772
328787161
1128037138
2281099767
3228137880
2881430213
1172678670
1997963971
3378691060
3956550001
2389411530
1023261263
1659786768
1678648541
1360417606
624919707
642507756
1892679945
3035892098
1509535143
38191496
890595829
2471781758
86032755
873597668
3852389281
3506758458
3230403583
3219430400
282939917
223133366
3770784075
2236944604
1335814457
581497842
3867293015
3413493112
2323266853
3041410798
588606499
3769685460
3220879825
3410434986
1532332463
711204336
4153183037
715900454
4118518267
3225237964
3441991017
4179769954
4255869191
1867875688
3250625621
3648533598
222266067
3238927556
1013642241
2195271706
3772068703
1638652896
3897479277
2378852758
689473195
45309628
3679460761
4075216082
3796912311
2500133208
2977662853
2002470350
1051329923
1991827380
2301786673
52568202
4014344463
4038776272
2350326173
2634000646
1476616027
539393964
1891133897
2285755202
4195079271
660814152
553516725
3223876414
555742259
1124081316
1901349985
3444108538
2678262463
508562368
2493021901
2959246454
627516427
2210765980
3099886073
1596863922
2100890647
1158622520
4166713829
248954030
3173797603
4143110548
2358471313
1211405674
900151407
3706355120
3964004349
2177498086
2871973051
545240460
1133995561
3145657378
653455303
812113192
1885704469
1478304286
1780094355
3814723716
1869796545
814488026
3486355999
3133746080
3864157485
2630684502
704999787
1627638396
907286105
4004970130
3843325815
1066158360
1118874693
2591204238
2113161283
3369517940
3677719281
146176586
391190479
3521844624
1857085021
3468869318
3109419547
398515052
2044564105
3357371650
2285419303
3428544776
3650048885
1309556990
4253411059
3349541476
3990785313
2296035002
4029467007
3088006016
974416781
2529298998
4148915915
1860560988
3981892281
79247218
1941611223
611603704
2148828837
3571907182
1280962979
1339858260
1378933585
249548586
689678127
1857330544
4126147773
2510418342
3100692347
3630297420
2476928745
3209780706
1303721607
2033579240
2450736597
3937652702
3703269459
290047044
1873769857
242008986
731427039
1394228064
2021042669
4260984086
3113294891
4259575356
3299135257
3765231698
2936239671
3485421784
2887684357
350994766
3753200387
3950798644
2594003889
2162725898
2883511951
239015248
4036713245
69178502
1274500315
2967140140
1560247113
2387787458
3544211943
4042221768
3683215413
314953406
4111636915
3720578596
1140690401
1434075258
1491683391
2229414720
370219085
1311461366
154040715
3665163292
3994415993
2634676530
1220999575
1499806904
3462843237
1295579182
3680392291
4146995476
697502737
3775449322
2356336111
3347217712
1498079613
1676912486
2166458939
1805905164
3993712553
4267282338
2696035655
696241320
59357845
1190935966
535001875
1183528964
2246104641
1312501082
4210462623
39783200
326874797
521116374
3933964011
1293148668
3888269273
835224082
517811447
358488216
4203034053
210149134
3467447747
3395930868
1076489329
225996234
1672443215
1836504336
3063322589
450243142
3534188443
1328861932
2866684937
3030241410
1776470183
1423909000
1672232181
2752453758
579210355
1629018596
477187745
1156024890
1083737855
1015601920
4249781517
610162102
3452978251
439730140
2076298297
1910536946
991826007
2476860536
1343344677
2106373614
888764195
3097978068
3950640337
1081049770
1986839727
2400460016
454458941
2860457254
652281083
503687372
1133527145
844595554
246023175
3775226984
1636364117
3803605854
2924629459
1055157188
3133601537
3786888986
78065247
1616354016
3961619309
768573590
2407838123
2186513852
3224141977
210363346
3546391479
2687017048
4205091461
1728265422
1973129347
291434164
77282609
270927754
3045245967
2001884368
627217565
2963701766
3492170331
378433196
3023670473
3569263170
2598367079
2011863112
1857540533
1470769726
1621114675
3982880164
3757690721
685937658
3455747519
1455639232
2223813069
656087926
2012270347
1105546140
387605753
2365373618
1233118999
1122651192
836080869
732050350
3823852003
537421972
816164241
1859386474
3184096111
757693616
1235709
3875820262
2362392507
4081525900
1156712745
3574280994
1180469959
4287020072
147907605
4087503134
3267879059
1981112196
3609319361
2057388250
3479866655
3301173920
4146597933
402204246
996973675
2439182716
782465369
1517356434
726719095
3219056664
960282437
3391199886
3208696643
740020852
3769716209
2863751498
3625505487
1938920592
1639928157
592483782
2268325147
3936864876
2312222089
1215640578
1962399271
2580664328
3110872693
1129773054
1243689459
3731538276
3075936289
2469092794
3889120383
189889152
9150093
606183734
4199553483
625252188
14663097
3089022578
850165207
2533258232
1618090405
3711529326
854850723
2031168596
1372986961
1844852266
4182303279
3380780144
2365585341
1464027302
1437350523
2938658892
1659933161
540320994
3062485383
2764297192
371300565
1870661342
1476670291
668865348
1672575105
2327374490
2717952991
1197734496
3914292461
2337049622
1089685291
771892540
3555144217
3309168466
1164628279
2218848216
51225605
2611066958
1448924675
1180726836
2368478897
3201989386
3258032527
1777636432
1349307933
2425645958
4203757531
1866524204
4234583625
696354242
3337256167
3126118344
3230219061
1020626366
969467059
1340560676
2336821473
3582060410
886489919
1374906944
2248887117
2838619894
128853131
1477681948
970053241
2097578034
1969476759
2141084600
2292670053
3625086766
752050019
3481382932
1741377297
4288032746
2141917423
1272937520
111006845
4177264230
3828872507
3580451852
3461077673
227792546
2381436999
2960960424
1715146133
202339486
684148243
1342080772
2838878529
1136546906
2200537759
3220687392
928475565
4119441878
3000545771
3421573372
280472281
3065022738
7309303
3171858328
1691830469
21206542
2779748547
1273813492
2194386801
3999356106
713896015
574313488
2519403229
3593601350
3975895707
135905772
2629322505
1369675650
527950759
2570289032
3234795509
3655717758
1247238003
496740580
76534177
27668794
466682367
3798538752
3922442253
67890358
315289419
772959964
2192617273
628359666
1348856663
2894726008
389374757
569191662
2622063139
4011455444
1262829521
2775837098
1739587503
1543511024
1907126589
2314105894
1530032123
2848593868
2009326441
1458096226
3142885127
3262202728
2514305621
1058054750
2949716179
2855713476
2960062977
2540797466
967125343
3326040544
369112685
2221971350
1675418795
2666511548
97837977
1485368018
4213112503
4194844504
727297413
3771151310
3623426947
3900767668
4199546929
2600857226
2280357647
606458832
2545551261
2447988486
3778360667
3639762348
3146166217
1520134466
3445623399
3056465736
3070076085
1883758910
1452050995
3813129380
2347455073
3914873594
3279814847
879921600
3230459085
1114616438
1315338763
3137403548
1547454457
3139912626
3262300695
2374069048
953952229
2156505774
202794211
1671034772
2500063377
2706334570
2283253359
1638169520
2464927229
2279254502
2640030395
805999500
270052393
1978890786
3983680967
979475240
29898517
1044615198
669100947
2990976644
1109187265
932341722
1278445599
2985994656
2047460141
633421142
3871328107
2596153468
2482953305
2491878546
2486777207
2330822424
3813986885
3756822926
3623444035
2279399796
3967357169
3867691082
286035407
3077837712
2044314717
561671366
436064283
3314202988
1771165833
2653485826
3747803431
1359228680
1607793013
364621566
4180180211
4239102052
1243321121
509084858
312328063
2144319872
1594806669
840775734
2906703051
3533653596
120889529
132138354
2320128215
1380225784
3663441061
2041047150
3338274723
2025962324
2647089489
4108885290
2007113007
2223807344
4011584189
813735846
1299424635
736808780
134886633
2759060450
2466933895
940421864
3334204373
4285021662
2344156755
2750308932
3875502977
2514555290
26519263
2599008608
406065133
2268832534
2386653739
1931236412
1542821145
342552146
3934137399
2139000536
3649615621
1685303118
1349542147
1438680372
302440881
2997379594
3165674639
3823506256
558514461
2728739462
2585078491
1906496812
2006565193
906775746
608212967
1769350856
940903989
2684435646
2364223411
2240226340
669029345
4066741882
2951757375
3158354240
3658579533
1624538614
3793342347
145576476
2220472697
2506032946
648851351
3935533752
2826170725
1393026606
3618925155
978403092
2119143953
1644140266
2366589935
2893577008
3405563773
2174768486
3459932219
556452620
2421718441
3693747618
3671946055
2603977384
3245891733
943631262
2518094099
2062407172
3889617985
3827137370
1619559839
1489799456
1698634925
379570390
1830935787
2613723132
3195604441
1106546706
3702383351
2809878168
448093125
2484899086
2887656387
1038870772
3820581489
2703637450
1100409679
1899746064
852196829
4079605830
607864219
1090171116
1985899017
4228210306
716766887
3208896136
2088624885
2765654654
747938419
1503295460
3455734945
2000738362
37059839
2709870848
106228493
475366326
1605474891
2968198620
2490077753
2908981490
3596207703
103686776
266663461
308913134
151358755
1946714836
257721041
1783910570
3743365807
2166889200
726557757
955894566
1114626811
1401587404
2579727977
3604352866
3014343175
60367464
2394789205
1585895774
3250316243
4077193668
1298332929
336045338
802104415
2204309728
2515200365
28159638
1445005227
1216867260
3695789721
1189343698
159930807
2460212824
1939521669
1420241614
365078147
3961457844
2588984113
331470218
377502223
3879031504
320699037
2965908998
993009755
1465011372
3063927497
2312384578
1099703655
3526186568
701462453
2046924862
3001341235
346393508
2770916705
2125062650
808287167
2807941312
2023299021
1918912886
1489511691
3742935452
3089771257
1504561842
2551291159
349473336
1030666981
2106401198
3853348835
2980546196
3920507793
1336330858
1150413167
1784380080
3570450685
3561816294
2362709435
3335127692
3574288169
238534946
3425943751
3505945128
2336983573
2818623262
1231517331
2280914308
3764641217
3613363930
4129850143
1919772832
2667017773
908416086
3690918507
1830115196
2519088985
217650066
3486355575
2427987480
1895359813
1272154254
2015226179
3424252020
780981233
742076234
1915504847
2375193232
3875551069
960512966
565426971
2557061228
1226701705
960020994
2004487207
3790769672
4241083509
893150718
3130771443
308830052
3593213473
2590026682
546847359
92928128
2241725581
817155894
3223154635
1727395164
810910649
1677577330
714355671
1179038200
500252581
439508846
3094090403
1055803988
1711580241
330761258
1411864623
2412943984
1279516093
2438592166
1344737403
1051278924
3002062825
3155112674
2469857159
588485096
3554819797
174879966
668584275
1970975044
697925249
2682599578
4199850463
1034647648
891601645
1640413718
1367055659
3174204220
2362439705
1039398226
1312655159
2977443288
1603258885
3747718734
2112875523
161256500
1496163505
3427944714
1264261007
1813221968
2469639197
2857507206
3666220507
2818622508
4271432777
603132866
2604839655
3998451144
1915543861
2890462142
2658761395
1856172836
1237587681
472200570
2050341183
3016353856
1109635405
3843233014
1215396491
3695378716
4256013433
1444122162
211913367
2319751608
1573684325
773414190
2348905827
664587796
2636109073
2017787370
1688176367
3645733424
3597122173
1843440742
4012428091
1055406604
1680941225
3659293858
930418247
3651824040
1161933717
998892190
399694867
3076072708
1908662081
2673386074
1125351583
3168618528
3442659245
4065451990
3377924075
2896129788
554070233
1133811474
1670921719
3299079576
1277128389
890340366
2448993987
2422667252
2465412465
2512855754
1489806927
1249399312
3161977053
3787304774
677851291
3923222508
1741720841
599991682
1000741287
3071294856
3333993973
1961312638
2034101619
85280484
2830161825
364347194
2747660287
1776130048
2196381197
3711638198
1686390091
2462043356
3773986105
2041516018
2096734551
2425241976
1780517157
3204586222
724408355
930288084
1740621265
4279285674
2361030063
4002159088
2013026109
664871462
2358855163
189199820
3650038121
572479074
2813187335
2491220328
2083121237
2971209822
2484252371
156195012
3248685057
3346648090
2535792479
2277693408
2615254125
361153942
374420139
1864112828
1938401689
1201338578
2929570999
1509653848
57136005
849551822
3740807555
205069236
345867825
3931749514
289469711
2961232336
3347901853
2101544198
2383874907
2175679404
3582260681
3530094402
2808365159
3152590152
4146940597
3839315774
631840819
1904171684
1538414689
1490520314
3288921791
2676295616
3702606541
653058166
1192611851
2653706396
1524895225
3633336754
2052880407
3370363192
1871531493
2460784814
548436707
4197520788
1587836561
3923390826
2738365551
927889840
4123112445
1012619238
188252347
2810540428
3284791849
232261666
2460048327
3008059688
3579501845
2698640926
3612950931
3877457028
3791052993
3389568474
2101968415
4129040288
2515609901
3106237270
3408534891
4167599740
1696178777
868686482
2383276919
3242116376
304674885
2111209358
1336833091
3906142068
3605829361
3955889738
2876769231
3857518992
3643976285
3668056774
1314235931
1397004140
1484136073
2309261570
3980207911
1016917256
3226115957
299441406
1048253171
262221412
2340985121
2001031866
3250500991
2357213056
2755213197
2414372406
3806730955
3527976028
2890032825
1014453106
3280604887
1661260024
1523765925
785962606
3075087779
3147225428
3666732881
979462954
1054380847
3679754608
3564622013
3922677158
231111547
3613633868
2476833513
3607525858
1729077895
1440051432
1838453205
9219038
3697710163
2357395524
1535082881
415588250
1010867423
531183456
1881241069
2330841366
983681067
4232360508
2524338969
2983787602
547938871
170773720
3307396357
2087427406
2396747523
1374987060
2459985841
2077765642
506581647
4068282704
3593021213
396030086
1810039003
39498540
3244558153
1664473794
3689991655
955049160
2664477749
3517754046
510903731
4214932004
552835553
3267419258
1135031359
680470336
3997295693
2783816694
3937740171
3268718620
3587014521
790893874
3611452823
1320270008
3635484517
3645297710
4189749347
2271501588
4097579025
2993054954
3059466735
3260971312
1490988413
767361894
4144182843
513911052
2044052393
2003479458
1404610887
1541097640
563545749
2247170462
1576707859
4114641924
1996284481
3849308506
3670703007
3693741856
2670887597
4171232982
2004366059
4000357884
1751110617
730897938
1160681719
76059800
689275333
1411545870
121584067
861800180
3229153393
1011091914
539910479
2649805072
1664115677
300779078
2843679643
4071657196
2702094345
954002562
37696679
1889049736
3481241845
3121739902
3763550323
269227492
3300088481
1292510778
2961339135
728880896
2408272141
3065819574
3510825035
3281026012
2554681401
4199978738
4098194519
1001021560
1441274917
2545324526
2999034659
693739732
2221869265
3551076010
545370287
2485917936
2276870717
3320084774
3920539899
3237962956
1730595945
2831457634
1197240327
1696391272
2384608085
2798077790
3604314579
3709183940
1026491137
566752026
531044959
3277756128
1474580333
805035158
1416453547
44845500
4220914841
3400400850
2589921207
1074732120
180414085
3938130126
3818503299
953100980
2570471729
2395841418
674082831
1879593168
3842531485
1733942278
2313811547
1208363692
1211504841
2757344834
2934463335
1667241032
1326914997
550045246
1591307059
3923061156
3750222689
3890294778
789606847
216549056
483753421
3491067766
3377429259
3896248220
1953100025
2815350962
424891159
2578368568
4281852133
803737518
1830782435
758555796
602323345
3756628074
1409965935
3095230640
633251581
805678822
3364416443
3258769548
206869801
3839119138
4038784711
3512350760
267792405
2563716382
2176257171
3217202052
1993728961
2140003546
2442557727
755426976
2398542893
515998294
1681999979
750237052
819529049
2029068690
2130331255
209806360
4142205765
3858069134
246087491
3456634484
362306033
2503277898
1827651279
2961412240
2154896733
1973416390
1340313883
3860563564
3348775305
4285288450
4037820967
1359170568
3663164021
462541822
885415411
3830840676
2586909729
621148602
2786144383
78804608
3940575885
3216506166
3315254731
77026140
2868595129
21813874
86763991
2558455800
3244320165
664489326
1939089571
3736823892
727919185
3639071274
3887451695
1460836464
3082273725
2850071718
911337083
3860470860
3659472361
1700380898
3197386119
3226685416
3285378261
1372119774
1499422547
3641134916
2897314945
1887536794
2002294751
820180576
4180289773
1924196374
4189319979
542302524
2833825305
3759801170
297811255
2040490968
977399813
2878444622
858980867
516469300
3999214257
825890570
3845426575
1730318416
438999581
1518323590
4264291291
1890624044
4026214985
1674879426
2521491687
960644040
3993012021
2150392254
3168407731
458133796
3715046625
1446544250
3158617919
177235520
241964877
325337846
2028261515
2892128028
1018782329
2425396274
915357847
668653496
1226943077
3297790766
3504311139
1235741716
3013892881
2154023914
843316463
1470855216
2187436157
825580134
2513019195
2958497804
21391017
605352610
3752346695
298330024
2256034197
2272546974
411988499
614712068
662824257
644018266
3618469535
2796733984
188626349
2575961558
663051755
1363004668
3297064665
1776854290
829486071
1462317976
3784807621
1632596494
3153183939
382801396
2622143345
77394122
1203510351
1537560592
1458886365
4089011526
1468204699
1267039724
1377358601
2874323842
780423079
3688692616
3335674869
3831017342
299139955
1786701028
1375853985
2369310010
3630886399
3594655232
1547207693
416958646
1441635147
861743836
3932437305
2673483250
3963443031
4152524664
54243109
210176238
1338093091
968634324
2506771409
1478329770
1249176495
1644697584
2323397949
2210648102
162536443
1689506764
1921675113
3670402146
1119292167
1702412136
4104556117
2945547870
973358291
1582823108
4026992129
2465339930
2035619167
641095136
4193452653
3238851478
3228928171
4080564412
2758700953
1075644114
2093771447
887012184
3114662277
3975090126
3550955395
1642150324
1478167601
1897761418
189164303
365678544
2609894301
3742151430
3735609691
2589596076
1051933641
1873184066
135820903
3096671048
1636626613
2648096062
242595379
1839659172
1621712481
2613499642
558099647
3750200768
1761980621
3722055286
2406819339
2907158172
884724729
929652658
620113431
2000021304
477000677
3309274798
2063241443
985150356
1769274513
2715090794
118004335
3722999728
2496109053
525075942
1959089851
116412300
3735762985
53253666
2525008327
455415592
1797096213
4292897822
4169193363
31713924
3472942785
1743717338
3809440799
120432032
3121123117
3606681942
1464103787
4194493564
694446169
1282877586
1385341303
1652556568
1328356933
4096814478
1695779395
1807293812
445652209
2558256202
1720941007
3713404816
213618781
2050607302
3596450843
1089369452
3330958473
177215234
835149095
254126856
2062566773
3261500158
1300080883
2156317796
841326369
329425082
2106567551
1579201920
2308152717
807638070
406548683
3991011932
1551903929
578707826
2675557591
3602190072
2172254373
1954137198
2638885795
2556163924
2290380113
1598699818
4273932591
4077688688
637777597
1099824038
2043236731
1523354444
3060318441
3607693282
1237637255
1384984296
110966741
1847663070
1321478739
1258790468
1294960513
387558810
1536987871
1633203552
4119533
2299526934
1051860523
425529404
4096205081
951519826
3515062327
4023192280
4008510213
3704851278
452365571
1612235060
2624187825
1551367690
1348683919
3120828240
2402815261
3808468614
1096865499
3808596268
3126742345
2513397954
2052129767
3746800328
2411485749
667424958
699161523
3202244644
2939592673
1183591034
2483956287
1238213952
3533851213
2641811958
2734717835
2297171484
1651590521
3931710258
3666353047
96466616
3743300965
1609941550
3245381219
1583840020
190357009
1379742442
2287482863
2301916976
2196804477
3897143654
2071727163
3825764108
713230761
1343961506
2336481095
3950053032
2749738133
2954069918
4153294099
897782276
3008555073
3526498138
3921441183
209159456
1096149165
1158685910
2306771179
3305569276
1702271449
1855761426
3630124791
2894451352
2779097029
3432540430
1611681731
717235444
1449688689
1590810570
2138429263
1939197712
3351595485
4146148422
3799183771
3830869228
2867787273
3945036418
1886743207
3906820744
3702599413
1673225854
3183595123
74298340
2157732001
1178825786
3414124799
1515083008
418494221
1939070902
2726577739
3525695964
122625593
3636045042
350302807
3021381240
2719695397
2373156846
2989340963
1486536404
3400634065
4235062442
3130271407
1210062576
2957914173
3510576934
2627569403
3865330380
733614697
673393506
1237165575
2240847464
3753304405
997700958
1839140819
2098611652
170592513
2331525402
1412370527
2689209568
2987242861
951716502
174699435
817932220
2652033689
401083858
98944439
678058584
1075252357
2839480014
1595986563
2003781812
2169229105
21590410
1787504143
2446020304
455296669
1415285254
1012124763
1755973804
3908853449
2756660290
1660195175
2877477448
1586414517
3422581822
3833463091
3975464868
253157729
3834150394
1252222911
123913408
4047627213
3225068918
1233572107
3712968092
3420043001
4150257330
1296369943
1366885944
4147185381
3266510254
4198603747
313901716
1599029137
2677827178
1815270767
2542761648
1927056637
2049858790
3220029883
1704967820
1791875881
3638615330
871509191
2158753320
382785045
1175298846
3954614931
2642491780
444066241
4079758042
565473055
1955620000
1193689645
1372434518
1412669035
1347031932
2126236505
509161362
3101097079
3006964248
1258369349
411526286
48764227
2984651892
366206961
1704905546
1214461135
1550093968
2920416093
1483710406
2445502235
1404920940
2235991945
454024706
1619949607
1728317960
3524597877
1985430014
950072307
3560151908
2204508705
3004909498
4164560511
2295002240
2958217357
1361783606
2328370123
2116596060
4040232889
269215858
1114873815
229060088
3407842213
2238987118
3832299171
3631777364
569487441
1032364074
871646255
2671941232
1331407293
550982310
2284633211
628816460
1484678121
2618576610
3097588615
4236447208
1710459605
3314897118
1821701459
3531861316
1828293249
2089669786
2567736799
2701816928
3042938605
1040913942
3114027307
3613605692
2821817369
732959058
267580215
1555474904
321132037
2150728270
4129691651
98881588
3435180209
1838277898
264110991
3676409424
1699840029
555578758
3850486235
1230012460
1351446601
1764110274
939728615
455147976
3020172597
947900350
350922419
3588894500
3326747361
62640506
2063836479
3594970176
1793359181
3022352630
419964555
1215413532
1995778169
2893916722
1932326551
3630241208
3399929957
460798254
2070782307
3047361044
727245073
2549258730
1754821359
1190753840
2324399741
3271166054
1478129467
2847274508
629910697
1803387042
109804103
3637896616
2849963925
1875820190
2868512787
400449796
1248848705
1490894426
3237440671
4252517408
1903795117
1798454230
1298379755
969681660
2067004633
2846667538
3925453303
4104024472
2772417221
100491278
2744834755
1596666868
517095793
3135422154
2002489935
3586280976
3852582109
2351237958
4199472283
2904775660
3683719433
1750221186
2014479783
2274998664
1092354549
2822380926
2484803955
3453518564
2156061601
3895073594
968877055
2811663360
4122405389
921269942
1728508235
2414512348
520487225
376777714
506531159
1634123128
1653003557
2323379950
2315633699
1979010516
1413796305
815420330
551510447
913577456
690758461
508984870
1383526907
907063756
3266688361
14447202
208683271
3043261800
2136159317
3128552542
564517587
693146820
3147500545
2044356634
1614089055
563729376
2956224621
117645718
3796491947
2873415356
411252121
3255768274
3853197495
179435864
3457425285
2410347982
906386819
1769559988
1153995313
2941343882
4126925071
3557215696
2479012253
927359238
1391114075
2734028716
1997636041
2991854402
1870441575
741224776
1981585077
457583422
2431798323
1472108196
449864801
841360634
1529799359
1954153408
3851032269
3879156854
2810477579
1750275228
1774426617
1471311282
1111483415
410527032
3212810725
2554492078
2599724771
2771341716
896893585
1228918122
864620655
3581048240
4026367997
2964108262
1510091963
3461033356
3770449449
3589350434
2031077319
4058961192
1125132565
3679902238
190344595
2191165572
2302340289
2437239258
4253379103
1697588128
1716516141
4282238806
185518443
529351292
1625239129
1586968210
1640454007
4004593944
442582085
3271187342
2552799299
2425305972
929276657
1822274122
3261001679
498011536
2490660445
2151773894
840258075
243815276
869182089
2699797762
755077927
1218341128
264629109
2808346878
2788179699
3478940260
3186795809
1936715450
3322978687
1957770112
2401108877
2463023670
3443574475
2775277660
2548953785
972386162
2652469975
760564984
3461422757
3398087278
4177152419
2400261460
665514833
3819112234
928349999
1270125936
1673501885
3082594726
293349243
908421452
4032825065
612079074
3140095623
2922704104
299228629
3357902814
1657913427
1601977412
1007652225
282983322
3752364255
3757585248
1217151469
27405590
443708459
1248161340
4110935833
688199762
2098089527
2958837976
3605473541
95123790
1958847235
2940724
2942530481
3565669386
3544497807
3128626512
3430347549
2228636806
2593041627
2476371756
3800601417
1306064578
2137078247
3702153416
2329411637
575899326
781513139
1349647908
1386849761
4257708154
556081215
2684101440
120762445
3346008054
2331758987
3673386012
2856651641
1191063858
2961035671
2411607224
1002136421
1729409070
2933304419
1062902036
1134896145
3246653674
2198121967
2163897648
3375528317
826695526
3685016123
4049560844
576737193
3862677410
25105735
3388392616
3362017941
916845982
3805401875
3149246468
483978817
711222618
224290719
1773470496
3416870573
2079347414
590667499
2676840956
901603289
2333653522
373294327
527634584
275107269
2105431822
915498435
2752660212
629671025
2295309770
3748482383
1915407632
3767152605
583328326
1326892955
2515290860
335494153
2463893634
4116422823
2819758216
605213941
567596158
1155556467
3065991652
2176149153
3807167034
3542900479
2920993536
579345677
3537571254
1400216651
1554724828
1636361273
3364664050
3089950807
4017282168
1954441253
1939893742
2269761315
2177621204
1646531793
1688386218
760650927
486806768
622204477
3674854694
3678166267
1136206028
1736267881
3572611426
986635271
3841219688
58427221
2627216222
102278611
1392960452
878120705
3482881818
1298597471
2586153696
610737005
2615687318
4162193835
1388643772
1136629913
2928810962
3424418743
3417675864
2476552837
271774926
139978883
671049396
3532739889
3946135434
1570282511
3430829264
896412829
4157421574
3530400347
960358060
418555081
162847298
3719350119
714444872
3627444661
4222083646
3285358387
2651088292
3017140065
4104113146
48651711
382550720
1977502157
3268399990
1500391179
1045611420
1048149241
3361797298
3018243863
3157476408
2774150373
3052268462
219394531
3794067604
468174225
247411818
218844015
2274456752
1009414909
851905254
4077033403
821206156
1886855465
1784507170
366568135
1592636456
534477845
800854302
124139667
2704267140
1263136705
2990176474
646079775
3372868256
1199941677
1330241110
735442027
1473016188
4291727705
2100379026
4251169399
82042904
3981268805
1669943950
3570740035
4155787892
2940167665
494442826
2223418063
288722064
4024625501
1638878662
1733508379
1632584300
35835273
203648002
1193324071
2750728200
1677901429
3314331646
1177258483
1644247396
298526753
3298858426
2534612095
299070080
1442133645
1695439158
2409984459
1403653980
2178340281
272299634
1651201495
633302008
3138302373
3015518574
2331268259
2888148052
3383768657
3248057898
3101866543
3898774640
2469367741
1983774886
3317142139
2093733964
2920131049
3762216162
22980999
1470286824
977547477
3855728350
3782904659
3790637892
3933311105
1141514906
3748692959
237105760
3921999085
1138050070
288661291
1650695484
178932249
2696290130
3369445687
3669878744
1781939205
3712053326
1187589635
1055977012
1951545009
22655754
1257732495
1209044048
4104676893
2116756358
277321691
2984271404
2689578569
3018309058
7034087
334479304
1144509237
1430470078
648756403
511036708
2220173537
2762940282
913480511
2532139584
3616334669
1196859126
2832956555
812718876
744550009
702199858
1115335831
467096504
1650194021
2999854894
195802979
3951962132
2218616593
1056008170
2275207407
657945648
1860529277
2737747558
3055242555
2869220364
1359016617
810946210
740208711
2933105576
796239253
1956195486
1326816787
285802244
1519251777
3066530906
2129748639
1093517856
2145714605
3880413654
3136424427
3863644412
3306341081
2195767570
221405175
486780824
387440837
2736475662
3371430083
3916780020
2592720753
949521610
1739262031
953109520
3900613341
721467718
2429203099
2393979372
2218352393
3670134658
2555427751
977696648
3046483957
1082887038
2148642675
2938249444
3023301025
2794154298
1204083199
1574638080
3479523341
3077088438
399525707
677897948
4275554105
1593850354
2463417175
1312488312
134347557
3101746414
1509546531
1813933012
609179601
143073706
2415515567
3956282352
3557558589
2002332710
3874342907
4284321740
1242626921
342032482
2228844295
71318376
2620381781
1372740190
3405213907
3929617092
2757693953
4231181850
3418685791
4193079776
1051053677
1734954902
4224595115
390149308
1338506137
1299260114
1765398199
1534408536
3232908677
2597776334
2249552771
2734781876
1520834609
620045962
1365333775
1798425552
807772061
99618566
1792839003
461493676
4271884233
443654466
1569776231
2528702280
3034332341
3710228798
756998707
2949002404
170355297
2616554234
4056537279
3730604480
3527310541
3271846518
256102923
1330541212
2046517241
3110828978
1379506711
749364024
3636510693
2343920302
10403043
3113643924
1118177425
1612356458
2830730863
2649519024
2271438333
1887265254
988742331
2106985356
1241367593
103133730
3125738951
3081278248
3711094549
3007137822
2413822867
3913361028
2426729153
3322650586
1286299679
2418057632
449272621
2985424214
1720262507
3909591164
2341074009
3928442002
1001131383
3855777560
4089801285
1781811598
1760409155
3612694900
2909219057
3895427146
1054500303
653790096
4032650333
1824072902
3783075867
1007825260
541257865
3434558210
1592510759
1762076424
4274753909
1087465214
3365065971
2082605156
2934942497
380452026
457283455
1345433984
886598029
938078262
2180390091
2028256860
3733698745
48004466
1063858391
3873803000
3243787429
2970329198
1247436707
532034388
939620689
1198249258
1755051311
1699517296
229343933
3428538278
1423900027
3916318540
3246869737
1063134178
994002055
3905727208
255755221
2392454622
2559530579
1239472708
2820641665
2249345434
1214545631
461877600
3372853229
1956928278
1306708523
257805372
421047577
46343762
2739471415
3420161752
4245769989
1995663182
473741571
2989554996
1267530161
1678219786
651572367
1944193872
233167133
2098985606
4151083739
2485275948
3118651721
189957314
1797353447
2968592072
270771765
1095693502
2905442227
804625444
2337057761
1752352378
1793857087
2870649152
200480333
2748921334
581379979
954911260
759746937
3306372914
3642984343
1823240888
1854441829
1856216622
1106035299
2856171284
488745489
2151337706
643900399
699429680
2879676285
2293435750
2541598779
3332784908
3782055337
3117176226
912935751
2003600040
252901525
2577949598
2680514835
131616260
865006657
1845932890
3316669855
1944224032
3190600877
490766550
3298505963
4261656572
1496589785
17090578
2127608567
3713027736
3914724293
3872670990
180517827
525623540
2916584049
977105866
3222586191
430951184
763303389
349737030
1869258139
2272405740
1547665929
2953025154
284284583
775345800
631536373
1952334462
4121885299
2801856484
1207856289
2735083578
1200182527
2799128832
743342861
1418869686
1679225419
3810563548
653437497
1238352114
1579720279
1841240696
1292996133
3393018862
2987779363
619510484
3402013393
2353498282
4173927087
2463634160
1712192573
1665434406
629879547
1493040844
2591071849
791693154
2593133063
55057000
2037394773
1244172638
541211603
3739713988
1001592065
1873337626
2337209439
821104864
787513709
3649463958
2641518507
3904463804
1822187161
246163922
1828925879
2851133016
2236831877
2677465806
1597963907
3397354676
218553137
3432058250
2169901583
2686536400
3018396317
3517900294
3426187355
969000108
1478027977
1418356802
2669477223
1620594248
1007554485
801067070
2094476595
2097415076
1304751457
2552699386
3621344191
3139944640
715829197
1473577334
2030402827
2336629148
1279869689
2597454514
3443029271
1507689016
2310230757
2308495790
630573027
461635220
3652209553
2907832938
3063136623
142832304
27810045
3654269158
3787943355
2754968204
2639292201
424278306
376477895
3961483816
2870354453
3587866398
1422249619
1255044484
2303456705
1018742490
536894239
2859688096
269815341
2536901718
1797802603
3275673468
873551705
360270738
3433064567
2172460568
1573485893
1190871182
74596675
527591540
1641737201
1019373386
2707038415
1324780176
3320041309
291437510
1351815963
2396069996
3190756233
1386674690
610460711
2278917640
270558325
2301763070
3714457587
230610788
3311414817
3650479034
43782783
533459072
1539808397
2069989174
1412614091
85683548
3725368249
2178548850
3843230679
1623697912
288216997
846600046
3878447779
3653419604
2728311889
3843701802
4135661615
2993853040
53704125
705998502
1861380219
1812772428
1523380201
2983815906
416014215
1370655208
3234125525
847129822
940581203
2269980996
2769917569
1190555802
3397679583
4163465312
375020269
68121110
2155672875
1096022844
1347620889
3207343442
3160956727
1941251544
3212337669
1119968846
2770093059
1240271924
1695792305
1821475082
383840143
770673232
1211059229
4054372742
4282215899
710949932
1598159945
3289992130
1870891751
2746121672
513505589
1450617790
1914426035
1961978660
2542808801
3104992634
1855033663
3431194688
3563407693
1291308278
2824786571
3831527708
3707548793
2292696626
611869335
1916637624
2420186213
177542446
26856803
1802061332
1045556497
4116723178
256990959
2019914288
2943308413
1372808294
801907515
876851724
61225129
4070481058
3496076871
331440552
2537311125
366189214
2229351443
2418253060
3621517121
3223444058
2442877087
4057153568
3061868461
2379388886
4029702123
3602441980
572623065
1971638034
454759927
1348005272
3072329413
3098098702
2885486275
900689908
2406567281
4257110730
2561310287
80497168
3750463709
1347184454
2599848091
1882134508
3423708425
2191613314
255783335
1944270216
2755612149
760019326
1438139763
2388377316
1830088609
1214035770
2189021183
2031063040
1766045197
441963190
3897138507
2094351580
165252409
4177217522
3391650135
1040136568
1940726053
397791982
1067315235
2620885460
2240404945
1608773546
398740911
35394032
186380093
248240678
1192533499
1083862476
2291941737
2505674338
737324295
3524000104
3409739861
4120561758
3052996307
554815684
710088705
2583364634
1006958431
791728096
625423469
1648328086
2365754027
3073217212
3392979353
1648570578
2272824503
2804446552
293628805
2389891534
1138002307
2390332340
431201841
1376318602
2641808655
1531759056
4038624669
3406413062
2793300827
2214441900
1432227273
671035202
1381308519
2016652616
2647384757
1668613950
1660647475
4122858148
2930667617
1496629498
1695862463
2637103040
2938299085
4047607926
1186146315
3795439772
3848480249
3700722098
3571666967
869048632
3895584229
530075822
737727203
4159540628
285642385
1717922154
3868851311
3075895728
3673771005
3736997862
2542524603
2496719244
2590968361
332021794
3661509575
3964817704
3112531221
127120926
102209939
3050816644
1698625729
2252467674
1350653471
134356896
1466876205
1863721814
3920852331
3597794940
694467161
1864848018
1614857079
3353591064
1532596293
1776170894
1466092611
3221976948
4237995761
2335264330
1543887823
2033256848
2692104797
3214987974
1687485979
1233915756
199702153
234012930
1199963943
4032816392
3355522933
246338814
883256051
114796132
2233250081
2103085754
4246900095
1889677184
4207071117
2675252790
3059446475
3897433180
2958655161
4248013682
57206487
2204485880
3666832037
2818346606
292189603
3393933652
965214033
178561834
311585583
3218379120
2747754685
4285138342
3287405435
4104594764
2849936105
2813374946
1241807495
2186569960
2128030165
1098802142
1878846547
2318760004
291477889
4139161498
365982943
2483498848
28773869
1645644054
1493377067
3896912444
3763958553
1173435474
3291724343
3259679960
3781915909
2964018510
2439499523
4129626932
4041637809
2331469834
3407325839
1715013968
3548692253
1272031366
3623508187
1687825196
3228376905
1312559810
3180439015
3693599944
2678017077
79323838
628497843
3714660900
3642733025
109974650
4049800255
3945340736
1625521229
2998035446
3926031755
584198172
1803327353
3835186482
3564715415
478851256
4152733541
4137847854
4206024803
521196820
399388689
241278186
4067269103
55996720
2856732029
1854913382
788958779
3822919948
3886734249
1254941602
2852487495
1943158952
4159807125
1494929822
2926116627
2582309892
2004154945
488178010
2461160351
2868903712
2564823725
2835394262
3987835627
1617565180
1339747289
1348523538
2450616567
1713212568
2960529861
2291806990
1554223555
478576372
1867976817
4078649802
2708224335
3928279312
782498781
1297890886
3278795675
954730220
61851657
3264947330
1127746727
4216034440
1634083061
3679957118
1345163379
1429376484
1400337057
110059066
2828421887
3296972544
3057969421
2025417142
1416120395
3850761180
3616305209
3699560178
2262062167
2935707768
2882843685
290081262
2995911459
3254655188
2224627921
4082914986
2632681647
698093808
4080394813
3924767014
4220127483
2788351180
1150542953
3068056930
3909175303
1619777640
3247756117
3291021150
1008456147
2696421316
2688490241
3945343770
2380722783
3836514016
1370089325
1905562774
2055124395
1922941372
2561221785
3090560978
1754916791
1125913688
2503573125
3614101710
3822457987
3740246708
2964087089
626842506
1438877711
2360625360
378796189
1644205062
2846969435
3929383596
644821193
80737858
658060135
3448441928
169194933
3896950334
2408301363
166961572
1558442849
1327392762
1232882111
1953644224
2410091981
4283051894
676123403
1143570332
1967720697
4004712626
423242519
2859974712
607942885
3182675886
3284655587
1054022804
413716881
4216639594
3905697647
2590339248
1129725693
4014499558
205276091
1063803020
1901702441
1705412386
3048722119
2822844456
947963925
3093884190
1406493843
442307460
1417542593
312939738
2385400095
2563563168
550794285
2844932694
2452267115
312552828
2609126745
1731287442
2794266231
2835766296
477471557
1121791630
297752387
2837481076
2913366513
1132213578
517838543
2510784656
2954147165
3883837894
3447908635
1547894380
963336585
1855621122
2018843175
2460369928
1450052213
1095207934
2119218675
1466725732
505754657
1912287674
3134523519
850685568
1103757965
337950006
1483742667
310168412
2238865849
3840479858
1248510423
1052764152
1300037029
2174682478
2031386787
3780108372
750600785
671812138
1825547823
2104660080
526867389
3160104102
64831099
1933415500
3736876521
2430859490
2129204615
1790068712
2037742805
731552478
4032149331
1117374276
485596289
89308826
3662180319
3743477344
3139420397
4273578006
2272611115
4097071420
4180399641
118635346
1789596983
2812044248
2464843781
816925774
2434750979
2799249972
520438449
792284938
4084884879
213813328
3756405277
4220944262
832783323
852498988
224674377
431675842
88850663
1247624136
3274645301
3155827134
2000447667
1499269412
2147169505
3236281210
2741012287
4144651840
3782061901
1158216438
2542938251
3829389084
147356281
1222956082
2569410711
1536413624
3562422885
2731279150
3711427427
3040109588
3650515729
993985514
2142622959
3129176112
3425253501
1323831910
1160575291
3312619532
3178987177
844573346
1934957639
2275352488
1630728597
3548252318
3428633107
355351300
1113193793
4109117530
2029342367
2406006304
2504773037
3737830870
1830729195
2333558012
308301529
26795282
2478033911
245246872
89664709
3332844046
3434486979
3285814772
2106119025
2320771274
2321151055
3115927568
1254649565
2080904518
2563923611
3516724716
857336585
3757108098
1557997479
3027235720
2367222773
4001261438
2500778867
3951385828
723908001
1302201658
1776207359
2033454592
1129454605
3753312438
1483928395
221422300
3221967673
1684428274
1143746391
2964551544
629688101
653967598
3136423459
2252384212
4159988689
3065036202
943637423
4183298032
1314641213
1689159718
4075516923
2043104204
4267149161
62921826
2176574215
2663888744
2356749909
634599006
1655348435
1306160836
3447135745
3543355930
821357919
1097092576
3826817645
2005248918
367452331
185200828
132220825
2156216018
3227992759
1842066264
1082036613
3934177230
4014186371
2883695028
32580657
3062678154
1513898767
609732560
1434151837
110324486
2245015899
1550422444
4216083401
1526512962
3452522087
1352559432
2968225973
775189822
2995260979
2846191780
2288350817
3924037370
890225855
821132736
4231481549
4058957430
3453124107
2702519964
737864697
1093506994
1245513239
2917064504
1842547685
3555409582
2634213603
3761548180
546772113
3693098858
1831498351
2712694704
1790915069
2070855142
4023955131
2482751372
1376800809
2128530978
1490905543
267128616
1476926229
1482302494
3992924051
1751016068
2265513665
1374174170
2298956831
1288936864
2621843245
3064615254
344836971
1741446268
3127869529
1838637202
1334147447
350550808
3508385349
1106781582
3817333315
3400635764
2768123121
3584236618
2581680591
2488928144
616507485
4177035462
995939355
3069570412
1991998601
3835580162
1724921127
1588110088
3949387125
2432451326
1785200883
4017964132
3229202209
662165690
3954410367
1443016064
1625109901
1232096310
3933259979
1940355676
2371306681
2834995570
1779997911
2195064568
2583072933
794655854
3458894755
248541012
2889778513
2907533610
3040403759
3679227760
2786283197
3504911270
3736381819
3620733772
694540521
3715317730
1736028295
4207683304
3768569813
1624429022
1763344979
2692355652
4157579137
3804947866
3354159839
3379998048
1922331629
1241036566
3151197739
1428064316
3402250521
1921991250
1607364663
329908952
66427653
852706126
1413670147
1275672884
527435185
3377935882
1074339983
293603152
2639504669
1895257734
3157798619
2231503148
1982293321
2526388418
4138851303
3729693384
3108696629
3969241278
393130931
3637303332
3156391905
1478058618
881459775
3760692544
2248401485
1945866742
1628296075
413763100
3839909241
630020914
578745239
525921976
1454560613
2131851822
1495854691
500429588
3014309393
3958926058
1730809839
2381082416
1159211901
1658612070
574579771
3372482316
3038257577
423457186
3696277319
1059585704
50349205
4110237598
2394723603
4058876420
1753940033
3080408922
4100213151
2400025888
3687022765
2670779606
511172843
1187017724
2578559449
4180468754
3489801975
970640024
3854974917
3805290766
2889131971
464035060
3926300273
862523338
57913167
1669973776
1677255133
1280306246
3408021915
709747948
2320502281
1252176514
204358311
2404405896
1465370357
3602980478
3562808947
1096035300
606107809
2374544442
1985167615
2267041024
1080774413
3209729974
2758385227
3822801372
4082513465
10870002
2989492823
858232440
281532965
3368499182
146673955
3640604372
261859025
434185386
2579365551
1632636656
1284360253
4010401574
3711491835
2874653388
3857132137
3959251810
2787278343
2092930664
1542027605
2325310814
3651495891
410566084
3791331585
3256449306
3576621151
894962912
210980205
3826434710
255527851
1886527420
1206250137
724583890
1054907831
389501528
1129292933
934198990
371010179
3847209140
1031923505
1972939146
1524694543
305612496
3715030685
683819526
3940230235
3399057580
66418377
2592441410
4127549799
4050504264
3259849653
2772315198
2079349043
3302178724
1630730593
2575676922
3620683711
3266100416
617839565
959405430
3880003851
3908885916
964218617
1141120690
401334551
771882552
4109737701
3527325102
1739191267
3423746708
1490114449
2026348138
599043439
3174526640
2167678205
4080080102
4066449851
2190161548
1821569833
3480425762
1940849863
324202024
1209757205
1466391326
2224355987
2413539716
752878017
3020251866
4044113695
337009824
4190362157
106850390
551351915
3321072508
3056001881
4065945490
187290743
4219443736
2840709445
3610188942
2092723523
348038260
312604657
2980447050
2098269391
1699251856
779459421
1678661574
1579335451
1235541100
4090994569
3757970946
3270987815
1147601416
3068899445
1842149886
2833992691
3205108580
2618964513
231767994
1069416063
3398233216
2281465997
2941772598
475886539
4224592220
4161284025
3110609010
309491671
1067984376
4026278821
557314926
3232536227
1120730708
3893086289
174839850
2613976111
3378679408
1741373885
2903640742
74978427
308179532
3118169065
4250830562
3015068551
581043688
3830850261
1361512670
2320190803
2480301380
3522798209
4280224922
2394711519
1124625504
1477781229
3017002518
2786959659
4211390268
2234817561
4167584082
1402850103
4134773208
1686941189
655440462
2329047043
3585427508
572967089
3377536266
1623448463
1685947984
1003296797
468987270
666442203
1261434924
716605513
885811138
1103361767
2281437640
2985477429
103647166
3054304947
1270392612
3180739297
1009322362
1423932735
2525027392
2124813645
2945067254
4134895243
2953786652
801390713
3935429170
545509015
1473908152
2929420389
4218614062
512096611
1223655956
3591043345
2425213418
1489652463
1838247472
1158880893
443334758
1983762235
3734072844
4269851817
1870641314
2499301959
2322390440
223975317
764966558
2777178131
539547908
436732737
3576067674
3036628127
2582527008
2621911981
1513288662
2981956587
2204476156
365892825
2803690258
4143743479
3620956568
2176864965
1293228046
2870948547
334736372
3838859633
1582954186
3166267983
3616949776
2855621853
775144262
173946011
855299052
961687817
1924168066
19619239
2079109512
4028799477
69195134
3189076339
1184824036
1852242849
911168314
2113125375
3729296384
3717235213
2273717942
3897313611
1501561052
2708281657
557933554
2162156887
643282296
2643684645
1722789614
1274420259
2855912916
4220447185
2364378026
1902721455
1367608816
499891005
4177606182
1785874939
719595980
725798249
3751193186
104143111
3933435240
1608895573
1652270174
1359753939
4036168900
231416833
668704794
714400607
2961689568
4212785261
658233750
377173675
2463518396
2293648793
674712786
2483419319
794751320
3450648453
788182478
140686723
2067386292
2472454705
3531640970
129087759
1179829712
3731771805
948771078
2295467867
616918956
1886034377
862604098
1340965991
2683906376
1849372341
3177440062
2613355571
1266486948
390888545
3456326906
3787111103
430177216
964406989
1158411382
