1349934787
2162747380
4281099633
2379125450
3620558415
866206224
1395400925
67379014
3868909723
1519882220
187677961
213423490
3401370023
894905736
3824346613
3489378686
770153843
4258477796
1744177057
224063290
1169336319
553814016
4150939149
2329774774
3731092811
322682076
954049849
1438679026
2356957527
2622566776
514242853
284330734
285427747
929890772
1829828049
1297098666
3163760047
3802991088
1833469757
2812252710
1562703355
2055136716
956717417
676120162
43812103
2092691816
3405518933
551911518
2786352851
3481618628
