3511535331
175501716
499884689
2254400874
2279878767
2362643888
1604689917
2029409254
2071940283
2087046540
4090928681
1459930146
2026825671
895710504
3351005461
1288993310
2088340883
2483628164
530123969
3570201050
354978335
3073885088
2692748589
1081042774
3226724715
4275036796
3808513625
3004356242
2379118455
567140632
3130352709
3395287950
370262083
4163230580
499761905
4035793482
2403995599
1415556496
1529648733
341513926
2367844891
150139756
116968073
1120879874
3075519271
4116908296
3447851893
1588697342
2195807987
3072002660
375440673
4056387258
3125002623
1510593408
610149261
3553649206
1612048075
620626012
505418425
591466354
951098071
1572990200
731201189
3418378862
108226979
2700588372
2485195601
2523047722
1154522927
699741552
2307374269
2141604262
3994634107
618662220
194651881
3475977698
2550738567
3964243176
279051733
759375838
4078100563
3314211908
3733826945
2986711962
2020321503
2158023520
1088184813
2859715862
3537343531
306712124
122291993
2401286226
1312124471
102295768
4181412101
1756436814
1506460419
1684242228
703173553
2652335114
3914325647
1741401424
1498354461
3901746310
1086049499
514133804
3453137737
3915159234
1993365991
3557753032
3535020085
2638292670
3127251379
3704659492
3342321121
2847873146
645414975
603243328
1788006477
1074898934
2968580491
2468744220
3499567993
300536114
2150953367
852153528
723485541
2481606702
3010448483
2648783124
1413170193
2313396458
1772080623
630920496
3306854781
2563768166
2472673851
3233416460
1706717097
1519347618
3682481479
2729141416
1632662165
795055518
2989683475
375672836
3950448193
3375105370
1195476895
4177371936
2719575725
744616662
4273602283
4027578876
4162813913
2731825682
2894537975
936358040
3571051973
3693344526
2730132931
2766725876
1412310129
939476426
1587047759
907767056
1401049053
4129194566
1617160091
1368845036
929651721
3355420802
2045427879
2316744840
370078965
6452350
2681308275
2277372388
845383329
1552179770
161447679
1890808576
1946696973
589082038
747289675
3984447452
1207632953
353915634
3708029015
2770304120
369264677
1813384686
2734878499
3438443732
920270033
3802290858
219266223
675591408
387855933
2184410406
2384035067
2478031052
4076304489
3001375074
837680135
4165532776
1451730773
3371549534
882492883
1112900548
1326788353
201338650
1214916191
3087938272
4176952173
4093237398
381364651
3420956092
3594631321
401456082
1199807415
1186084952
439440005
175674574
463538307
1702233780
3579278641
537190282
1709423631
1192160464
2928037021
3670464518
1859830363
3314058924
2491204809
2021161538
257943399
2537173064
2488437173
3721757246
233027379
1403192740
3231975265
3688328186
2323217855
3087393472
3581831629
2326885238
94586635
1204118428
84647161
915182770
1306386199
612361272
419319013
436439982
1609355747
3119218836
3569214865
3797865578
98986863
2574390448
1146262269
3113265894
3237984187
2710387852
1678852393
1374751522
1243120327
1289901096
1292344341
800698654
3037157523
3307108228
3525840833
742529242
44401951
361923232
976603181
4009459286
2912621675
2576290172
2188423513
3626818962
2112541303
2189459480
1442936645
2574185102
2940095299
298510964
2787476977
2011707722
905038543
3798346896
2400913757
4098420166
2933939483
1580851820
4123848073
1418136578
1173343783
993617928
171892341
1264209918
2673650163
2621430116
2595833889
3111663034
2412133503
833360512
3820312205
1150286134
788173259
1975299932
1216935353
1074173554
2441246167
3769371640
550687141
594725230
887977123
2961982548
2259048017
2329480746
3940407855
2699244656
3514281917
2091360422
3470045819
2919659596
700959209
1903328482
2461911431
3224857576
1636847829
1500471006
775662419
3665767236
4251955329
2612118170
3165889503
692752992
445977837
3408323606
370786091
214318396
2641127961
2370944850
1853671735
4210722776
3574225925
4006023246
139611651
3584527924
2136495793
560550666
3313670543
266415184
3657467421
1617216390
590657499
3211460140
739890761
1978359234
3965351143
1976852424
4103336757
514907582
2935774387
2102684964
2841856225
1193721722
3225795391
3580232256
3010265933
3732422390
1532009611
186891036
322113145
3141949490
649186455
3378770872
3661633125
3458451246
751097699
3163867156
1699972881
2647721962
314050799
643306544
55413885
3375912550
442002747
1021277196
1960514217
187281058
983420999
839402408
1893844373
4225158302
1526119955
2117574404
430707009
2349804634
2102690463
3405144608
248848813
4131129814
1660365291
2571970812
2280973017
2702991634
4160323575
2145406872
2752250053
809561614
2442989763
2630611444
3652183921
3192401098
3411421263
2537548816
871809757
4242168134
2392314523
1289476588
3357769481
3060100994
2438978471
113973128
2417084405
3986238334
1468190579
3533750500
2506230177
2527267130
2193095167
1525920256
426078221
2787787958
4251281227
1538950876
633988921
4060862962
1277944663
2389154680
2986744613
534152430
305330723
2848263124
1233483729
2634465706
2486499247
3515921392
3734251837
1560464422
3326797819
2446864332
906697577
3637944418
813209351
1108663144
398195285
2360343134
3052966099
1812452036
798831105
4011480602
189276511
2455106016
1270214253
2650468246
1727222955
1927533756
1657412505
1028440786
3105945271
2700203864
2412144005
1134332878
1977521027
318248372
3991681073
2957297290
3190585103
4352976
29212573
1734979334
1942596955
709653932
447342537
2947891522
2210398823
1843236680
3648543925
231946558
1940914739
937743524
3346369121
2041385722
4259117247
974463424
2858327245
2842036854
1207497227
2067862172
17661945
3994491826
11581975
2675376952
3571769317
3729457838
1878514915
64819092
3422300305
3392813930
1175758447
172823472
671843837
3049718246
3043762875
2964368268
504882217
1413042722
588127687
1344090920
3000954645
1102768158
2046894995
531613316
134419137
1989361626
3981344799
3609805216
3321330477
2955122006
3033415531
2370453628
246158425
1268966546
280178039
2918129432
620333637
3466193294
2681656899
2750151028
3033352433
421470282
3569714639
2460527504
1746238557
4258448582
361383963
998035820
879562889
3147485954
3527076135
3939223304
2374480245
2501838590
2655253747
148940900
1750977313
2181356730
410302335
2861191552
3138947469
3052113974
768294091
1031233116
3854424249
2032672114
50352343
743582456
798778533
2403418222
2429779875
379376468
1165465937
657159466
3205961007
4165809008
1685299901
289732518
2323389819
1562961740
2646699241
3071394786
2166252679
2078362344
1594532821
280466910
2714793555
3572464196
731755393
2486823322
1780981471
2972733792
844744685
3665165078
2672290347
2621467708
744148249
1977534034
493888567
3063424728
2959437573
922289998
3125139715
2070388020
3876788657
3667343882
98653327
1446161232
1270741277
3721763462
1989780187
606924076
3861707081
4090897602
1267765223
2102771400
687851061
1497142462
838772659
1632910372
1624951777
23750266
2034185791
2752725312
1616066125
1501222390
1637631883
907897372
3566924153
486465330
3520767895
616108728
1861003621
2021211694
2139480675
3989067540
3468151313
1973055210
1442595823
2203128624
3633086333
1832693094
2822428731
453042956
3855070633
4213175714
2036951879
2770412200
4177467541
2942698398
3894839571
2273766916
3811382337
2043564890
2291367327
4163576096
94164141
2326929622
958420203
327571452
479610329
633366546
3189234423
2326589080
1053430725
2725897486
803969987
2234188020
4252871281
2523730890
138404687
312503056
1366767069
3845271622
1505213851
1209845996
3232342537
841430658
2122380967
3845879432
3902839541
4025213566
1235229299
486510564
1504480417
161329210
2264691967
3731878144
1859035917
3788757942
1445728843
3102946780
2388970041
593191154
2885664343
946584184
4287999525
2679307246
114230563
1427348180
1081916113
927410346
562311855
1394127600
2299927613
2272142118
828920571
771268300
3874143849
3659786082
4205785607
1805433448
494685525
2475045214
3351469011
4080411076
930166017
420511002
257039455
1138340064
1954586989
4002940566
1427603371
651953084
1998489
2231880146
2439664055
3119347288
2632415365
4141646542
730340995
1828070580
818740017
2925571466
1386295823
1337060048
3724620445
2980611590
1101305947
3406587052
346229449
273549378
3117161831
2721902152
3374985141
2934763582
3219672371
3617760164
3146976609
1818147322
1751937983
3512754368
2068500429
1555472758
1044028683
3652764060
2480628473
2516427442
2419037463
3609862712
240612069
3400432046
2976835555
3628768916
864447377
2918294122
4168016239
3479442096
986740989
3717814502
147099067
2580552332
1374324521
3453851938
3014637767
789844520
692208149
4074250014
2070343315
2478642564
4046067137
599811802
2233695007
3959160992
1942302253
4092046422
2246929003
3389091708
3081992025
2104814482
4129785975
2484715032
1467850053
3655393422
2547736899
2659780724
2042694641
1144129354
465912015
1428630160
370929501
2700647366
1897935643
2428223596
4074320777
3893008898
204604455
4095354376
2270987381
2885664254
798441459
3976034148
2941144609
3144516538
72299135
3030683776
3666328717
2548246326
210233291
1814957404
633256889
1051042930
1026173911
817121784
2280781733
2133571438
3391457955
3274269268
9755729
3680099370
1903972399
536031856
1920701885
2910736038
3507456123
575100492
2542211049
269290210
321585031
256322024
957413077
3273379038
4258349395
2765867332
2568468097
194908314
818387423
139595872
3089791725
1214321174
509744427
2964757308
3826593817
3100101970
185564983
686933464
3142353413
2974219854
530932739
1168354356
2434391217
966861066
1517031311
717236816
3733416989
3504501126
3941240283
1022024748
738991177
3541887938
1148365543
3667074504
2683803957
3169078206
4084003507
2026900260
496914145
1217006970
23376191
2147254336
2705680717
555314422
1943270027
68360476
1154405497
2803066418
833585815
885666232
421870693
48936238
1538452835
560981524
3228044561
2168444394
3815538415
746983984
1960276605
4108125286
3976807227
1260278284
3900725417
2591177890
1205929543
3958768040
698903445
3121691294
163730451
575814916
2012878657
40467034
419330207
1889263648
3060828077
1506031574
825589739
1320912636
3858999513
2696965906
2934060535
1211469208
3574867653
2731465742
765863619
1309020148
4019678577
812513994
3310722639
2554128912
3691227357
522585926
1908648091
861517804
1358677257
2873425282
4048425383
359126408
1337683445
2002426238
640247155
1457151716
2940407713
628381498
3329028095
3945279488
2755909133
1176072886
3873357131
4113032412
2982915385
419882994
2894043479
2469124472
783368485
1537962734
819400739
3202230740
1270873553
560172970
1694461359
2631709168
1185156925
1903524390
2138160635
1477774796
899047785
650980962
1083297031
1692440936
2546507861
1299736670
435824339
3353374916
2526099457
4192379930
76027743
3164172256
2740409453
1439767958
2435295915
3620745916
3728662937
1595855058
2153753783
2175079768
1905560453
2486729166
3969755523
1668297652
3455696433
2321061002
3544313103
626878928
1934665117
696474886
