3636815281
2532120074
1206222991
2784028496
5178653
4294653574
1789562587
1393617196
3123234121
4142366914
1511668711
3772480200
3685896757
1008054462
4096594867
1219999780
3763345377
2728870522
1694392895
340819264
1431781965
2474078710
899167115
1710253596
4005150073
2715237170
3246347159
3097349816
1886532965
1846106670
520048227
4093039380
1487934993
3514714858
1177972719
801984304
4140010365
282085734
48350267
1132650252
1523155369
2407485858
4243134279
4247051944
1243063445
1097670558
3819631891
2621991428
610820161
3591974746
2282269087
3970325792
1707532461
1503444182
1899118827
477582332
825954777
3345400850
942835447
714058392
271949765
3401056526
3057321923
2285599988
3535533681
2833182666
3517976399
1255843600
1012154845
288607302
1978968475
154977516
3920719369
1322553986
32940711
1086141064
2602510069
404815486
964331123
3726576612
3484276897
4160130106
2233966847
1177103616
1562291981
212629430
223608395
4194447836
1888458297
2563751154
4220545623
3008132728
602356261
2711558126
4008997155
2483164884
2483095249
2538013866
1865047727
3322998512
597239869
3269312294
3929751291
2796985036
1459128937
4129244002
2300239367
1503426152
1952504149
3102297438
3874736083
1605606852
3577250049
4034353434
1999849567
2379279584
2482417005
3160318614
643132331
2131296188
47139481
88745426
2171665847
1590440536
387908741
4185300686
1887668867
2797772980
3046590257
1928235402
1333616143
745023184
2334801565
59122182
4060972123
2590531756
3736524489
580346946
3727542631
834316872
2272574389
3095268414
3379476787
1853759396
4095760737
64198138
620994495
3969227968
4008106957
2490056054
1150191883
2818817436
2316447481
3624795826
1806450967
1963384376
1635057381
1962317230
3460322275
1274354324
479639441
1846378090
1333857647
3302510256
3718219005
3437556966
2344843707
3737785996
151278377
1299510562
2030527687
4010790440
2448608789
1201093406
2856540819
1408668036
3078447553
3527623386
24160031
1198472352
3733404205
3700050006
1549227627
3983174524
4100997977
3092465554
2283418743
2046065176
2256611653
1389821070
2273496387
185697396
2048350193
383509322
4161629391
2455332496
294714205
884094918
565518107
3931356268
2851667849
3421500930
4253003815
4086555144
1567821941
854383102
1053404147
1435824996
1986501153
1476288442
726818431
1062587520
1601161357
4168336182
3456619467
1135937884
2080475065
693239922
3499284439
764216824
366707621
1842336622
128120483
1737481812
1261512785
1469167658
2113567791
1407413872
2845221309
1822812838
2319086715
2944225868
3786202089
3477104354
997108615
3711886824
3213722325
3812026590
676965715
3033613636
1408696961
3980192922
1837155807
826362976
4198008557
1742712342
1710752043
458987324
2799565849
2319591762
