1733292859
3671409164
2288683177
3094785186
2193274439
3575902632
3198000021
2879695518
4242474003
417803524
3307882305
3506170458
3742247071
4018655264
2584459181
1841670102
3085447147
2280552188
2302269657
832626450
1726473719
345996696
3692385989
654199822
3132020419
496435188
2845023601
3445385930
2920369743
1642387984
1932187869
423851846
3487717531
1695066092
4202558729
3590417794
562020775
2215495048
2076745205
2770733438
2015237491
778522340
957038497
2545862458
752132095
2659983360
32966157
491971254
2808704331
777180380
614063417
3298777074
266160471
588106104
4073353509
169009902
850903075
2372344276
3360959953
805961642
1678974383
2566693360
1038303037
3704285734
3983044091
1740373452
4105212265
4198604386
1377533191
1425967464
653119573
326883422
1992742611
1013276868
3908134913
736433178
2001192799
544563168
3340928109
3426913686
3079297707
1291002556
749015449
3245293778
2064997559
3506373976
3200629637
3369593294
257317251
3975226292
2569399857
649528458
1420664079
3488963024
380097949
3792751878
842675035
3244770220
2467978697
577716034
1080420455
2448309576
1369780917
3948812094
3056683059
4032389796
1945419873
833016058
1698668223
4265316288
2921738957
105687158
1352857611
1078419612
594769401
1397266866
711467031
3328913720
2543793637
1711628462
3286409955
665656724
3777027729
1134262634
1018743919
2915500464
1209048061
2194481126
2091886779
3431102860
1037261353
667045922
1144456135
3235176744
2575746325
3179595294
3753208211
4089140356
1160595649
2839281114
1234445855
2094444448
127537453
1932079958
1191921003
3771174524
3609004633
2170774162
3417150327
3880406296
3773751365
2152941454
2947849283
622004084
828178161
1961844298
2232200143
2506725776
2830471773
884466374
388025883
1602592620
2834531977
3211972866
3781611303
2745857288
2821359477
3064456446
2292923123
3959633508
2477981985
4007434938
589127039
2638135168
2954239885
3599773238
3675996875
2196483164
1639567033
787979122
951957207
1402231032
172800677
1383702126
505693603
3365593428
3874639697
82490154
1115765551
2782208368
2603530429
2307462566
3085280123
3437802828
3566396137
2058928610
3352119943
946272488
858290645
2675930078
845855827
2057898052
1654516097
3133187994
2628994271
476823392
271736301
272210198
3106598955
4146838076
694272793
457000018
2003864119
1732334808
2404435205
3006293326
1183424259
4055673652
720949169
2579855370
904821391
3120666960
236195613
788052102
2169907419
3810769708
214527817
3335267010
3544348135
3103943880
4229471285
3703796414
1246490035
1025821220
2164654561
555754618
221109311
1934995264
478596173
467497974
4187114891
2315237404
3761039225
3781975346
3114143127
3125362872
4153605989
355441710
1279043683
2079352084
4069031953
901229802
3425462767
1759969584
2080216445
4005481318
30039611
3970871564
3920571305
3974427554
194924871
2608124072
3499290261
1865146782
698797843
3438181380
2315471425
2452820314
2003116959
3606351648
1437297325
288603862
547969771
64988668
2217950169
4173129234
1562263799
547626136
3601557957
2268021518
1049977283
1051594484
4273561713
922309066
504564047
92100880
3951250397
2928889414
865747867
2952894188
1331435529
305869954
2763578535
2444633224
2318364917
4084252798
366174323
3212713444
3836592801
3660672570
2318473983
943742720
3359127821
603224502
516429899
2839774172
1603059769
3026640626
3955827799
2856970360
3425829925
3018283502
418106147
225290452
3701698769
1472358058
4034549935
2663162096
4013765181
1882079526
2099108091
1871998156
1843934313
939976034
4268365831
2310957160
243671893
2722762590
1076470227
2789978052
3290262273
559102746
2691285599
1144069856
214251373
2748818582
1346799019
983781820
139555993
1134708690
460765111
2738005080
2210320005
3792691406
3264734339
3081188020
3848188209
2924145546
3023722511
4288469200
2781038749
1363649542
2964135515
3923718828
3245048009
998245954
2760508263
2911214664
1328481717
1349504574
3321991987
248459684
661275489
3956307962
3236370879
1673449152
1206543821
4237639542
2105320203
4101443484
1620662521
2980520114
3456039703
2471907384
3035220197
4099987374
250719715
148024468
1040392593
2898976874
2250966895
2937454768
3115159293
2341959398
211817403
1499064460
301858089
3588134690
1324392135
1661190184
1237456917
1855585566
2964534419
2189468548
3651947457
434185434
2659262751
3152113312
708822061
3051702870
3670175851
2402729340
2524736857
3853347218
289009271
1051520024
592114501
1771191950
3176212291
3362264692
3618161137
561661258
790914767
4028635280
1637090653
1960163782
995014939
1954319980
1941416329
2623182850
3782601255
1278268424
131553909
159423486
4120282611
2262304100
1912308769
3887940026
2551175295
764477056
4032647821
1937753398
141553099
1062886236
605204921
2733449842
520065495
2771286008
2658815397
1549538670
2030981283
3118428244
1869058641
915479082
603878959
3249741936
1611574205
2126146726
1393626747
1841243212
1185973737
2885858
1811015047
1191499752
2668022997
3386616542
1979942739
2639091524
1399843969
3986476698
3094036447
1439006304
1658523885
4112298006
316480299
3042568508
3480495641
2292075346
1562895671
47379416
34592773
2205572174
3649120771
2628827700
2388103857
1917280010
2240886159
3737589840
62226973
922587014
3594458075
4086934060
922784329
1317726658
708612327
1836567496
820539189
4100139454
4283578547
1129879844
2904655073
532138874
3060487999
2373381696
3595632461
376703734
1919023243
497903388
2864237177
301524018
1569384599
3482476472
899912293
832115502
1644278627
743699476
2307965713
3067417578
548709615
3193176112
656443517
1196892774
3006318907
813965324
1019203241
2964273826
2217602119
360820648
3943973269
1775179934
1255840275
4067543812
2049461569
3460708442
4108852895
3919400480
727129517
3476936150
190219755
550294780
335060697
2520050962
3724581879
3211049880
751664325
1434204686
2179460291
541138420
2183865201
1114781898
1849738319
2471614480
820494045
1971266886
1144925851
3405153772
2617654025
735116162
228456359
3508175752
119686133
2799138686
4260670323
537980132
2174502305
2776634682
2193200639
993041920
3464850445
858919094
772981579
3811586780
3041633081
1217029618
3361800023
3259107192
3878000421
2044186862
2492192291
737163220
1698608081
2941701546
2467140527
1287167984
329459005
2737674278
1337934843
3848854476
3840661353
2703764578
2254746375
1849313128
3400169045
3291760222
2851630291
1034813124
1452633601
2912772634
448249183
254336480
3094604397
1913174934
2532225195
89096380
2227820441
942755538
847516343
69354328
1883496837
3311654862
3779424131
4275650996
3957552177
4089107082
1609765647
2508216272
1307229085
3457841926
135006555
508764588
4085818313
3454848322
3663339111
4141415240
2269436085
1990034750
3426606643
3099656356
1479263841
1255546618
599430335
2927496640
1840945357
3615086198
1849839115
2745351836
3297459193
1348577202
1581372951
3976032056
3753925605
4208479918
2607593699
1148468116
2603705489
1641432938
1372144239
3567321008
3931537917
268291558
192708283
2418890636
4025786409
1263984162
559299015
2968428328
2592697109
248198174
3458006931
4207014532
2977386177
1029852122
2962889759
505949600
4277237549
3409797462
1214618475
1453452412
44552281
1481863314
3111274871
550210328
1496516165
2028811662
3797529155
2755208564
3292562673
2816552010
2439520719
756193168
2138994781
2660208838
1684579355
3513744748
1313328265
2392743682
2670789927
510866184
1846553973
2037732094
82694387
1764283492
1502611233
2709121210
2150519679
522141056
145786253
3507182646
632330443
851774044
423072953
4080970098
3723324631
2139395832
204726437
979012718
3244579747
3248488276
2217268561
3490939178
4087853359
2110594928
804953789
3414672294
2301131131
4103181132
3466209513
3908784098
3284304007
4250842856
2003902421
1062461918
2986889811
1701684804
328068993
4015322522
4249828063
777731424
3012543469
2291910422
1920681515
3364100156
777160985
2690339410
2441822263
622891736
878373637
3587724110
803517699
1008781620
3288487345
1084573194
4183814287
1640535888
2858611997
77489798
1544814299
2282461484
2097395017
2275782850
719498215
1202268872
943997493
2233393342
46433203
1292396580
1854474209
4213928570
1054134847
2228497728
3022467661
2913378806
119382923
609687068
3020991865
3135335218
3324232599
1771536056
423634277
2115930670
288538211
2939388692
954533393
3150871274
3479756783
805109552
693074813
3549133158
730018875
2522189580
2979819945
1943372194
2624161607
860524200
1042388117
193875870
276456723
2037455364
3315159105
4113915738
127343007
394399008
1259262125
400813270
670019819
3468035068
1753874905
2047407122
2576283383
3772865176
242978757
31797518
883324867
2991598836
1676207729
1606885322
1318747983
4217526032
1935159773
3724999750
2983074203
2783409388
276585993
2462237314
204411559
842719880
580982517
794439294
3766613619
1075821540
1071040673
1772796986
3329102079
2539445504
1155440397
3138103222
2236182091
3424182748
1440122425
4043959538
1436867159
1526081144
1940204069
3420735470
1436016931
3639527124
2451961553
2798073002
4224503471
2465242864
3675592765
3855150886
357347067
3107539660
2310765161
2779083618
2584432135
4067567208
2337982805
3912924510
1681078227
4069281220
3495522561
1086556442
2519840863
1901894880
4197358957
2799030934
998431659
2633478076
3524147865
253515218
1883073975
3821920856
3025466501
3805531854
459209347
2995212468
3702798129
1728493962
131583503
2174736080
1058942621
3364442630
3898012763
1321406636
1500628681
1236636738
2446735719
1575508552
702983093
3454483518
2028349747
3727609764
909724001
3199714810
1035603903
3464056000
1335282637
117075318
3539204363
1036676508
2135498489
2675453618
2335224087
3277884984
1210248933
3916154286
424920035
3398552212
682338193
3535646314
1335065967
241696432
168523005
2147493094
692382139
1627178636
129450793
4163577122
1801966791
2593488424
3151805973
236481310
3891448467
1283408260
4237185473
2210362074
803149599
2477452448
3048155693
590444630
1073006187
654908284
1268724569
1230337938
1951835255
2108041752
2997295429
509881486
3469622595
2827367540
656689137
2015630154
1540873423
1010898576
846523229
568682438
1114541851
1717464172
1755574153
104736258
3398967335
175215112
181731445
1988495870
1722883059
2197136228
2054195745
2350026682
2339950207
1642691712
688896141
1597174582
3806151627
1294711132
1898477497
2414620786
629622743
3533092344
2205774757
1551172462
2804311715
3487338068
1429608529
1097984042
1635576879
3391299184
988975549
3757120166
170648699
1365246540
2622475241
2770769634
2134842247
1265931752
3966202581
1877481694
2524519763
3272209732
3539464833
803806362
459224543
2519530592
844134125
985062934
2282058027
548030268
1979509785
3530840402
3298466615
3190436312
1446116869
441862734
4189339651
3222067252
4227406001
1960783114
1096461199
856036944
840722461
131808646
3268733403
2423883820
248698953
3793516482
2234828519
932612552
1110185269
4277573566
