4226365023
98697952
2711145325
4086179990
4179835307
1368421820
850675865
2132741074
4209290167
2667579480
3875857029
3432441038
3674937475
4030256820
3491497265
1029713802
359058447
4179016912
634117277
2964269062
2877739611
4171585196
4157822153
289262146
1061484391
3661365320
71965109
1086837310
1880213299
978965924
2664208225
1564916730
1191218623
2873209536
1416100301
468566902
1033066251
1431712668
3091606777
3051742386
726069015
3476403256
2233064677
2731137966
635363811
3382071444
4283069841
484582506
544308079
3940672688
1138762493
723581670
3576940475
4136766604
4029665577
2900253474
1174770375
474752040
1313287189
2740191518
3753732243
180176772
4061700033
3034147034
204772639
573985440
1936152621
2782907990
3205702763
3808944508
2960343385
1135488402
1230758519
1939755032
3311732549
4242358926
2142788419
3663575668
2759464433
596871498
4286896847
1195244688
4210071901
2508275142
513568027
2301014636
3467869577
1167875074
3521437223
2332768264
13004405
3818692606
2526722547
1959176548
2691815457
2637661626
710757503
3417825920
3140413069
3038529846
2650448331
2937945948
357795257
1806689906
251364823
204594168
4152254885
1971919214
334464163
1711739988
4240631377
4222377514
2809719343
2367882352
2375368637
3783782566
504939131
1658538060
1937136105
3434073314
1924848007
2222013416
2975850709
710520542
4127308627
2045639492
2364555393
781783706
743617503
3300811360
1951835373
2304455702
1721880363
3926854972
754907673
1294143314
1644026167
1424512984
1996352517
1132814414
4191968771
2886360628
289203889
2875499274
3106253199
4152949840
3395687965
485299078
3590375387
2988953132
177235529
256945602
3831465191
2725654472
28017461
1011035582
1263168691
397098276
1722538209
3711307642
1223478079
3863073344
1937150797
2119470838
291548299
1079282460
2307759737
3812599858
1413143703
1169802168
2877007461
965351214
886499171
3890190356
3070236433
2499041258
2170755311
2103960624
201006205
1902683750
3031203131
562316300
203006633
3065446050
246079559
3138524072
2671859093
2047941790
3486305811
1198944004
2830934337
2034662490
1661178527
3308925472
421966253
197155286
42940907
3664115964
152531673
87929106
596283383
312352664
143626437
3327081998
3023511747
1358873076
2401531761
1989377226
4178131023
3518479376
955011805
615688518
2490622619
3613960684
1009389321
1209712514
91548583
3762087816
1136220149
3766188926
2833309555
4274491620
2587531681
788683066
158271999
2996797952
1375666189
3310785718
176518987
1555781340
3585374009
1716857330
969208663
730688376
231844645
4102870254
1398082083
450878420
113379281
1786384810
3304064943
1668318192
3285301565
2558729254
3148806139
1984757708
2866391913
615772258
144025351
1609476968
3031140949
138037854
3890127059
790012612
1312670209
2258740762
1996960095
3144270304
2526510701
1523531670
1704682667
3888948412
1702669209
2512261842
750913207
1014998872
1188689285
1794825166
3649610627
1962599860
1458620465
3873445514
904890127
1569340368
2873315229
1251081990
3702898011
480855468
3024123849
2310705474
2212827751
3290390344
3283086517
637897022
2317226547
3319506084
2749241953
1683776250
2460223679
2828071360
3951570125
2548193910
3156804107
403825308
2055737337
4272974770
3193555479
762106680
1262514149
1817268910
4197051619
2328354708
2227746961
3187510122
1222620783
2801591216
2044270077
3566686694
367014587
1693809548
7762985
2422645282
255536583
3536257832
1314815765
177551390
2029466515
2895025796
1177789121
141201370
4011692063
4279046560
3781757741
1682433366
579227499
100864124
586064985
3898881170
3697556855
575467288
3197966917
3611834766
1418782275
2210318708
1633802481
504000586
2795017679
3804265360
1177226333
3964343494
4052113435
1705615724
2207490185
770712322
1852832039
2380109576
1045381493
580998910
2311193843
3366418532
2891340577
251931834
3410741119
4292223360
2496797069
3283607606
420170955
1175989852
3100141753
1980853618
2696503511
2065169144
1351087269
647467118
1947570083
2203558740
2312382801
2436810026
2750555439
1875706736
3000054461
1667581862
1711287675
2973611852
2108685545
865014754
2438689927
861608680
2300195797
1994515934
2111211091
4221454916
425608065
1885419930
302427871
2816745824
2925221869
3588901654
2349857323
3905502268
3794623769
2800752210
1362179127
3552966360
3164143365
1895257934
3490703619
2836032820
1731701169
4258433546
1103389839
1763343184
3999500573
664660614
3584406235
1445575980
2061732169
1316713666
2480250855
1027051208
811030069
2886657214
42776499
585829412
2623757281
2159654522
1512457791
2955874624
1654441549
3600229878
3555481483
2056141340
2436202873
1446522674
1604564887
72278712
3395828069
1763675694
3419927139
273622804
782522897
2784870122
753357807
2778784560
3011121021
1118633318
248440891
3739595532
1397114281
132990370
3182852935
1634398888
1100916885
48255902
2973538579
403029508
276669505
4031095642
3867315615
2377052448
1915643053
494301398
3036177643
64956412
66639321
992065554
1776872183
548060824
1301128133
1573401870
3066407875
3500003572
3778165361
670589898
3191010127
3092790032
1219282397
3662315590
1272171931
1374263532
720384521
3306980994
2195064487
2448246408
3599248117
1477325438
255732339
2959499236
482679969
3409772602
2784199935
1901838592
698888973
507521974
1603019339
154404316
3297729081
3907301618
970509911
2026998392
631324197
967396334
3425768739
4251871956
1274628817
2113566890
4202644143
4030235376
2157161533
808350502
856449787
833449676
1912163945
3342940002
2198618631
4239821416
346807637
609255774
2380884947
3179606468
877774081
2044185882
860957791
1210941664
1638019437
1756124822
1879019435
2332349372
2836467353
3468237266
3310051767
2562410072
1044056197
2205864654
863121027
2788750516
135367473
4265344394
2460238351
1480178384
3116810909
2719012358
3603998811
2091463852
3833174729
731076674
2318478695
197049928
765575093
2086617150
2325110067
215577508
2520489313
3226339834
3581117375
3139186880
2125750221
2826105206
4004162827
97096092
3549819641
936833714
773367063
1214247480
2398290661
1576323502
4292933603
3598020244
2056453009
1526002282
3816419695
3075728048
3739093245
2846468326
3044580795
2908023436
2324240169
3947555106
2417805511
1694360104
1593954837
284323614
1318911635
1742464388
1301980609
3201808090
2134018847
790614176
1903607341
2773220438
1340439147
1912225660
2989885273
1266039698
3256391799
2344062488
459353413
2278502542
819294531
2510018676
3566574577
2724026186
4124594383
2424240784
1718714205
3702582214
3109831451
3123220588
3091186569
3684690434
3097957415
3932943880
4066645109
784469502
257249267
2483308388
830922273
4054635450
3479585407
3308281984
3061927053
1122989878
1946679243
1141824860
4278799289
214889586
4213390295
2730105336
4078798757
1539442542
2980551331
3877909076
322006097
1051536426
2123849775
582156912
1394156989
3974012582
953391227
362554956
230006761
2915719906
1403522951
3120626152
1029736149
3196460254
3994505555
1389009220
3843573377
822435994
283552223
1514528864
1449921261
2165662230
2808751403
1820289852
3223830553
1528372562
2131791671
157259224
834671109
3498397262
1504670723
3397811252
4286475441
4129059082
3733921679
1760033360
862780445
2817180038
4130774491
2921835564
1996663881
4009900994
3707222759
766832072
2710513973
1157012414
4164616883
1638325028
3613843169
2971229562
982237503
2270711872
3855546701
2071313654
2724463243
1472456988
1202283641
4052530738
532189847
2006974904
4276145253
2026964270
3963944291
993703444
781491473
3940754922
580357871
437641776
570753661
4153234534
534598459
3997377036
742320297
142576802
4235073095
3682587048
2357722005
3804990110
655909907
2047937796
1133160257
35703386
4012738719
2707402784
2235701165
1774749654
2303561707
3998504700
866531545
1734459154
3673376247
3782434200
2383918789
2203921422
415250115
817422324
25951601
2604223178
59289167
2838805008
3313055965
3783153478
1344256155
3160836076
2978108681
1064979842
2246255015
2505680264
2011364853
1421666686
1611101555
1367420644
815505313
273917754
2107899903
3109289984
3780994573
2680537782
3967733067
2494084316
1849048377
802174962
3667437911
1993451896
519885093
3135357678
2054758435
2658728404
2776403409
3780566954
3862592943
1161593328
1348575037
2272643622
2371210747
2064244172
3605328233
3039460962
2033114375
1765435752
3912773717
4085430366
1952462547
2574205124
1907476481
602534938
3771148127
2620211168
850977901
2368040342
3360668331
725156540
762409369
2584748242
1954593975
2746410328
4247264133
2249640398
2563225987
1945306036
327044657
4084458634
3682925839
3643095504
2169910685
657173766
1238864731
145040300
3095313865
1724391234
36259943
2702843208
1914671797
3017078590
561686579
4283646628
2783256673
3776688378
3211722431
3538120640
1038914253
3181348982
2232965131
243089564
4084192761
3512302002
713261079
269422904
2150733285
3887349934
3875799779
2627665300
279527057
1674074474
2688560239
199680432
2733571069
441974758
1677527227
3216005516
3194468905
764096546
2024432583
3270557992
2956010773
644589086
279890323
749024388
944613569
1210113498
1819510303
2725154720
1401975085
3639350102
4147160427
384659068
2387176025
3705946770
2860053367
2682137880
196165701
2121410446
3297115203
4294240116
773152497
546061898
2638482383
1081702800
2344874589
3602039494
639512091
1990426476
2629297801
3198923010
1619668775
2427868424
1292167029
2013185278
3612646131
3336377956
1610834209
3039918778
3870080383
197566336
1346142093
2730692150
1592828619
2567015516
404106937
2682813298
3459847895
1930967288
255793829
2231926382
2091230627
2171388244
3369774929
1945604906
3882392367
2513764720
2657949885
3992188326
1184039803
2146866508
1401373417
2875302370
1772137095
140695784
4264745429
1900434398
4140047443
1869801540
538855809
3766847386
3639780575
3420692320
2626207213
4208752918
1756385323
1697749564
4142801689
3651019858
2610686519
3853858008
108209413
3526313294
1186660099
8293172
168898481
71456778
1065736847
3874584912
3380768541
231970950
3887302875
2854329132
787337033
1625621186
1875236327
1676561608
2236808245
1996116670
3696577971
3286149668
1203134945
3730113658
2585607231
1539149632
755838029
3706737654
751283595
3354761244
3706275705
624770354
1148808599
2410487992
2028298085
3634265134
1176373347
1487029524
3872448529
3550776554
309578223
3402031408
2275145085
633702
2547498555
1067225356
3338898345
678286242
2060562759
424718504
2952613525
2312290718
3781177107
1570266116
1910745665
517468506
755270559
4031541024
2187446957
1622580950
797883115
2311423484
3357514713
4194158098
648650999
1157102744
4197304773
2802721550
2317795779
1632628468
540131441
1079390666
2030725455
2488088848
3746671581
2857250374
1364698011
115308268
4292900873
657724546
3197910183
3665953928
1472844021
1183293566
1262272627
3524787684
96346785
1850101306
1082161919
2055749376
2837354765
3118946742
1633515595
4011418588
44638265
2870460146
3422848087
361613432
702833701
3895867886
237841187
3992946900
1129042129
76498602
941734063
1383891184
1664848445
240722214
2055944443
1113738444
161256553
1584383330
2600302599
2507819112
1649443669
3855675230
1262682579
3000340420
912116481
4107803418
795419231
2808676064
970692461
943359126
512484779
3093901756
580768921
1740842962
3932297143
1298564184
3013684869
3805200590
3112780931
3458798260
2838958385
914869130
3230775311
3494688976
837920925
1239581702
3855253083
2963083948
1615847625
2874730050
2613928807
1949400136
3240715701
1013362238
4274713395
2370376100
47883105
918902778
9861567
3756437184
1496368589
1198006134
796001035
573370268
169195769
993525938
1671060247
1954164792
1325148389
2039461806
1603472867
3443821716
1997242769
1215807594
791832431
2494947504
4127977213
2527221478
3513611195
2349320332
3423755561
3341252386
2028207815
3701448744
1911322645
3137395998
1865192595
3941237636
910994369
340133082
1725989151
1224298144
3082167341
1864903254
3362246763
3839663484
3878210905
212748690
1166364279
1321258008
3213710149
724639374
3215099715
2999580276
2648777201
144123210
1289471695
3803183248
3861013853
1246796230
3888912667
2333765228
1627130249
1192458242
370756135
1891415048
2117188213
1851227134
2445272563
1362224484
1741415457
3381797306
3240048767
3281575552
2449715853
1395828022
2311409099
888159068
871305657
2673738354
3388666327
3694286840
3572280741
308999534
2232397987
1110528084
3671061073
2703096362
2389038639
3107127408
3301772221
3601157286
1061056123
3763143756
2133124585
2622810338
2202355079
243316712
4220595413
4280453854
1205659475
1100429124
4201663617
4007767706
439001055
3971833440
2964418797
3007287318
2145549099
3269445948
3061876249
2457807698
1456686391
1489425368
1790064645
3858054222
1194494467
988977716
3069178545
2554609418
346592655
3543595088
3768836637
3378016134
1511814107
974621228
3534025289
337889730
4232048871
3487804360
195219253
2988050878
1591449779
965900580
491906273
2020387706
685422399
492752448
1750556493
1795615478
588732555
3139651356
2163550841
1632224306
2112243863
1014382520
1752560229
4169659182
2304971619
1485165588
2270765841
3493983210
2893808879
2813583408
339667069
3424780902
649996603
3270639628
1402220201
3619166882
3907079239
182292392
3690897813
1744173214
2417228307
2996546308
3414732097
3060471898
1342668447
1786064416
2576186797
1916843478
1471931883
3325211900
4049927897
1660275986
4245421047
993565592
3251625157
953883150
3136900291
1382219252
1831043953
2270107850
3468174415
1772206096
3325435613
2763654470
4286287515
559179244
1175100169
3964263298
3707852711
1365664648
2788991989
2641254270
2162035571
573230308
3425478049
1427436858
2659775999
2767748608
2968243213
3701797046
1848124235
143004380
2984772409
3401270770
3189530455
1158014840
1985476389
833007854
927807011
3691124692
1432818641
1470344618
2687824815
133726192
3911288125
886601766
2863440891
2008464332
975189865
856755298
2558006023
1903568744
2952058453
1799038558
3264335059
4189576900
2991967745
1554137626
3476495711
1507900896
2802469485
3656096662
582226091
580214972
3096852377
2815569618
3606016695
2245403480
2443592069
161658830
1169608579
2765824436
4181447729
930591370
4056576783
766523344
4221115293
2050317062
1521051995
1687224748
200082377
1766174018
119373415
1963252552
1254045877
2249483582
3532078643
2797265060
3709609569
826998522
1223292095
3525701056
8452301
3050092150
2646060555
819502748
1200069625
3849488306
2304587287
1705070392
726842341
2206674606
428742883
1483086740
3719939217
2030249834
1079026287
1103159216
137683453
2391322086
2915688123
39532428
3817406505
673168930
1086953927
2718596904
3560164117
1051857950
437673875
2460734084
2006429377
2470915034
511278111
314576288
3454523181
3623895382
1938488171
3418868860
3973328985
1255428242
1128114551
2287954712
1727358533
4262204814
3526038083
2652570996
1408820465
3397258314
3030352335
1730312080
2777471069
2810867910
2925921307
3884801388
889990281
3839311618
2304009511
2055148296
3052047733
2177643262
4002885875
587379812
2027972385
2664351930
247313279
3701939584
2882987405
3292412982
2760243403
131787356
2190734521
2066712946
2657668311
3456661240
1948663973
1944677486
2061876131
426893140
2031170897
908091690
596578607
2093809520
4130930365
385000358
3537230203
647983948
3230566633
4037292002
1351999623
3160053480
1702592469
3625632222
2439098963
3107423812
2752401281
3424245146
2223938271
2899516768
3269862381
440313622
2634065451
1971976252
786360601
4122751570
1622581303
1385460440
2390575877
2077700942
185996547
1776462132
907720113
572663306
234311823
498628432
2832291101
1249461894
4252065499
1309243692
2452100425
2025754818
845548519
1637157576
1686020661
1716895934
802022323
2999076900
2285463521
4016067194
2529440319
3158052160
3350041165
2511962614
894632843
558691868
1674382713
364006194
2080318359
1845190328
4254238053
1217227310
1712594531
719676180
1076717073
1354455786
2695905263
2698829616
4159560573
3419822438
2089849915
1749249804
32559529
2254332322
4137477959
2686873256
1082913941
3979685790
3811820819
1763375620
2155458625
953827162
137787807
4292472096
4207227053
241618134
2983530731
2476467196
3749077465
306828306
236607223
3023387288
352186309
2831421710
1530386371
4092726516
409028209
3760455626
3029458767
422721296
2854654429
1086446662
176912795
4224013548
3019947529
4273709698
2433905319
3926311560
2470147829
3379629694
