3955330851
308321492
3190936785
1272281770
3815398575
4203009264
1897911869
1510511910
2393644283
2800083148
88283241
1652324706
1935318023
848108648
2428323669
3144606558
3883951571
3687556036
1255460609
3464187674
1466615391
1523995360
434166637
1435957398
3329608107
3022112188
3925170329
1238162386
3600300983
1652447320
4165923461
3216618702
1655679107
1962157748
4286518577
2915565450
2005687311
4234087632
4032294045
1479276550
935158363
3838486188
2744673481
3735001666
4129064807
378425416
2958567861
668901950
2467977011
2066294180
1395894113
652381178
3905559999
1105068736
305662413
903779190
3517835019
2148500380
2307865849
50050226
373456663
157025336
2364271845
1255451566
1296789987
460955796
2310374801
1555166314
2061437807
970077360
3589550845
612748006
4197603259
1423924364
1476190505
916990754
4263846599
424047656
3000843285
424857886
3029203091
45389700
3817320385
3353163994
3628475679
2390401696
4206848045
733519446
1039512683
2850632060
1606701401
120323474
2812244599
946642968
3351189317
2379223694
3941395267
1298729588
3454871025
2798344522
909798095
1976978576
3633097053
2496531910
6487323
765198956
3062402441
2144218114
4014763559
1554876424
568622709
478375934
3241363955
2011560292
317253665
1839420858
79092863
2711892608
2416899725
1524439350
732246475
3861303132
1722586553
2576725618
1149703639
1873292280
4167070117
593750382
1726747811
1312449620
155055697
910962218
2658564655
795038832
985223101
2596061350
3769062011
561551436
2673043945
2873728226
1500146055
1052478440
2466640085
1512603358
442649427
3694480196
3295629441
812442266
4176757727
2555556448
448705773
50594838
655646507
1698716988
3831499289
3648053074
3536939319
1795598296
2053635077
1112027214
3634425347
1566944820
1153431217
292320010
1416313231
2708556880
3406964253
1141498758
2639747035
1592598060
1047885385
2253553090
4166456551
1500020680
2816054069
2532965822
225639603
756714788
2805131489
2222055290
3956693823
1266557504
1868997453
2145738486
681262219
3551386396
1794551417
3254089778
1683385495
578819000
3043866213
3174360878
1130592099
3059935252
1435182865
2590255082
2767235311
3271046192
3828296829
3127735910
2764770619
2423362572
201765545
3122712226
3018485831
2192335784
234317205
867167390
3552402963
1678622468
910930241
971656282
3224707743
1344176672
4003381677
1228483030
2492582379
1508329724
3632825049
710639890
921575415
3389812632
487170245
48369166
2525737155
2427064820
3703015281
2406173898
2296301647
1190136848
1822974685
1134524742
3512365723
3699243500
3424591625
3421278082
2684124071
3430889352
2130143221
755125118
2459529075
1988550884
3100748193
2098080058
82352639
4146844160
2231308301
4072105142
995100491
2623842012
1462601529
3319462386
3027272535
3517168504
819182373
503817454
2909903395
531835860
1197283281
179954090
2769131439
2622542832
3608529213
1096281126
1767737339
3851046860
2396437353
485343330
4234491655
2228812648
3228670549
464067166
1532965075
1442706116
1104990721
3591730714
4106797407
1302204896
2870972013
739774358
1496183979
3147691196
1560132505
598467282
1924503223
3846043480
2086929797
3042814926
1332556675
2465609140
3465795633
2189944458
1247090447
3994192848
571432861
827248390
522997083
3389953452
2957346761
3931922754
888971879
900837192
2751331509
878467390
728146483
4025152676
2961517153
691548922
1991088319
476922304
1704475853
3239258742
2525205003
1410019996
2886803449
2936421298
865425943
3973260088
2538766309
194781870
802585827
367734676
2004076689
3373095786
1972192879
590164912
3626837501
2906399206
287228603
612551564
3632497705
1299214882
3785014727
2768327464
120885013
1205078046
3959931795
767944324
2950869697
3064881114
493821983
3901841824
1157700397
2573251926
128507755
2116313212
1384100953
2938242194
3840396663
207306520
624372293
4286253454
3993335363
3490322804
320137457
209862730
3482199503
3734555536
268901469
1792533702
3381454875
190771564
4222136457
996274946
3323431207
3569346312
3551351157
3267897086
1922733299
4110862436
3071109921
447741114
669341567
4077023616
1710369165
3099111478
754310347
3462495836
2858514617
1194802546
2693066967
2748205816
3584689317
196239470
357703587
3838505812
1049573713
3609105706
2905584943
2135774064
1815429821
1004148646
1053736315
286984012
1506610409
2238243810
3528131719
48589544
4278207445
2918233566
2155288147
656775748
152916865
1299515802
2162704095
951611744
1896048621
1054022422
4072835627
1429900348
1506700569
1987962450
2890187831
1327777496
1682116357
1190799182
487880963
1940241716
1660598705
253385226
256504975
541248336
458201373
234535558
3543941851
1143934252
2131269961
3636282562
571289575
2842287816
2328192565
2919609534
3270854579
2711247908
3039456225
2738194042
3209680447
1923834176
2597115469
1734866422
2976311179
2670168604
1390317945
405667634
2046773143
3864343224
2560248165
1678401070
1755611747
2551346964
3043977745
4138569450
2729763823
2557555504
3622707069
3941715302
1429043259
789775116
1131632041
3197572514
4248177479
2118468264
2224339093
62858142
3547146515
1037897220
2521609281
3425268570
636755359
366166304
2749789357
2318352598
758838507
3030415356
3551127001
3816785938
2811001591
2102988440
1179104197
2979726606
1197095875
1770594548
923093617
739259338
3225977679
2060487440
3903378909
4168568902
4277820827
3628001516
3408216585
2620282498
3617429159
1936692872
101071605
2345992830
926333555
3513102308
1402743969
3565735994
2746029311
1395134720
3639100173
450952118
2526458443
438130140
1716021817
1806336242
4274282071
1680333432
1289965093
442768366
4102923555
4219583188
3033815761
2843363498
1826411183
374919920
538426429
2017674022
1996157691
3257581260
2251710057
2998601570
1360777735
3068189288
884075861
3204403550
1604975571
766263748
1613812993
613129498
3545414751
396480736
308953453
2838832790
2312249259
3491111868
3771866777
535226834
1971253687
649696856
2550470789
622699214
2543238787
1567900852
3354696497
3307457930
1498010127
1979845328
3704803997
3356337670
3481745499
3947791532
817801929
527771714
898153831
2995850824
1110429621
2985693246
2854153523
539542436
4213353825
2154420730
4223472575
205029568
3036966861
3773022582
256195851
1392697756
1700725497
1265418930
764687639
2365997624
524620517
4102003118
1137543139
2597895828
3581807505
826589802
3798434159
1623470768
158472445
1636727014
2264346043
3458349708
3537250089
3683957026
2092718279
209203752
1813504533
359743262
1609404051
1918055812
797554113
140216026
264510239
2514755744
2974731821
2309278806
2605189739
2606468988
1644631897
359926674
1960585335
2600853016
3862641989
1195507854
4169793859
3139905652
243837937
4229244746
286122191
1503087248
479039325
3665673158
2275595035
1629347948
3230978953
3159472642
1250862119
2794341896
4227998837
908647934
3060654067
3919812452
3565022753
949527482
2923418239
3583815808
2212584589
2268088118
238192587
496512348
2430753721
2167719026
3308178391
2427480568
4236220325
2015156078
2703501987
3252126292
1881963601
2412575786
2585063471
2675135088
415053245
3834867366
669132923
381253196
2584915945
1927555810
4007108487
2664122856
1200002773
4241812702
3472351571
1200744772
2367116929
3914936474
570964447
2824482912
894704365
3644731926
3025974571
3392191292
4161327129
1843850578
3294895927
3925730776
2108301829
2110266958
351536131
2925644852
3280043185
2997109002
3730091919
760236624
2358840349
1300730246
705506779
3714907180
1265089609
2357464002
3849276135
1327971784
2956802357
3995954110
3068367539
1234578212
3362647777
1322593658
1643467071
2803146816
1514080589
2609286390
1176408715
228407580
3918689401
2529330738
1146364567
1592152504
2438126693
3942372654
391220579
2084439572
2644487441
2261972458
3936689903
3123065392
2461602429
4279379046
3162235707
531657228
212596905
1919507618
3593315911
1301946792
2747141013
720001694
1737028627
2837994756
3248076609
4182022746
283056287
650379296
322578349
96557014
3889176555
3495274236
60246233
2466221842
1121375735
3814829464
1796327109
4000316430
1469368003
585379828
1604259185
2324765386
2011053647
3102542352
3518318813
4276823878
2038843547
3288061932
1643603209
1774984578
2498408871
1813771656
2611023349
1875097982
3326084467
465600228
2142416801
3571414842
2107478015
945836032
215840269
1806078646
701062475
1993475292
808406329
3587573746
3921951063
2808609144
1249829157
1390187246
1897246755
2513193428
915906001
2551623594
3940027823
1486672368
2082844477
1858771494
1736728059
751250892
459407721
2481213026
561933575
3097803112
494813269
359762014
2757805779
1389793476
3587233793
702399514
2735257439
2833354720
2143351917
1022246294
140659371
3783938748
2775744921
2927489234
2398375095
384906584
2066885509
2130287054
3945548163
3295564724
463560241
3852186762
1416269071
2217576912
1352811933
2355657990
4174259035
948597676
1426312649
3991531330
2814433383
2100063560
3136135861
279693118
3208853555
4225929892
1661743201
2625077498
670600895
20955072
813474509
89151606
3958564875
1828098204
3849905657
1211058610
3024031767
3656737080
1422108133
1971261614
959484643
2588036500
3553906321
89663850
1903017071
3801559472
2579696637
2977746918
196843707
1102948748
1995754025
1360330786
2139747271
1068175656
294073621
4062869022
3225377171
3227288708
2457647297
753184218
1598363167
2255675296
1873314093
1820648278
2832414059
4052663932
3193600601
2854359698
125600631
3563879704
986402885
3575969678
3128593475
4274009972
4031278833
3850636874
2864290767
3604072848
773849693
1405063878
3936665115
517525356
894236297
1922924802
749846311
3256395016
3403872117
3869611262
1017981683
1169974884
2604298529
928860858
1204178303
963833728
433885069
910417462
2136683211
3284851804
1244610233
3079555954
1652860631
642681080
2632002213
3634581102
3126998435
3579842900
3457531729
3495387946
354822959
2144686448
1884367037
82363814
1273074555
575923532
2418299625
3820712418
1594899079
40708328
2627267029
3067421662
3051662419
762984516
2153601409
1947817882
2354328799
3610767200
2544946669
1111836950
467853355
3022187068
4010750745
799798354
3408886327
731088088
4137497861
1454511438
1883213571
4254718772
2522103729
1812604938
1904962191
3097086288
1324252957
1924163718
1372199131
447146796
3549617993
296145602
4068304359
983604424
1212222517
3346080446
2570968499
353237540
285045217
4149269626
2210843711
3636059968
3720166477
2353079286
2529312139
252635164
1595037561
2914192690
1934949783
2083745976
3482808165
3255389230
4285175907
1390777620
1042018321
3134479594
750868975
404173104
1150289277
1724808038
2327203387
1380573452
2544933801
1167565730
4006691143
3769303208
2608029333
422678942
1074839315
2515512324
3895638593
825999706
821433247
1928380192
1822022317
737111766
1951484651
2634470908
2555423705
2832963090
3100455159
3961932952
3144145349
694219534
2000376259
2897952500
2256851057
451805642
1604319567
4047866128
1473100765
3338337862
