3382973771
2990365916
2444412217
3813875698
3366875479
3281834360
3745372453
794766062
2219272227
1453498836
9049553
758564778
2668185007
2473372144
1623435069
866136614
1491932667
543720908
1537440105
2768725602
1406575879
3849294184
1306212437
3438944350
987791059
3533891780
1447120897
929291290
409464671
117925856
1941761133
1032443286
3872981675
1927391932
1811020185
1153894610
2822407351
3520204120
2796364677
3943182798
276431235
2561715124
3926906417
487050378
2390213903
858350032
2742828445
3528070406
1070783323
2904017836
692143561
3940091714
460656743
2745386312
554080949
1790992190
1591668787
437971620
4143491169
256481530
171165375
2391906240
297048781
4193775734
4144341003
1782179996
787766777
3980681650
3588311063
2843883832
351968741
1461299374
513428195
1475388820
2227095185
621822314
3210146927
1002375600
416875517
510289894
375148731
3442934156
2100183593
1070602274
2191141831
1439557928
727461141
1422593566
2532774291
3540049028
2548379841
3405956570
3160165919
4176525216
2082240813
2067299158
3464621419
1891505788
2832331353
3825412754
4286233463
782587160
2378057797
306941838
234898499
2077921140
1638852337
864560714
2592003023
270901648
2540829277
2377722566
652310043
1463691116
193097353
1495570690
220067623
3186064648
376696693
3084004606
2021712627
2731327076
1881073953
3334955706
767133055
1193068416
2408351629
2231596598
2913331915
3672519772
4087527097
205218674
4276018903
2167628024
2156929701
1465247342
704900515
3890637140
3724031825
2460449578
885482287
3478464880
2178883773
2985188774
666520443
2644852044
3562392297
3356396002
1792569991
3655860456
2548425173
1552792542
2228511827
720801860
2193478017
3134156698
153316575
906872672
3030173165
4145078550
1086953515
2032812604
1971235609
623184978
3655709239
4247018712
1762143493
4243631438
2851948291
2072785716
582137777
3903209482
1325965967
1413849424
3333977885
952238214
993972443
1860453164
599807817
4190497474
2007080423
3821499592
1900676149
2813704894
692688307
150360612
2665081313
3142773882
2775712831
1052489536
3756340301
3440950262
2688873867
2550284316
3766341497
3388482866
3261543831
980437176
3468584805
1976820782
2974044259
306441492
620128273
935097578
1444581871
904857904
3767926141
3958117222
4022797883
359872780
2446988201
931314594
995195207
1367201960
1882740373
2583832990
3208148755
3594781700
1602957889
948558170
92097439
2518587168
2449330861
517146326
1349518059
4293275132
850928601
1911336466
372992247
219096216
1162531269
3501689614
1328613827
2206570228
2782611569
3726776778
1658138959
3343474960
3591353309
2971964998
1068166043
1472863980
45809673
2793208962
3921675431
3573755016
1850267893
3492481150
2348353651
676832740
736733857
4272698938
3625796351
758015744
3615400205
536330678
1101185099
4115532764
3058018361
1882892018
1597656151
2230907000
1816488997
3092488686
2132505379
2731094228
846813393
2517577386
974160047
390899952
968727101
2317584678
2437054715
2019620044
2793086057
1206693218
3804577799
1548709992
1360235349
2196264798
3236121043
2427008964
923620097
905052954
2016012895
2967676640
1224712045
540994710
3493146027
951179708
20864153
4095348690
1396432823
3995446360
4014356101
1935681742
677088387
1065794228
602446129
1975235466
1285849103
4042318032
708292765
2493574150
3068511835
900709036
4180830409
4178169410
2990091111
291152968
170945973
2264012350
2068790067
2628827556
2148412257
1653817338
3967500735
2318718656
186174925
2338359158
3296676619
109680540
4122624249
146991282
3558351639
3498924088
2246389989
3834978222
508122595
624309396
2671839633
4016023658
3077123951
3677227184
1377171197
173326054
4008491963
3392041100
3271091497
1930190626
267634375
1511835688
2536996885
1291863326
3298090131
3588631428
3523490753
1690823898
3890825503
3726341792
3462540333
3910439510
1389959275
390940028
3251721561
2506961298
4020704887
4029150232
4089076549
2326431374
540856131
458202740
2509941233
3509783882
1127648975
419176592
3891293533
1089929670
3819921691
3964999276
400986505
1261199362
3754758695
3633175560
29409909
3788170238
2450271731
3250687332
3288820769
2026375610
3377201279
2374960768
3480468109
3709013302
463115723
2675237724
3751516601
1565583986
3753949655
1290633208
140359077
2153274734
3649960099
3846895700
3289217617
1164829226
1692704303
2840799344
2925466557
2856301734
2877666939
3466308684
1477668329
4070691042
832376199
1789255656
1600402645
3993629406
3305975635
3787120452
3106919553
919312026
2608555999
898074208
3605362925
655620118
723239723
1333293372
355536409
4289074002
171773239
584448984
2674343941
2086052942
3784626691
1117798964
3014752945
3527943946
1028349327
1194008656
4093241885
3555121030
3368532955
528101932
798456393
3064246722
1094432999
710726600
3518617397
3061150142
720363699
3007979812
3767889121
2466943866
357531455
788330048
961505101
2731496182
4189364363
1406136092
1957278329
4154764338
15995031
3923339192
2691627621
3512556334
3148438371
4006050836
3114183441
1509546986
2571291887
1769736240
2472079485
1738828390
701329723
157853708
2525673129
3228369570
1988170823
1839904680
2254023061
465920158
2097955347
2951172868
894448961
3720151130
2577417887
2397525536
3611919789
1207770582
1807560171
1425235196
1545438937
2625942802
2176697335
1441776536
4279035077
1847886350
3609433283
2704844276
4142730097
448463050
4053986383
1128128528
4078184157
724593990
686741147
853478892
3506774793
355648386
1699028903
3330771848
3067849717
2595340158
1622823795
1292530916
2121805217
3273317690
927317503
641639936
493605901
710236342
3515706187
2002434780
1973717817
561917426
1987192663
1460735864
3134783269
3714324718
2405137955
225165268
1488231377
2932053418
1799601071
3278415856
96701757
4382758
2357455867
3193267148
1864286057
2519594082
3445611271
48975720
2832719445
1274187358
1733432531
4230710980
1327846913
1264331290
2836915551
2180703712
72241773
2039481238
3883751595
1534986428
3075915673
2512983762
4108925623
422923096
3748350341
1171529678
732501891
3805858228
2551012401
206281354
3606919951
2499043280
1241457565
3834888966
2263134555
1245948332
1290767305
9868610
2594784871
751698760
2917548213
3829386558
237733427
717392036
107982433
3669550842
1441709247
3943962048
277414093
2170887798
3588552203
500516508
1665934329
3835522994
1056636439
72644408
2220606437
1781307054
3747897571
3438789524
974081169
2240483178
2980538991
517539760
3395217917
4057667046
3060344507
4045528972
2458880041
3986990626
3841548743
2317854504
597611285
3025239070
3198068627
1111980676
3480172225
828969946
1352811551
1719809440
1387519789
2844567894
823935851
1457026172
127711321
3576903826
3263132023
3160838936
3443682885
2837806478
3387251267
1933618548
2412932337
3367629898
605702607
2215550864
494592093
1573968070
627657755
1231553900
3021386889
3532662530
4029164839
2632989448
1939445109
2833226494
3456334067
2821872740
2705059617
1805955258
1477081983
3040691584
1734798733
1975428150
4185604299
452956764
2120252601
180515186
424580311
560176888
3921103013
4252423278
4135846819
2032895828
3060710737
3759163690
53336367
2743936880
1709901501
2049772454
1245520251
1703811916
1906118889
9508834
739092615
589283048
326010837
1252141534
2108815955
3187355204
1055774593
27508122
3607061215
1413301600
2000301037
2243104534
2606362155
4207059004
3987697945
75700818
155215927
1329830616
357716741
4258831182
1553489155
2117095732
2533113265
835063306
3485079695
407674704
1380408605
3030888070
121415387
3557564716
3610942793
2766108866
880923623
380515016
2226498101
3192989886
4211223475
3776573476
933031905
3349035642
3831036479
2088383808
918919757
2502027766
4010822539
43621916
3349255545
497890098
2217536407
2650703544
2544602469
3707949614
3749340771
499583764
3868388881
2148745962
3063351279
960825136
489153405
2532884838
2864700475
2673481484
1023891881
3367192994
3512512327
2912130728
1426521237
3299121054
1598819603
1795596804
3865131073
3989579610
1122976159
585897248
3869325485
2076390614
955668715
3137113084
3394169305
2373499922
2817269495
2710332056
3294296005
1772976398
1317150659
4016551156
642436721
3912230858
2426185551
426663696
2367986141
3336062022
4011770267
1307573484
1192969737
1363446402
4134943399
1506273928
502955765
3126097534
2951192179
2973320164
1918021793
6652986
1637497087
4169852160
1399129869
760147894
694425163
677603804
4291784249
1730000114
3193307735
702885496
4210594341
244355054
1694992675
2257211092
2738609873
3881041066
3802330799
2277549808
4107632701
100546342
4205926139
3796226764
3851313769
4291509090
3282466311
3376623208
2234003797
2551760222
3727482835
86627780
3465107713
3886174490
1529995359
1783538912
3584623981
3111983766
3702621099
3410376636
3191546521
2580815314
1027773879
1124133464
2803653765
3529774798
3395461763
1923537076
1987977009
1354203530
3716281871
255057616
852661917
841128454
1607441499
3671300268
1417195209
1904172098
2227528039
3858588232
1009259445
4071195710
3346256179
3025164196
3122475361
3887762938
4136515519
2704233664
1376072653
1275442550
3677790475
2686252444
2812937977
4040423090
3330922775
886543928
1079924453
1474301358
300641251
1060459156
2234093457
1469216362
1578214767
4139779760
2981354749
1157459174
483496379
839995020
468855593
530115874
2980773063
3589178920
9578005
4206801694
890532499
136628612
3223730625
2699442906
2793881375
2183460000
957452845
748732502
424373867
526361468
2855541593
324353938
671337591
2204185112
1247183173
3720115342
3136939331
1940765812
2153132017
2317146954
3978953935
1096621712
1745965917
1413918662
2618242843
1584854124
269670281
1599073794
3996076071
4212038152
2617141365
2098221566
3697722355
1176447844
935096865
257775546
2314532479
2921825408
2271617165
3204856630
4148685771
1032208732
4294008761
2224027762
1535668183
4002790904
1419565989
1051806574
820383395
2475169364
3843817553
3532566570
3215135791
2919442032
3632462269
2444649126
3017837691
1383893580
1358083049
1641832162
170541959
4082474472
3825523413
3797311710
1589822803
2948037956
1140316801
2337793178
1806654943
2184119392
3315261165
2196645398
1099176235
1795739452
788124697
2747015506
2263860023
1919760856
4207502853
4051079758
3406292995
507273268
4237492401
1998583050
3059012495
3081379408
295751709
1258587526
2795344347
2090471468
1252638793
880164802
24375015
2562429384
3124591925
793305022
1233155763
2187706148
3555750625
3373130106
3264116031
389248064
138923341
336625910
811071115
2489273628
157644921
2886842930
4229023383
1189062072
3832815717
147081518
3434574179
2403506708
3688050961
436775402
1578582767
2504656432
2919421565
3924367462
580798267
3343353356
3041918121
3226833058
4226042439
20477352
205541269
77581982
368564243
4154585348
2730376001
3635891802
2976529567
1110234144
4026854317
707087318
1746633707
570538748
2907458777
3033056018
952531447
3756327320
3308587717
861040654
1699523267
1578288116
1676972401
3112226506
4022493775
970645008
3561032925
4095482694
1111141531
2566712300
2499635465
3400683906
1297307047
2126793096
3550826997
2668834174
696314227
1155797732
930689953
646720314
119190527
2484282368
2842311181
2565113526
4180066635
4167571676
2227589433
2971220978
3873824087
3983887736
1554261285
3151562478
2954859555
4263828948
1108287953
2948621226
1345204655
1414833648
921924413
190156326
2345320955
3560063436
969540969
4106519138
1972965639
2673282408
369394773
3613064286
3581127379
2611225796
3845741569
2059696154
1048042335
1507746784
3977230445
1342583190
1607577259
2013947580
1173063065
1882924242
3695702199
1535674712
1985572741
2299530702
3028823427
3740329908
4013613617
3003082890
271757583
1336892880
347212189
3981275398
4054222683
3613362092
1070453193
3150193474
546143335
753451336
3841320629
573520702
1462246451
693773988
3407262817
4187501818
2119807679
2626065344
4287456973
1531071606
2222214155
2103485596
4073974265
2640739762
449098775
1377219896
3924617701
498042030
1709078243
1810817428
2962215569
3581271402
1822941295
1390609840
940888061
1941685222
3525704891
2096938380
2401291817
2028549154
638097351
762406184
1578203413
2420632094
3623239059
394139780
3559472321
591356378
2576890399
553890720
2977645869
3796948822
3144063339
1625477756
3650584153
3218294418
3493078903
890753304
2599851077
2557438862
2742710339
211209076
2535846641
2237383242
1315291087
1088920976
4155754077
2488829638
4154532379
461497196
1541077641
1634448642
2313315111
3806918920
2867805045
3462203646
1832259315
2340944484
3079206177
3555851962
252408191
1749926784
1601262477
686412342
3305150155
4144558172
2488156857
985235314
1450068695
2760105208
2030988965
3020407406
951327139
610313556
2148877137
2364086058
1245990703
3098879344
908520637
1625012646
2557474683
2238118220
638867177
2256774626
2079514247
3410459880
19344853
623286238
406818899
2800733252
4165852545
1139280794
160127199
2942092128
4060582381
2395290902
3449439275
2420833852
152057625
1297164370
860560951
2085804248
2144106757
3341846862
3705893635
314863412
343262129
307616778
2702937743
356752720
1644577565
117267590
1458207963
153354028
3118785353
3580430018
1477577191
2693066952
2723237941
2036111038
3328885171
2267909668
3851417057
123308154
1609560127
4012421952
3721789517
2409306102
1837867403
4179688476
1777687417
315769138
413311383
3564946616
3066606437
3298934830
861961315
859449620
3378476049
2547650794
1069776367
1837827376
1978255741
3497357158
1097380411
1899033868
795123625
391370658
2786583879
1486443688
3691356821
1270285726
1359979283
1169768452
2590457409
243168602
2500933535
3702100768
594845357
3273876182
2838277867
2047011324
890613721
2188691986
3830240503
16359576
832249285
991127310
3414373827
3711554292
3756676209
4222465482
3205766479
2491637008
4167663581
586936902
3527579547
67492588
3937111049
4051441794
433877159
628926600
131867893
3102598270
2105947251
4161462756
4260083361
2777600570
3620155135
3906429696
1333488909
3709214134
4040518731
3613968348
881407033
1869660914
2686564439
2445372536
266057765
1430093294
547594019
1681616084
1697539281
2013842090
1675979951
421831920
4229785149
2152260902
4023397627
2216341708
2614208617
3843672418
2469899271
1965485160
2339166037
2042180446
4247156179
2946134980
3275054849
1958911770
48879199
1084891872
2055367533
2905294998
551410091
1372231100
2120738969
2298358738
2180598711
1389111384
2099413637
3654812878
2585376899
397866676
843294001
2737000330
521104399
1181146320
530414749
2249476102
3966333531
803698348
1055847625
1332013634
503420775
4052754504
3629103541
3805344318
1833461555
2044720548
1767651169
2152848378
2639343039
3441021632
1226938829
521855862
2174613259
2778747804
1959382265
1515521202
3953889047
1276236856
2970057957
731577262
2336063971
1126461588
3963753873
1865761898
2372541295
591529136
2374091517
3994426086
2254858171
3252956300
471560489
1771404066
4061278919
2159035432
1813826581
3840745758
1464076435
1616078724
997736385
678725850
3654628639
857633440
3958437933
983363158
3345859691
190972284
3318145369
1252871570
1796244087
3247075352
4012025669
1228825230
862387011
771480180
71415281
712419658
4157438671
1924013200
4234295645
2382781894
3894349083
1888014956
3345948041
1222867970
1933671975
1149196296
3496742517
214286334
812734963
1751959908
1352759329
694330810
2538466431
3551527552
529041037
594110774
312820171
931635036
1802970553
2638153330
3120571863
858651640
2265711013
3447339374
3186500771
464860244
3076163153
2132770346
1393658415
3013813360
2933317565
1469911206
2817221243
3998050380
553777641
3733384418
828864903
2599771112
2597683413
2199047902
1512594259
2477005636
2347753601
2605986458
1620267999
3418784352
746603757
423121942
4020006699
1518939452
2884803097
1900162898
3193076023
1559525336
3562769413
4010180686
1110113795
1271430708
245663409
1936179978
1074678159
555293776
1937225245
1485976454
3357763547
1772744236
1424754249
4156018114
3898352871
503992264
1827742517
210521534
566299827
3748748580
2625337569
4068552570
1820158783
4099535424
3882890061
2009181942
1454066827
551463708
424754809
3253651506
2313125015
919987128
1051280997
2157655854
3279259491
4188911636
3744970513
1770485738
194754799
2986869808
2765929597
3130902118
3072269627
2367054860
3678749353
1034821282
2146926663
2746626984
4099339669
166345886
3230887443
1162645252
4250681665
4280392794
2648978079
3798094368
2968539565
3065870806
2888423915
3003128060
2443907801
1719456018
1518284791
4106895256
965554373
4042284558
824557763
1557979636
3391887217
532061386
2928793679
426236944
698217181
3279407430
1328972443
2131413484
2015735561
899800962
202476455
1039206280
3936286709
2011470718
1542946675
3131945188
4121573793
3983374650
2208279039
3872891392
1972936717
1776530614
3228571467
3043325660
1058543417
304368114
2584318807
113871736
1151290149
1253962990
1720953379
2832071636
1016702929
2955751850
3452479407
3325076464
1951619389
3570940966
3603011579
3791593420
1000688489
1087049826
3431089927
984796008
358689365
4013124190
88424659
822919876
2558353921
1167902234
1485295967
246538720
2919308909
1089232790
3486909611
1216791740
2544913305
1411199698
3730220727
416008024
3950482821
884734926
722944899
217646516
1872259121
2435004042
3122145039
3814349776
2207575965
1819746054
1596763
3563808172
2178684873
2623648066
757183079
603160392
1177914549
2760812862
3117724211
2514601124
3303914081
3957818106
57977023
585699776
1589759181
126843510
2192810507
148636316
1569435641
2543815602
3913181719
315159352
3316518885
4053955246
839421155
3033923476
1749047441
2496703338
1884837487
1474102192
3791304189
604795366
3918713531
4039613324
4074902569
1637728802
3318205895
3215663912
1521753877
1756256286
1660801939
3534009988
638796481
545632218
389951519
2826252704
410168109
2776958294
3982552939
249376892
2663531609
602100882
2828590455
414781208
1994046021
1613322638
448759363
3353143668
4155078897
3916271690
2573284815
3333462928
2786896989
2974823622
495515675
1301004652
2194620553
2243379970
1514969383
265402120
1014292853
2823452414
3591939315
3436025956
856029985
2142194874
3535562623
3763224960
4155226509
512032822
2419453131
4009905756
3043756217
471895410
910033111
2324962040
2929038501
4211650670
1888759715
1770373972
3136014673
422700330
2315961647
2395808624
1922224829
3858392998
2454900091
2100287308
1908120809
3655742434
3666351239
1381972712
3775910869
1813710302
3564971603
1708419652
786293633
27023770
549932767
3345760608
2768566253
2454154006
1468701227
3116588092
1201732889
2140091986
3624260663
72488664
678862597
3640162126
2866710787
3108539700
455035313
173386250
1127023759
3408567120
1979001117
2948795014
2856866523
2385239340
1270819145
191009986
1649557479
21737160
1243412021
1490551998
193157043
2066820132
682818529
4203009658
2553734719
382153024
1427531341
1015301622
2612459403
4221065756
1199120761
694636338
4291319703
1575682744
2887113061
2897260078
754356835
3533522708
1297873425
4279295722
1906308079
1388380976
1792782205
409083238
868321339
184013580
3908167081
2741265826
964893511
3532591784
2234796181
2939777950
344144147
3864780292
4221387841
446743386
2078485919
1129779488
3363308717
1962119382
554894571
3170453500
4077680089
3504396306
1264421623
2874597016
218842053
3303625998
1177832387
3439063284
1387911793
2509997002
1849398095
3095943952
2547934685
1167040582
1763077531
4195072236
1835782665
119776898
3555894951
3089196680
2884487925
1274499710
1960102515
2093776868
1320467617
1848123450
3131319551
2115232000
1270993677
2941078454
402047563
2187208156
3564304953
154390770
2224909911
1015917176
720297509
207252462
837793059
3151792852
4166052561
3358431402
1037558447
1266197232
3482668093
2030277414
4036952827
3722415820
1229254249
2010666850
3514360327
3757746792
3823205717
2815009118
2647657427
268112324
2500945153
1565715738
4015115359
3019219168
3079393645
2068412054
481963947
1279194044
3250892441
1100495314
2707423671
2642896472
4049119365
163312334
394317443
2931233972
3610848049
3976142218
2437734927
378133200
1889034909
276166150
3702736987
3035321516
949304009
314210370
4260220263
3021135432
1588027317
3613941822
3972857139
1834980260
231423329
2891524602
1623466943
2381598912
1886257101
2225082742
934628619
2534650268
3709440761
3309703858
3279766807
2520519224
1474339557
3754289582
171939811
2969800340
1418369937
3058176618
3312619887
3769893552
1702865149
2241775846
2880126395
4188473996
1131722537
3506571554
1361668295
3663856168
1507291669
2341179166
2871238291
1584530820
3287958977
2071123674
30616351
1896345760
1728077357
2466847830
3711965803
1532256124
2492049241
3145030546
952973431
715370008
1646185797
1295011982
159650115
3392796788
2707241969
843085642
3810586831
753867408
618864477
1849035718
1205789467
2726998124
3187368841
2280065538
4009997351
887100936
520729717
283848190
237760499
2829739876
2394324513
1188557754
1901519487
2116583552
400223373
2319226678
3987904459
226032988
2720852921
660477042
2066209751
2595633656
531310501
2897422190
10893987
4258419284
3133738065
3407891498
2670723119
976429680
2975516093
2079571622
128333947
571360844
1212235753
3902896866
659861383
3783596520
64366293
1346321630
926806355
226539844
286779009
3871375514
4196878815
2454585440
2341841645
1777500694
3043280171
2650377020
203120665
3895999826
811937591
1651226072
2887627269
4110839374
3338540035
1262787636
1776684209
1193251082
1517797263
58202704
2575211549
2089804166
2908306907
1722403884
3462286409
2154388418
1978948327
977866184
1775552821
3460283326
867279539
1248656164
3124133601
2405727610
2468110655
1181773888
1455987021
1306713334
3970867851
2035157276
611124345
3107706418
710750871
968630712
789474405
3101828398
535010659
2919814676
1137458449
3363194346
567291631
1068892720
4159087229
1505916006
1733292859
3671409164
2288683177
3094785186
2193274439
3575902632
3198000021
2879695518
4242474003
417803524
3307882305
3506170458
3742247071
4018655264
2584459181
1841670102
3085447147
2280552188
2302269657
832626450
1726473719
345996696
3692385989
654199822
3132020419
496435188
2845023601
3445385930
2920369743
1642387984
1932187869
423851846
3487717531
1695066092
4202558729
3590417794
562020775
2215495048
2076745205
2770733438
2015237491
778522340
957038497
2545862458
752132095
2659983360
32966157
491971254
2808704331
777180380
614063417
3298777074
266160471
588106104
4073353509
169009902
850903075
2372344276
3360959953
805961642
1678974383
2566693360
1038303037
3704285734
3983044091
1740373452
4105212265
4198604386
1377533191
1425967464
653119573
326883422
1992742611
1013276868
3908134913
736433178
2001192799
544563168
3340928109
3426913686
3079297707
1291002556
749015449
3245293778
2064997559
3506373976
3200629637
3369593294
257317251
3975226292
2569399857
649528458
1420664079
3488963024
380097949
3792751878
842675035
3244770220
2467978697
577716034
1080420455
2448309576
1369780917
3948812094
3056683059
4032389796
1945419873
833016058
1698668223
4265316288
2921738957
105687158
1352857611
1078419612
594769401
1397266866
711467031
3328913720
2543793637
1711628462
3286409955
665656724
3777027729
1134262634
1018743919
2915500464
1209048061
2194481126
2091886779
3431102860
1037261353
667045922
1144456135
3235176744
2575746325
3179595294
3753208211
4089140356
1160595649
2839281114
1234445855
2094444448
127537453
1932079958
1191921003
3771174524
3609004633
2170774162
3417150327
3880406296
3773751365
2152941454
2947849283
622004084
828178161
1961844298
2232200143
2506725776
2830471773
884466374
388025883
1602592620
2834531977
3211972866
3781611303
2745857288
2821359477
3064456446
2292923123
3959633508
2477981985
4007434938
589127039
2638135168
2954239885
3599773238
3675996875
2196483164
1639567033
787979122
951957207
1402231032
172800677
1383702126
505693603
3365593428
3874639697
82490154
1115765551
2782208368
2603530429
2307462566
3085280123
3437802828
3566396137
2058928610
3352119943
946272488
858290645
2675930078
845855827
2057898052
1654516097
3133187994
2628994271
476823392
271736301
272210198
3106598955
4146838076
694272793
457000018
2003864119
1732334808
2404435205
3006293326
1183424259
4055673652
720949169
2579855370
904821391
3120666960
236195613
788052102
2169907419
3810769708
214527817
3335267010
3544348135
3103943880
4229471285
3703796414
1246490035
1025821220
2164654561
555754618
221109311
1934995264
478596173
467497974
4187114891
2315237404
3761039225
3781975346
3114143127
3125362872
4153605989
355441710
1279043683
2079352084
4069031953
901229802
3425462767
1759969584
2080216445
4005481318
30039611
3970871564
3920571305
3974427554
194924871
2608124072
3499290261
1865146782
698797843
3438181380
2315471425
2452820314
2003116959
3606351648
1437297325
288603862
547969771
64988668
2217950169
4173129234
1562263799
547626136
3601557957
2268021518
1049977283
1051594484
4273561713
922309066
504564047
92100880
3951250397
2928889414
865747867
2952894188
1331435529
305869954
2763578535
2444633224
2318364917
4084252798
366174323
3212713444
3836592801
3660672570
2318473983
943742720
3359127821
603224502
516429899
2839774172
1603059769
3026640626
3955827799
2856970360
3425829925
3018283502
418106147
225290452
3701698769
1472358058
4034549935
2663162096
4013765181
1882079526
2099108091
1871998156
1843934313
939976034
4268365831
2310957160
243671893
2722762590
1076470227
2789978052
3290262273
559102746
2691285599
1144069856
214251373
2748818582
1346799019
983781820
139555993
1134708690
460765111
2738005080
2210320005
3792691406
3264734339
3081188020
3848188209
2924145546
3023722511
4288469200
2781038749
1363649542
2964135515
3923718828
3245048009
998245954
2760508263
2911214664
1328481717
1349504574
3321991987
248459684
661275489
3956307962
3236370879
1673449152
1206543821
4237639542
2105320203
4101443484
1620662521
2980520114
3456039703
2471907384
3035220197
4099987374
250719715
148024468
1040392593
2898976874
2250966895
2937454768
3115159293
2341959398
211817403
1499064460
301858089
3588134690
1324392135
1661190184
1237456917
1855585566
2964534419
2189468548
3651947457
434185434
2659262751
3152113312
708822061
3051702870
3670175851
2402729340
2524736857
3853347218
289009271
1051520024
592114501
1771191950
3176212291
3362264692
3618161137
561661258
790914767
4028635280
1637090653
1960163782
995014939
1954319980
1941416329
2623182850
3782601255
1278268424
131553909
159423486
4120282611
2262304100
1912308769
3887940026
2551175295
764477056
4032647821
1937753398
141553099
1062886236
605204921
2733449842
520065495
2771286008
2658815397
1549538670
2030981283
3118428244
1869058641
915479082
603878959
3249741936
1611574205
2126146726
1393626747
1841243212
1185973737
2885858
1811015047
1191499752
2668022997
3386616542
1979942739
2639091524
1399843969
3986476698
3094036447
1439006304
1658523885
4112298006
316480299
3042568508
3480495641
2292075346
1562895671
47379416
34592773
2205572174
3649120771
2628827700
2388103857
1917280010
2240886159
3737589840
62226973
922587014
3594458075
4086934060
922784329
1317726658
708612327
1836567496
820539189
4100139454
4283578547
1129879844
2904655073
532138874
3060487999
2373381696
3595632461
376703734
1919023243
497903388
2864237177
301524018
