3085434675
2995432868
1196920673
2200261626
3151906239
3922987712
1759932877
1110039414
2016448267
1805781916
707798265
4019682482
3017516823
4161997880
1634161893
1753805742
2887981539
1096624276
1718840721
3838229610
865940335
1198144688
3789331197
2160268006
469696443
4281590924
4101490985
3377853218
916998855
568294440
3822232597
2235111710
4159676563
3214548868
929011649
3091464410
2301512991
4063537824
4066496557
2624054870
3582745707
3414145404
1452882265
208389522
3716979319
1533519896
1538162501
2624084622
1566085955
1775276660
3344895473
1543774538
2446103247
1077040272
2456359261
4268709318
2823005467
2666826348
104297865
3827299330
623089191
3129643016
3209553525
1112389630
1294529011
3696197988
2155139105
1680743866
1567818879
52574848
2191875725
3253756214
508549579
2680248156
2914352569
1769569906
482885079
1223111672
3854817701
4108333422
2532031651
52816980
1499717201
178845226
3873219119
2021874800
2089400253
599918758
4170971771
1003823180
473321961
322921698
378900871
4091319272
3068352725
2346108638
418116435
170054468
95369345
2669390490
3280235487
966048352
1648958701
4068166678
3738371883
417260860
1973219865
637052754
1466339639
2089398232
1530881029
2829613134
1882494467
1289041460
630841009
4142742282
3550830991
727012432
1859554845
4268960646
257949659
72197676
1653366345
602686914
3335929063
1741522888
1814756149
646727102
2828051635
1183585572
1982255329
3712264058
4063920959
1854155328
1709509453
2311104246
258860171
3813696284
1080530553
1025589298
2671744151
3997637560
599334501
2323197742
3968540515
2186702868
18419473
2198401002
2768163055
1335901232
3286733949
3090857574
1525134651
2731940876
1364302505
3210647202
498964551
3965021096
2361183637
1931883678
896468499
2332247812
1291032897
4007728218
3429714591
921209376
3994102189
4286083542
343437803
663605500
3962399449
2250983698
841697271
3524753304
2999519429
151672334
4215756995
3676412404
2365157233
1832129738
1405153359
2556171280
1649724125
2530263366
3045792411
1038516716
2896037641
1791907714
790864807
2473344904
3526414325
1851560830
3839825779
3439356132
3509424545
2683194
3774136831
3820608000
3882186765
3881479350
3192565579
2316250844
2735107897
3025060338
2046929751
2549269368
2282169125
789834990
2009154083
2326705108
911409105
3483806122
2227421103
1954601968
3166056765
4226626598
1705127931
2012665804
2223612777
2272495714
987782919
2869560168
35586645
2967954014
3359168723
4261116612
367835649
2572434970
1789454687
2179996128
3396990573
4045363094
1228709035
726432956
3674907545
1455663826
211467959
3956342616
789278085
2739794894
693164931
3228941748
910016561
546877066
2296332047
252089296
3517171613
1699223302
495252827
1870601644
892104649
1384524098
2899036775
3173431112
3995034805
1870569790
3704900147
191659172
4199092833
2660956922
1348583615
3666037184
2615583949
3900600950
1571174923
2814229148
1448216569
3636593586
2882437655
3047828280
1064167397
2825939630
3276678371
2817439636
2446438545
843195242
1558933103
1323645872
733318653
1821993446
4220218043
3203879820
1721658409
3846060578
482207175
2411354920
1942615829
2061127710
201943955
3737874052
693803713
1345660890
620185631
1919642016
3963847469
3039821142
266307435
400222332
586456153
2172767378
1165292919
427181848
1556517445
489902478
3843104323
1754374516
438751473
853215306
2847952335
3608466320
3783492701
3348704454
2316144667
2094496108
217553033
886291202
1317974311
616361736
2092349813
1068658430
724581619
1569738852
439964449
1247462586
658603903
2325772672
3626537357
1525413942
3762324683
270272092
2601148601
1950025074
4083554519
1999459064
917335205
2085529710
435275683
634813268
1817518417
2895863082
3291864367
109927280
2510662333
1207918502
3210962299
999788364
1750070505
310291426
840313991
3123081960
4269648853
3334405598
4221615699
1764958788
268254081
2235814298
1108895455
538605920
137220077
4184498966
3139514923
2700678204
1688950041
2955259474
4219071543
1791446744
2293921541
3699011406
3645382915
4281681204
4050952625
2243633674
2904824975
4165391184
1991508253
3682861702
4259637979
162501932
79659337
729222338
3811334119
3387877064
4206284341
3031956670
716369843
3744195620
431903713
1428704890
206831167
3956369728
2968206925
3429055990
4175007627
1458180636
1911519609
276416306
3481825175
3426499256
444969317
4033783342
2255235683
270925588
3734852113
7493354
291703791
2201566000
1061586813
2346653030
334110779
1905756940
3126738345
150265250
2846438215
168708776
2130321557
1247112094
1371459859
2566034948
311729217
1782594394
3368830367
1656572192
2465782957
730761430
1572969707
979828732
15650265
1282363410
225026807
2944669336
3215399877
115559694
1890968515
1881188596
887566961
3136879562
1238018895
979145488
905264605
2127075398
1003160987
2043113708
2906925577
271588994
4184129191
1820106376
2766119669
1682918014
4129055347
1811888100
2711098529
3502479418
1717124351
3050707200
4209945357
2326021046
439441995
3488079324
2613137977
4148054258
2130019927
1687609976
1471591973
177234926
3548204323
849167060
3244966609
2944864426
1530067631
1823005424
760751165
4126706470
467639035
2763474636
1300842089
2187382626
1916205575
523362920
2449429845
2069731678
2300814291
701090244
971029761
4041893146
2144527455
3524516064
3244599661
2036100758
3397437355
400862140
410977945
2149495250
436476343
2003607128
3461120133
2184047310
3592054403
1729350836
490636081
877958538
4134795791
622203600
2215066269
1327951366
3330269275
4041149612
1464177353
2092888130
3757565287
2351306312
2012297141
2755156030
1747752243
2680834980
445027681
2397872634
1544633279
1617856704
1257428941
2741963126
1997006091
2396350876
2571102969
843614898
7167255
2952612408
453016293
2423513518
2347053027
419186324
2910581649
4221143658
2019928431
714881712
614105341
67879142
3120813499
3635856012
3532721961
4169302306
981434567
1498495528
2488093205
2409072414
3700373139
2541272452
1319214529
3405926106
3991683871
3319670944
2284926509
3499365462
2485039723
758257532
2350645081
888394642
2148094071
306243096
1097508165
4095363214
4097157443
1338945652
2738525169
328068938
3923773647
3363472
2242508637
2858353606
3770907419
1387685996
327400329
3403907586
2779106343
1756057096
816548981
2318607870
463702003
3595378532
2907297313
560163770
3560700543
593148032
4122461325
3833827126
35467211
1735570780
2871739321
2337836146
313521111
3727651320
1361248165
131669870
4200845987
251857492
4220675153
3865691178
4290451503
3839056496
2848824765
4091066022
2434191483
3512073804
3124074473
2769941218
1900201863
3626783208
2728656597
2093167838
1187088723
499085636
3650567809
1783101594
1507353055
1440495712
2619245293
3740629526
224091435
772752188
4236621849
346994002
1580812087
2411785688
1707182597
3261621838
1976019971
1443976244
2140890289
979699978
449763215
3547615824
530412573
2922436998
2371212763
1124959276
2998838345
341693378
422474471
30164424
1271832885
3959403454
1799436979
726119204
1117902561
3655857530
1972992319
4133136448
268267853
3684816118
1848720011
3984572700
3527629945
2351844914
880626327
3740096952
2799584357
3061849390
700003683
544312852
3295515921
834125290
1207125743
2198747696
28408445
3273616486
64523067
307558924
892788905
2179409058
1161875015
2072193448
2579723157
4171276958
2189073427
3093161220
595697473
8086106
3394715807
1506674720
1911328685
306225110
1224132587
2386308860
3397136601
2299483922
2471755255
3215766936
1209085637
316163086
3314577091
1704703988
723580273
1251599050
1073768015
1721307664
4137791709
945581894
2398548123
631529452
3317058825
854451586
3377584551
390659464
102397429
1599996286
1908780403
2054817508
2202965921
3392814906
2800334847
2435733504
1854135821
3599358646
772015435
1958513884
3477615929
2122960882
2761253207
1643577720
2297579813
2720586478
3836041251
419942868
3771565521
1598257066
1741567407
2903300592
822482749
799007270
889783803
3748902348
877980009
1219106402
2772014343
3809853800
376154197
2028982366
175795923
588519620
891338753
2136771610
103341919
1769183200
1046174829
2553644438
431026859
2172181180
381643161
3151345874
3189339319
834944344
3038352261
3408519630
240120195
707648436
3733669425
2783739018
3493115151
1096913360
1870048669
3869361414
1751567195
507181996
2636821961
3226711874
80740455
685864264
1548683957
973999934
166780979
1604590244
3624933473
3290056954
2397877951
1804978112
2785741517
3808141430
1951764491
283711644
586796537
1814761906
1639462935
3607914808
606014949
2425575598
3051895523
2223363476
3916576401
2966221162
906749039
3398384048
4236997629
3071940582
124272827
1014116748
1750053417
1931659298
1072503751
1856248104
1969003797
863026718
427884947
3651275908
3610550465
2561373658
2483895839
3700221856
4130007341
1586768726
306830699
4219815548
3255788121
2529286802
1028238199
902268184
966441029
2434613134
986068035
260554612
2459588337
1847383626
36422607
2878198160
2933680733
381737670
1550149147
277960556
1239146121
374294786
3664308007
1985326344
187457397
2446318846
3464680179
914746980
1772509473
1497895610
341996927
3176200064
189986701
3468109366
870701771
2512741468
236463801
517084018
715509463
1844285688
1696895653
125802094
3896630691
2930481492
924559185
672410410
1231835951
55925104
3909193917
2538474918
498482043
3977276748
1105672937
990984674
2216387207
1039020264
3545649621
501443550
2857260115
398966852
2457682305
3190300570
3133431007
3403282272
1310406125
320639254
2239858731
2954981948
1831607065
3281239122
799318583
3681979608
575970565
3396492622
4122162947
1097425716
927665
2229989386
3433403023
2900218192
2576541469
3866734726
1840431323
2691134252
2626275145
1319148226
417107431
4284851400
2406642741
1013148350
440108467
450855460
550590945
3682835578
3725259839
2116020032
3004933197
662465526
527754635
2534502428
2439200633
540988722
2115904919
375027896
4173518693
1286444078
2255634531
2738429204
3800684561
2262377706
4172251631
1059010864
992505213
3455828838
3669161531
1963878668
4057695145
2587192226
2693032263
817105064
219727509
3993491870
2007131923
3645191172
2948244033
563251546
2165193631
203081504
3136045741
596555478
2249716459
319643132
2027262937
2886426130
1944738039
4069610648
2080850373
2632530702
2849438147
2878523124
2678503537
2350303690
3865190735
219255056
3562677213
864831046
1594809243
830295788
636776457
1124576386
1324020903
2211536008
635521269
3481843838
131790963
3899708900
2790333089
1552737850
1386623743
1707251456
1915031821
990605750
2848108619
1754086364
1838880825
3123795698
2598452311
2148737144
1270471717
1709003246
1530487587
770597076
3296512209
1323032234
1519743151
632084720
4156557885
417544486
1629384955
405546188
1760332905
1246715234
2213031943
3870662760
3211000661
429786974
4231870931
3654969284
934068993
3031085850
2913655391
940529376
1901989741
3182075030
3872202155
1476987324
97242265
2045296594
2832912311
181918808
326280837
3997292750
2180086915
4190366388
2854488369
3848299402
3324080143
1407783120
3287425181
2612567046
3006903899
3885165228
920377545
2370076226
3411286887
2203636808
3409501621
2701116990
1914776371
989456804
1659214689
2921590778
2566140351
3958965952
3710860749
388249462
93272843
502843292
595570937
4134115506
2142180119
450332728
2328469733
416206766
4049028579
3666568340
1974761873
3252443242
1172184943
515782832
3817367293
4123291366
2478353339
3660161164
1473926441
3307147042
3708204743
3216177192
1190653973
3597006110
1927203987
2504481668
4078150593
691051738
3344578847
2792859296
1714461741
3476046422
979437675
1926526332
4107191641
384557458
758515319
1946821656
1968622405
1681667726
1757593411
2545733236
407247345
2995240266
2728623823
3374600336
2367348061
2092872134
2901627163
2791851628
3758096777
2266435586
2631402023
1035734024
1010381429
3330839550
4090371571
1849343332
2135874593
1644739002
2545217663
1216558720
1224354445
2307308854
630883787
2333348700
4090563001
2661784178
3947342295
375894008
2729584037
3946974574
2475419811
4107282516
1324411473
3785003562
1363775023
1376999536
2202108861
2724160678
356623995
2126961740
795139561
1147437282
446692743
3681292264
3230966997
438280926
3594985299
1196166980
1789871233
4041492122
349984735
1863562848
1310976237
98543638
3549672235
388997436
3869146649
752141138
532413751
1038625752
4000559109
1687704654
151699971
2973594164
2731338417
3578582794
1923632527
1954762832
345266717
4099835782
1325116379
297624108
4062243401
1245667778
2453055719
2998600648
4121052981
367206846
3886141619
2649968932
3830242529
3388687226
4121456447
1931552320
3393574733
536019702
3164901515
1134501660
3746505337
1017863218
1550516375
1652791224
1077111397
586615598
1284983651
2289871892
1760697105
1876331498
3549936879
2808887344
464216189
477370982
1215914299
2311313420
541861545
3252662946
1802765383
429975464
150608277
2592805022
3778425363
3953689348
3879707969
1032171610
2633053855
1772324384
2650273197
3480800726
3307544043
3101330684
1006302937
627270930
1596765175
942797720
2341033157
353776142
3448341699
839243252
3262675825
4017074378
3975142479
499519504
4280194781
3763871046
1544734363
2370977260
4261319433
2961011586
976228263
2719333256
875830261
617574270
1750877043
2783159524
983539105
4156263738
428781055
596825600
902972429
673777846
1030576971
2606361308
2797206329
439672306
299439959
2934652792
3490541349
3316500718
3879300643
1632694228
2625113041
3998238122
3817384879
3330856944
2978348349
566399014
1344265211
1054905292
458239849
4149257314
3192048391
437354344
3169341013
3446160990
241960147
1042069188
1904526849
13949466
643355999
770119136
2322383469
1505473430
3788851371
2341812412
363081625
710395602
2319985335
4071062360
425179525
1534447566
3774809987
3319134644
2953366577
1655720586
2285513487
1286377424
2977534877
3731583750
1459134811
1021761964
1415117769
1402029378
3817092711
2341221192
4105089205
1225620798
1354593843
566999204
3943112289
3171522298
707243199
3516417472
543125709
2951270006
3669288459
2785310364
3402732537
1090789298
173141527
1801365304
2130719717
2569422510
3996274915
185398164
2185411729
2663890794
1474058863
388577200
160520701
806012390
250943163
2715619212
3509647401
1584879138
3251392967
1014880040
958350101
3900124190
2561185683
3127421572
3527321281
3968975834
936588319
329147808
138563373
2456312150
3160683371
2199889020
1415194713
628222098
4291715447
3171468056
614391365
3715575182
774588995
3631078772
1681775857
1355719754
2068265423
1224134544
1348816989
1280870598
2188196891
70989164
99624073
2369443586
2633178407
2933811976
4090627445
2556250878
998598899
1835764836
507731745
2879742138
238250879
3035723136
3735903629
2230473782
2268803275
928957020
2354441401
2061050226
76907735
3349008120
969652389
589333614
2890003363
3513825108
1930571089
2197616938
3344091439
3238877040
2827843261
2232204198
666440059
1987660620
2997780713
823379938
3838875783
2695229160
2589915093
3782728158
2058086995
2622250564
2452440961
1920757146
404771551
847869280
3426261997
658423574
2811354667
1396297788
2564612377
3228682834
3732887607
2803223256
4196320005
14306126
1607355651
2509078836
2547494321
2609561098
3168209039
442814288
3231829277
1205821062
3778057947
2265927980
3817082185
2000300226
893174759
197944008
2925402677
3900627134
2205424563
2760056868
3172229089
357493370
1819404863
3311297856
2239498829
889559542
4123016075
3811102236
3959883129
1366549298
2137250711
3009984184
2905603429
2841412142
740841059
3225172756
2275827217
1555034858
2292971503
2884974384
3543815037
512258406
4247505979
1081427724
4035496361
1759902114
1443864391
642369192
3177671829
1848264606
1865809171
3750220292
4195395649
3293894490
3456119199
1651000608
1259317421
2248074454
3055438059
1873001468
1139562969
1696033810
85659383
2156827288
2794940357
3948882190
3769110467
3908363508
3281403505
3835992010
61445967
2293665552
2800683485
2931815494
906146203
690171116
2111092233
3947838082
992029351
1645615752
1628630773
3476170366
1128894067
2731701220
1882857633
197538874
2879596799
3130987776
3918231309
232955830
2567177803
4246903260
2862931513
244606194
3111973463
3732889208
1173160485
832192494
950368547
2737798868
2562674385
2912988330
2997348015
2141247216
2388127805
3124619046
2987214587
1133576908
2071974505
3215846242
