2993778099
4161554980
3150414305
3052643450
1626037311
3035967296
2124434509
3223909366
3865562507
567752732
4078856057
2427444530
84643223
2950217912
484212581
3270188078
1405233251
2394416404
3819569169
1298869482
88730095
2422636848
3396801917
3555347302
2046811707
3630575884
2130750377
2064151458
3899380039
853823656
1849454229
2043109790
680283923
2945842180
1233439297
1690734938
1843569567
3696496416
679799469
4013899478
2084494059
3145147900
3018111961
2646631954
2739650807
1374919832
2226448837
2796208910
2363154883
1765117684
2761613425
4234990026
2851113295
3770472720
3669806045
1031720518
3398419355
2876839660
829265929
102675586
742808743
1424336008
3768119541
3754705022
192471155
2850397668
2297381537
3397709370
2205063935
3781156608
1808906509
465566134
1226676299
1620771804
201211961
791305970
2360779863
4149831800
1660650533
623041006
233917219
800401620
2537877713
2868242090
790091951
230433008
3744903741
2295972134
2463324411
1523313868
4240028777
1906992482
2427951111
1487792232
2108662613
1348833118
2358190547
2020814788
2904484609
258390810
4234625631
1896914656
3776886637
2506302614
2841380267
3518681532
2441278617
1948633042
1998862263
3959563352
1665683077
2232115406
3193791619
2981016244
348139825
1866361738
93837327
3797702864
4135372957
3551732742
2770509403
2765533868
1560084681
2598602306
2711061351
1748311112
924353973
2689289790
3374781235
2830545316
3039544161
3080976378
3752106431
4099821248
2902713805
3353395062
1699881739
1263439772
646633721
2011865266
1147960087
3085291576
1026771173
2837206958
1903635939
3130666132
1109696913
3145621610
1246267247
3851780272
3408334589
1472394982
1070961595
3289475212
441417001
989992738
381558471
3916644392
174823445
1077247262
3399005331
3290964868
1814940609
2742330586
3758006559
2420174496
2149139501
988858966
2975330411
2244885884
4180536665
565242258
40332919
519859224
3025433413
269336206
3868632899
300914292
277496305
1575863626
3322013391
1516214416
2479719773
1791048134
222574875
1861488236
1221142921
3879606274
3556993575
2120242184
21027445
1021058046
2252080627
1346340196
1765606433
252756410
1548572799
632323712
2532758157
2454406454
767913419
3048332124
2206478777
883991154
3941405143
557709304
2554580389
3566703982
3373519011
2066149460
1024004689
2160368170
3986421295
1068671088
319302589
2120608934
600215163
3623265356
1216480745
282036450
3913246087
83122152
825248981
1056385758
3714647891
3463763780
259091585
2461027994
1600700383
1369767520
3124007149
2376609814
3874659115
2339465532
2342888985
1344392018
1674929463
4204950488
3298383877
2909920334
2957421059
3048749620
1354306225
2855984906
3790517647
1350998096
2540634653
543756166
95720411
2911971884
3314684489
82733506
2454327527
2535934920
3151097653
2336139710
2641868979
3158317348
2380465377
579554170
2687031103
1830186560
1047166797
146770678
1429698699
864347932
598362745
4013712434
4277692567
589422520
552407653
3981742894
528954211
2098951188
2696037137
3163067370
1876042991
64192560
4221175933
4202865254
2707835195
440115212
3088141993
3973233314
922446919
2331062184
3468542357
40540318
2143296019
2467908356
3752447297
249149530
2170920607
2365378080
70294957
4215887318
1558971883
1449415932
2846498521
1765305618
2049842167
1320434584
2698443973
2197273102
2251123907
2294849012
1309451121
4125472970
270419023
2358335504
2787196637
3530204486
1362341531
3295544812
1679276809
3451157378
1798010791
1917453192
2743845877
556988286
697969523
3363335396
3420308897
64197946
301405695
2186288640
2015292429
2029883574
1315455819
411546332
3351061305
4048414194
3209592663
1834059640
1139742501
4178792686
1066489379
2352461780
1172321233
4035595690
3886748591
3652722672
2308744509
2312706086
3681862651
3466615756
1505580905
2295049314
4004655879
455722856
2144597589
5228126
744352979
3453320900
3851873793
162587162
213204319
3657981408
2462935661
2979281814
3859034283
442958012
1945851801
2528431826
3828454071
2867970904
365781381
1985959886
2466967427
920699316
1095038001
2729333386
3343946511
2520766416
614742941
512097030
1921091931
3611992492
1964647369
3679472962
2909249127
2408086344
3039713461
1417217342
90398259
279478436
2347583073
2225708794
3631748287
3709701568
3637778637
4039464566
1276628491
2021277340
4034706425
1151674290
716133911
1871507256
772398053
3180580526
3018995939
876329876
3310544017
1586087786
736543343
689995696
2177892861
2854833638
3031563963
4175746956
3729137705
1585077794
3206789575
358489896
2704468757
1852224542
503480211
4201214596
3925397185
888523738
2283248671
2424810912
1523250989
2655576406
352000875
3409538172
3411628121
3260477586
10471799
1595607832
2956756549
761836942
3248435779
734045556
589432049
3528764490
1044750799
3042056080
934803549
1652232390
2891850779
3387358572
156847241
2273435394
1740539175
782414600
2910432629
986764030
3415429363
4035990628
4140926753
919431354
3664499583
3040787840
3041527181
1037491254
1090918603
656181852
3735622841
3003263346
4292537559
1502877432
3422380197
3231059054
3345603491
3236396884
2009748817
138871082
3544527151
432840560
1760829117
2570273702
3487431035
1556681548
3060508905
2812202978
386924679
2572039912
1335533525
1114595806
1332597331
1419060804
1972334465
40400282
978107103
3359292768
283722733
1864845078
1016120875
479959100
1350830361
2514408018
3996696631
2062553816
3169086213
231985998
3165271299
2468890932
2892223921
1721288202
1807577231
4052227920
3290199325
3154765446
25788123
1073944876
4053087561
3960025282
1760570343
1331210952
153993781
2851758270
3605660595
2213537828
4115302369
1811870330
3197260351
41135424
574665293
3992068598
3757253515
3090060828
2466393465
3324308274
3180413847
455540408
3398018405
1205471790
2226667107
1039860500
1980139025
2944531178
881221615
2474409776
2210986877
1421277542
2411246651
2114785036
317583785
1576599970
624363335
2260340392
1741362325
841600926
2069882131
3625490948
3508195393
2747850586
705993119
1491176736
703090861
2448387286
1870999787
2186118140
1681621465
2064413714
2344384247
3459308184
1216679877
1029746958
4008441795
1490529524
1439327857
20619210
108527439
312596240
1855042013
150109254
885234075
2640245996
3196968457
3802546818
1069322919
2976539272
84580085
934653566
1109882483
2793880548
806897825
905854010
3953889535
2088525056
4101512973
1322723254
2610884171
2138071516
3460826681
3352128754
2727500375
1678091896
2523834917
1495255022
3063767331
2000045780
2563208913
3589977258
1718242991
1039146736
3608057917
2591321894
386019067
2691746508
3834444393
994636642
3629698567
2103551592
2256816469
3008757086
479770579
1085525444
89846017
181864730
506411103
3661372640
3666353517
878793366
2157468587
806301628
658487961
2610943442
2011884983
3902628440
534672517
2714717902
2200205955
680448180
1477818161
66730378
2234863119
2690602704
2614603421
3874804230
3368842331
96112812
3238217417
85529666
988002663
3566721608
2647665589
969063486
3893078323
4095102884
268093793
1720403450
2289536959
2602093760
3232779213
1850076534
2798221579
2426531228
289054457
3250302642
2912825623
2750418488
1550610149
3123135918
3889775587
4166601364
2026710929
3178311274
1068563823
2162654896
663024893
3895174374
1215982011
3350480524
3691561769
3108939042
3744814279
3708091944
143015445
4222872350
1842891411
170312068
3675247041
3914527450
2640090911
2752146592
394832429
1144846422
42616427
429955964
2052109145
3780704146
293872759
435530264
3484457285
3772755086
1679015235
1846391924
2886060017
2425852746
515202255
3800077968
1890478941
3016812486
6557467
1557523564
162885513
2904663554
1764073511
4171305480
2420015221
3319892478
1666620403
3361547108
3182561825
2405830586
2075545215
2517171328
3685300365
436106038
4096967627
3213048156
2627336121
2108665970
2641676247
178664952
155382693
4038099822
1663821475
220466772
1859622993
1738893354
1461349423
2216861296
4192997821
2073860774
3336660091
3080159820
1780567017
298456802
2827787143
3311670760
177271509
17012958
1776196947
1882289476
3673780865
2969345178
3999053279
3456924768
2510943981
1866620438
1209725227
4072785724
4264455193
4126660946
2001214263
1912189400
2763750917
1615972942
1014611971
1427396660
173709489
2295508234
3384290191
3771045456
3520456733
2370223494
3729418715
1181812780
1768183881
4102027202
2571257575
491129288
1494586677
2983335870
248008371
1058780964
570297057
38705530
1814547775
1695345728
1512236365
3753949430
916115083
2681488668
1898319993
2238280242
4040564375
2280136120
1236416613
1115390254
861227363
3243676180
2477181201
2522309098
57055983
794918448
2466508413
1384599654
4109836091
4091182604
3214316713
1048266914
1662952007
373222824
1768187797
2030372510
3412832275
1855187204
1305989953
2475951706
401577119
805456928
3383493549
590447574
1678400491
791851772
328787161
1128037138
2281099767
3228137880
2881430213
1172678670
1997963971
3378691060
3956550001
2389411530
1023261263
1659786768
1678648541
1360417606
624919707
642507756
1892679945
3035892098
1509535143
38191496
890595829
2471781758
86032755
873597668
3852389281
3506758458
3230403583
3219430400
282939917
223133366
3770784075
2236944604
1335814457
581497842
3867293015
3413493112
2323266853
3041410798
588606499
3769685460
3220879825
3410434986
1532332463
711204336
4153183037
715900454
4118518267
3225237964
3441991017
4179769954
4255869191
1867875688
3250625621
3648533598
222266067
3238927556
1013642241
2195271706
3772068703
1638652896
3897479277
2378852758
689473195
45309628
3679460761
4075216082
3796912311
2500133208
2977662853
2002470350
1051329923
1991827380
2301786673
52568202
4014344463
4038776272
2350326173
2634000646
1476616027
539393964
1891133897
2285755202
4195079271
660814152
553516725
3223876414
555742259
1124081316
1901349985
3444108538
2678262463
508562368
2493021901
2959246454
627516427
2210765980
3099886073
1596863922
2100890647
1158622520
4166713829
248954030
3173797603
4143110548
2358471313
1211405674
900151407
3706355120
3964004349
2177498086
2871973051
545240460
1133995561
3145657378
653455303
812113192
1885704469
1478304286
1780094355
3814723716
1869796545
814488026
3486355999
3133746080
3864157485
2630684502
704999787
1627638396
907286105
4004970130
3843325815
1066158360
1118874693
2591204238
2113161283
3369517940
3677719281
146176586
391190479
3521844624
1857085021
3468869318
3109419547
398515052
2044564105
3357371650
2285419303
3428544776
3650048885
1309556990
4253411059
3349541476
3990785313
2296035002
4029467007
3088006016
974416781
2529298998
4148915915
1860560988
3981892281
79247218
1941611223
611603704
2148828837
3571907182
1280962979
1339858260
1378933585
249548586
689678127
1857330544
4126147773
2510418342
3100692347
3630297420
2476928745
3209780706
1303721607
2033579240
2450736597
3937652702
3703269459
290047044
1873769857
242008986
731427039
1394228064
2021042669
4260984086
3113294891
4259575356
3299135257
3765231698
2936239671
3485421784
2887684357
350994766
3753200387
3950798644
2594003889
2162725898
2883511951
239015248
4036713245
69178502
1274500315
2967140140
1560247113
2387787458
3544211943
4042221768
3683215413
314953406
4111636915
3720578596
1140690401
1434075258
1491683391
2229414720
370219085
1311461366
154040715
3665163292
3994415993
2634676530
1220999575
1499806904
3462843237
1295579182
3680392291
4146995476
697502737
3775449322
2356336111
3347217712
1498079613
1676912486
2166458939
1805905164
3993712553
4267282338
2696035655
696241320
59357845
1190935966
535001875
1183528964
2246104641
1312501082
4210462623
39783200
326874797
521116374
3933964011
1293148668
3888269273
835224082
517811447
358488216
4203034053
210149134
3467447747
3395930868
1076489329
225996234
1672443215
1836504336
3063322589
450243142
3534188443
1328861932
2866684937
3030241410
1776470183
1423909000
1672232181
2752453758
579210355
1629018596
477187745
1156024890
1083737855
1015601920
4249781517
610162102
3452978251
439730140
2076298297
1910536946
991826007
2476860536
1343344677
2106373614
888764195
3097978068
3950640337
1081049770
1986839727
2400460016
454458941
2860457254
652281083
503687372
1133527145
844595554
246023175
3775226984
1636364117
3803605854
2924629459
1055157188
3133601537
3786888986
78065247
1616354016
3961619309
768573590
2407838123
2186513852
3224141977
210363346
3546391479
2687017048
4205091461
1728265422
1973129347
291434164
77282609
270927754
3045245967
2001884368
627217565
2963701766
3492170331
378433196
3023670473
3569263170
2598367079
2011863112
1857540533
1470769726
1621114675
3982880164
3757690721
685937658
3455747519
1455639232
2223813069
656087926
2012270347
1105546140
387605753
2365373618
1233118999
1122651192
836080869
732050350
3823852003
537421972
816164241
1859386474
3184096111
757693616
1235709
3875820262
2362392507
4081525900
1156712745
3574280994
1180469959
4287020072
147907605
4087503134
3267879059
1981112196
3609319361
2057388250
3479866655
3301173920
4146597933
402204246
996973675
2439182716
782465369
1517356434
726719095
3219056664
960282437
3391199886
3208696643
740020852
3769716209
2863751498
3625505487
1938920592
1639928157
592483782
2268325147
3936864876
2312222089
1215640578
1962399271
2580664328
3110872693
1129773054
1243689459
3731538276
3075936289
2469092794
3889120383
189889152
9150093
606183734
4199553483
625252188
14663097
3089022578
850165207
2533258232
1618090405
3711529326
854850723
2031168596
1372986961
1844852266
4182303279
3380780144
2365585341
1464027302
1437350523
2938658892
1659933161
540320994
3062485383
2764297192
371300565
1870661342
1476670291
668865348
1672575105
2327374490
2717952991
1197734496
3914292461
2337049622
1089685291
771892540
3555144217
3309168466
1164628279
2218848216
51225605
2611066958
1448924675
1180726836
2368478897
3201989386
3258032527
1777636432
1349307933
2425645958
4203757531
1866524204
4234583625
696354242
3337256167
3126118344
3230219061
1020626366
969467059
1340560676
2336821473
3582060410
886489919
1374906944
2248887117
2838619894
128853131
1477681948
970053241
2097578034
1969476759
2141084600
2292670053
3625086766
752050019
3481382932
1741377297
4288032746
2141917423
1272937520
111006845
4177264230
3828872507
3580451852
3461077673
227792546
2381436999
2960960424
1715146133
202339486
684148243
1342080772
2838878529
1136546906
2200537759
3220687392
928475565
4119441878
3000545771
3421573372
280472281
3065022738
7309303
3171858328
1691830469
21206542
2779748547
1273813492
2194386801
3999356106
713896015
574313488
2519403229
3593601350
3975895707
135905772
2629322505
1369675650
527950759
2570289032
3234795509
3655717758
1247238003
496740580
76534177
27668794
466682367
3798538752
3922442253
67890358
315289419
772959964
2192617273
628359666
1348856663
2894726008
389374757
569191662
2622063139
4011455444
1262829521
2775837098
1739587503
1543511024
1907126589
2314105894
1530032123
2848593868
2009326441
1458096226
3142885127
3262202728
2514305621
1058054750
2949716179
2855713476
2960062977
2540797466
967125343
3326040544
369112685
2221971350
1675418795
2666511548
97837977
1485368018
4213112503
4194844504
727297413
3771151310
3623426947
3900767668
4199546929
2600857226
2280357647
606458832
2545551261
2447988486
3778360667
3639762348
3146166217
1520134466
3445623399
3056465736
3070076085
1883758910
1452050995
3813129380
2347455073
3914873594
3279814847
879921600
3230459085
1114616438
1315338763
3137403548
1547454457
3139912626
3262300695
2374069048
953952229
2156505774
202794211
1671034772
2500063377
2706334570
2283253359
1638169520
2464927229
2279254502
2640030395
805999500
270052393
1978890786
3983680967
979475240
29898517
1044615198
669100947
2990976644
1109187265
932341722
1278445599
2985994656
2047460141
633421142
3871328107
2596153468
2482953305
2491878546
2486777207
2330822424
3813986885
3756822926
3623444035
2279399796
3967357169
3867691082
286035407
3077837712
2044314717
561671366
436064283
3314202988
1771165833
2653485826
3747803431
1359228680
1607793013
364621566
4180180211
4239102052
1243321121
509084858
312328063
2144319872
1594806669
840775734
2906703051
3533653596
120889529
132138354
2320128215
1380225784
3663441061
2041047150
3338274723
2025962324
2647089489
4108885290
2007113007
2223807344
4011584189
813735846
1299424635
736808780
134886633
2759060450
2466933895
940421864
3334204373
4285021662
2344156755
2750308932
3875502977
2514555290
26519263
2599008608
406065133
2268832534
2386653739
1931236412
1542821145
342552146
3934137399
2139000536
3649615621
1685303118
1349542147
1438680372
302440881
2997379594
3165674639
3823506256
558514461
2728739462
2585078491
1906496812
2006565193
906775746
608212967
1769350856
940903989
2684435646
2364223411
2240226340
669029345
4066741882
2951757375
3158354240
3658579533
1624538614
3793342347
145576476
2220472697
2506032946
648851351
3935533752
2826170725
1393026606
3618925155
978403092
2119143953
1644140266
2366589935
2893577008
3405563773
2174768486
3459932219
556452620
2421718441
3693747618
3671946055
2603977384
3245891733
943631262
2518094099
2062407172
3889617985
3827137370
1619559839
1489799456
1698634925
379570390
1830935787
2613723132
3195604441
1106546706
3702383351
2809878168
448093125
2484899086
2887656387
1038870772
3820581489
2703637450
1100409679
1899746064
852196829
4079605830
607864219
1090171116
1985899017
4228210306
716766887
3208896136
2088624885
2765654654
747938419
1503295460
3455734945
2000738362
37059839
2709870848
106228493
475366326
1605474891
2968198620
2490077753
2908981490
3596207703
103686776
266663461
308913134
151358755
1946714836
257721041
1783910570
3743365807
2166889200
726557757
955894566
1114626811
1401587404
2579727977
3604352866
3014343175
60367464
2394789205
1585895774
3250316243
4077193668
1298332929
336045338
802104415
2204309728
2515200365
28159638
1445005227
1216867260
3695789721
1189343698
159930807
2460212824
1939521669
1420241614
365078147
3961457844
2588984113
331470218
377502223
3879031504
320699037
2965908998
993009755
1465011372
3063927497
2312384578
1099703655
3526186568
701462453
2046924862
3001341235
346393508
2770916705
2125062650
808287167
2807941312
2023299021
1918912886
1489511691
3742935452
3089771257
1504561842
2551291159
349473336
1030666981
2106401198
3853348835
2980546196
3920507793
1336330858
1150413167
1784380080
3570450685
3561816294
2362709435
3335127692
3574288169
238534946
3425943751
3505945128
2336983573
2818623262
1231517331
2280914308
3764641217
3613363930
4129850143
1919772832
2667017773
908416086
3690918507
1830115196
2519088985
217650066
3486355575
2427987480
1895359813
1272154254
2015226179
3424252020
780981233
742076234
1915504847
2375193232
3875551069
960512966
565426971
2557061228
1226701705
960020994
2004487207
3790769672
4241083509
893150718
3130771443
308830052
3593213473
2590026682
546847359
92928128
2241725581
817155894
3223154635
1727395164
810910649
1677577330
714355671
1179038200
500252581
439508846
3094090403
1055803988
1711580241
330761258
1411864623
2412943984
1279516093
2438592166
1344737403
1051278924
3002062825
3155112674
2469857159
588485096
3554819797
174879966
668584275
1970975044
697925249
2682599578
4199850463
1034647648
891601645
1640413718
1367055659
3174204220
2362439705
1039398226
1312655159
2977443288
1603258885
3747718734
2112875523
161256500
1496163505
3427944714
1264261007
1813221968
2469639197
2857507206
3666220507
2818622508
4271432777
603132866
2604839655
3998451144
1915543861
2890462142
2658761395
1856172836
1237587681
472200570
2050341183
3016353856
1109635405
3843233014
1215396491
3695378716
4256013433
1444122162
211913367
2319751608
1573684325
773414190
2348905827
664587796
2636109073
2017787370
1688176367
3645733424
3597122173
1843440742
4012428091
1055406604
1680941225
3659293858
930418247
3651824040
1161933717
998892190
399694867
3076072708
1908662081
2673386074
1125351583
3168618528
3442659245
4065451990
3377924075
2896129788
554070233
1133811474
1670921719
3299079576
1277128389
890340366
2448993987
2422667252
2465412465
2512855754
1489806927
1249399312
3161977053
3787304774
677851291
3923222508
1741720841
599991682
1000741287
3071294856
3333993973
1961312638
2034101619
85280484
2830161825
364347194
2747660287
1776130048
2196381197
3711638198
1686390091
2462043356
3773986105
2041516018
2096734551
2425241976
1780517157
3204586222
724408355
930288084
1740621265
4279285674
2361030063
4002159088
2013026109
664871462
2358855163
189199820
3650038121
572479074
2813187335
2491220328
2083121237
2971209822
2484252371
156195012
3248685057
3346648090
2535792479
2277693408
2615254125
361153942
374420139
1864112828
1938401689
1201338578
2929570999
1509653848
57136005
849551822
3740807555
205069236
345867825
3931749514
289469711
2961232336
3347901853
2101544198
2383874907
2175679404
3582260681
3530094402
2808365159
3152590152
4146940597
3839315774
631840819
1904171684
1538414689
1490520314
3288921791
2676295616
3702606541
653058166
1192611851
2653706396
1524895225
3633336754
2052880407
3370363192
1871531493
2460784814
548436707
4197520788
1587836561
3923390826
2738365551
927889840
4123112445
1012619238
188252347
2810540428
3284791849
232261666
2460048327
3008059688
3579501845
2698640926
3612950931
3877457028
3791052993
3389568474
2101968415
4129040288
2515609901
3106237270
3408534891
4167599740
1696178777
868686482
2383276919
3242116376
304674885
2111209358
1336833091
3906142068
3605829361
3955889738
2876769231
3857518992
3643976285
3668056774
1314235931
1397004140
1484136073
2309261570
3980207911
1016917256
3226115957
299441406
1048253171
262221412
2340985121
2001031866
3250500991
2357213056
2755213197
2414372406
3806730955
3527976028
2890032825
1014453106
3280604887
1661260024
1523765925
785962606
3075087779
3147225428
3666732881
979462954
1054380847
3679754608
3564622013
3922677158
231111547
3613633868
2476833513
3607525858
1729077895
1440051432
1838453205
9219038
3697710163
2357395524
1535082881
415588250
1010867423
531183456
1881241069
2330841366
983681067
4232360508
2524338969
2983787602
547938871
170773720
3307396357
2087427406
2396747523
1374987060
2459985841
2077765642
506581647
4068282704
3593021213
396030086
1810039003
39498540
3244558153
1664473794
3689991655
955049160
2664477749
3517754046
510903731
4214932004
552835553
3267419258
1135031359
680470336
3997295693
2783816694
3937740171
3268718620
3587014521
790893874
3611452823
1320270008
3635484517
3645297710
4189749347
2271501588
4097579025
2993054954
3059466735
3260971312
1490988413
767361894
4144182843
513911052
2044052393
2003479458
1404610887
1541097640
563545749
2247170462
1576707859
4114641924
1996284481
3849308506
3670703007
3693741856
2670887597
4171232982
2004366059
4000357884
1751110617
730897938
1160681719
76059800
689275333
1411545870
121584067
861800180
3229153393
1011091914
539910479
2649805072
1664115677
300779078
2843679643
4071657196
2702094345
954002562
37696679
1889049736
3481241845
3121739902
3763550323
269227492
3300088481
1292510778
2961339135
728880896
2408272141
3065819574
3510825035
3281026012
2554681401
4199978738
4098194519
1001021560
1441274917
2545324526
2999034659
693739732
2221869265
3551076010
545370287
2485917936
2276870717
3320084774
3920539899
3237962956
1730595945
2831457634
1197240327
1696391272
2384608085
2798077790
3604314579
3709183940
1026491137
566752026
531044959
3277756128
1474580333
805035158
1416453547
44845500
4220914841
3400400850
2589921207
1074732120
180414085
3938130126
3818503299
953100980
2570471729
2395841418
674082831
1879593168
3842531485
1733942278
2313811547
1208363692
1211504841
2757344834
2934463335
1667241032
1326914997
550045246
1591307059
3923061156
3750222689
3890294778
789606847
216549056
483753421
3491067766
3377429259
3896248220
1953100025
2815350962
424891159
2578368568
4281852133
803737518
1830782435
758555796
602323345
3756628074
1409965935
3095230640
633251581
805678822
3364416443
3258769548
206869801
3839119138
4038784711
3512350760
267792405
2563716382
2176257171
3217202052
1993728961
2140003546
2442557727
755426976
2398542893
515998294
1681999979
750237052
819529049
2029068690
2130331255
209806360
4142205765
3858069134
246087491
3456634484
362306033
2503277898
1827651279
2961412240
2154896733
1973416390
1340313883
3860563564
3348775305
4285288450
4037820967
1359170568
3663164021
462541822
885415411
3830840676
2586909729
621148602
2786144383
78804608
3940575885
3216506166
3315254731
77026140
2868595129
21813874
86763991
2558455800
3244320165
664489326
1939089571
3736823892
727919185
3639071274
3887451695
1460836464
3082273725
2850071718
911337083
3860470860
3659472361
1700380898
3197386119
3226685416
3285378261
1372119774
1499422547
3641134916
2897314945
1887536794
2002294751
820180576
4180289773
1924196374
4189319979
542302524
2833825305
3759801170
297811255
2040490968
977399813
2878444622
858980867
516469300
3999214257
825890570
3845426575
1730318416
438999581
1518323590
4264291291
1890624044
4026214985
1674879426
2521491687
960644040
3993012021
2150392254
3168407731
458133796
3715046625
1446544250
3158617919
177235520
241964877
325337846
2028261515
2892128028
1018782329
2425396274
915357847
668653496
1226943077
3297790766
3504311139
1235741716
3013892881
2154023914
843316463
1470855216
2187436157
825580134
2513019195
2958497804
21391017
605352610
3752346695
298330024
2256034197
2272546974
411988499
614712068
662824257
644018266
3618469535
2796733984
188626349
2575961558
663051755
1363004668
3297064665
1776854290
829486071
1462317976
3784807621
1632596494
3153183939
382801396
2622143345
77394122
1203510351
1537560592
1458886365
4089011526
1468204699
1267039724
1377358601
2874323842
780423079
3688692616
3335674869
3831017342
299139955
1786701028
1375853985
2369310010
3630886399
3594655232
1547207693
416958646
1441635147
861743836
3932437305
2673483250
3963443031
4152524664
54243109
210176238
1338093091
968634324
2506771409
1478329770
1249176495
1644697584
2323397949
2210648102
162536443
1689506764
1921675113
3670402146
1119292167
1702412136
4104556117
2945547870
973358291
1582823108
4026992129
2465339930
2035619167
641095136
4193452653
3238851478
3228928171
4080564412
2758700953
1075644114
2093771447
887012184
3114662277
3975090126
3550955395
1642150324
1478167601
1897761418
189164303
365678544
2609894301
3742151430
3735609691
2589596076
1051933641
1873184066
135820903
3096671048
1636626613
2648096062
242595379
1839659172
1621712481
2613499642
558099647
3750200768
1761980621
3722055286
2406819339
2907158172
884724729
929652658
620113431
2000021304
477000677
3309274798
2063241443
985150356
1769274513
2715090794
118004335
3722999728
2496109053
525075942
1959089851
116412300
3735762985
53253666
2525008327
455415592
1797096213
4292897822
4169193363
31713924
3472942785
1743717338
3809440799
120432032
3121123117
3606681942
1464103787
4194493564
694446169
1282877586
1385341303
1652556568
1328356933
4096814478
1695779395
1807293812
445652209
2558256202
1720941007
3713404816
213618781
2050607302
3596450843
1089369452
3330958473
177215234
835149095
254126856
2062566773
3261500158
1300080883
2156317796
841326369
329425082
