4193333561
2575735794
2830351703
2888412536
1242367269
1936484078
450589731
619658708
1016463825
98157482
733483439
1234503152
2977452861
357887526
771924475
877175244
1697441129
1846141538
2724131079
2627956072
3240453205
2168872030
2661780179
1585874116
1559772161
2092292122
3824794463
1622590432
3696007277
2539491734
797019819
4147693244
2508613017
274236626
302370999
2641160536
758271877
458452430
1513360771
2750105524
305250865
3066611850
3719074063
773832144
2259085725
670880006
751724379
2611341228
2711663049
2562294594
